9.9982E-05 9.9982E-05 0.0852959 0.0385153 0.875989
9.9973E-05 0.0261336 9.9973E-05 9.9973E-05 0.973567
0.110945 9.9991E-05 0.0421829 0.0404426 0.80633
0.0348952 9.9991E-05 0.114957 0.0754411 0.774607
0.0371229 9.9991E-05 0.0421999 0.0460365 0.874541
0.0760974 0.143229 0.123867 0.0374771 0.61933
0.0115309 0.058943 0.0794219 9.9991E-05 0.850004
0.0187371 0.0776327 0.141218 9.9991E-05 0.762312
9.9982E-05 0.102246 0.0911866 9.9982E-05 0.806367
0.0495409 0.0214096 0.118435 0.11015 0.700464
9.9982E-05 0.0853014 0.146089 9.9982E-05 0.768409
0.295084 0.129626 0.475487 0.0997027 9.9991E-05
0.566551 0.0141017 0.313276 0.101989 0.0040821
0.271291 0.097878 0.523981 0.0765374 0.0303128
0.361127 0.0255173 0.401218 0.13809 0.0740474
0.394245 0.110127 0.197395 0.137988 0.160245
0.593967 0.0982369 0.114261 0.162665 0.0308703
0.430189 0.200152 0.2092 0.152217 0.00824209
0.337077 0.0709468 0.356167 0.125301 0.110508
0.0223702 0.19471 0.679059 0.0819175 0.0219434
0.38633 0.139227 0.299542 0.174801 9.9991E-05
0.45963 0.185834 0.206641 0.0975054 0.0503897
0.656154 0.102531 0.194422 0.0320214 0.0148717
0.353864 0.237139 0.309113 0.0997845 9.9991E-05
0.631384 0.0720792 0.11848 0.081924 0.096133
0.498478 0.0836414 0.289353 0.128428 9.9991E-05
0.217826 0.100044 0.531423 0.115957 0.034751
0.182089 0.0974503 0.455284 0.265077 9.9991E-05
0.221423 0.184352 0.525267 0.0626154 0.00634198
0.153069 9.9982E-05 9.9982E-05 0.021426 0.825305
0.172469 9.9973E-05 9.9973E-05 9.9973E-05 0.827231
0.152124 9.9982E-05 9.9982E-05 0.0240546 0.823622
0.176031 9.9982E-05 9.9982E-05 0.0649879 0.758781
0.642968 0.148999 0.119695 9.9991E-05 0.0882381
0.569443 0.193621 0.0876527 0.0553769 0.0939067
0.723134 0.198909 9.9982E-05 9.9982E-05 0.0777568
0.233233 0.0526709 0.591676 0.0398459 0.0825741
0.499558 0.44469 0.0555516 9.9982E-05 9.9982E-05
0.563827 0.0264631 0.260539 0.0955106 0.0536607
0.780827 0.115489 0.0119425 0.0281606 0.0635814
0.651859 0.160814 0.0286194 9.9991E-05 0.158608
0.742019 0.0299992 0.070324 9.9991E-05 0.157558
0.323962 0.442761 0.198493 9.9991E-05 0.0346848
0.591335 0.200048 0.0313298 0.114253 0.0630334
0.674523 0.0926454 0.0834604 0.0802676 0.0691033
0.549827 0.0541007 0.0416938 0.173697 0.180681
0.537792 0.458437 0.00357077 9.9982E-05 9.9982E-05
0.828685 0.129155 0.0419598 9.9982E-05 9.9982E-05
0.550697 0.0901988 0.0801604 0.13323 0.145714
9.9982E-05 0.883299 0.0533336 9.9982E-05 0.0631679
0.159448 0.312038 0.492759 0.0356548 9.9991E-05
0.0908111 0.574894 0.249821 0.0574045 0.0270689
0.487542 0.164527 0.120241 0.096954 0.130736
0.615102 0.120509 0.0705619 0.111302 0.0825248
0.58503 0.133928 0.133771 0.137428 0.00984289
0.270174 0.221238 0.427731 9.9991E-05 0.0807567
0.621547 0.157685 0.184032 0.036636 9.9991E-05
0.63832 0.0337897 0.18383 0.0886214 0.0554391
0.415203 0.282427 0.17351 9.9991E-05 0.128759
0.0314579 0.27054 0.387697 0.106025 0.20428
0.506518 0.242145 0.116854 0.0829806 0.0515025
0.430138 0.117979 0.33521 0.0731989 0.0434731
0.0757489 0.265004 0.603711 9.9991E-05 0.055437
0.502149 0.164843 0.245164 0.0877442 9.9991E-05
0.684839 0.128152 0.0372961 0.0546664 0.0950465
0.539411 0.059855 0.223192 0.126028 0.0515147
0.285902 0.332808 0.221521 0.0986859 0.0610836
0.520152 0.0822593 0.303764 0.0937245 9.9991E-05
0.621403 0.117478 0.134674 0.0666184 0.0598271
0.269828 0.254629 0.444051 9.9991E-05 0.0313932
0.698503 0.22985 0.0714464 9.9982E-05 9.9982E-05
0.376799 0.417476 0.205524 9.9982E-05 9.9982E-05
0.516773 0.225394 0.0257841 0.0843913 0.147658
0.1529 0.800658 0.0462419 9.9982E-05 9.9982E-05
0.174195 0.740492 0.0851131 9.9982E-05 9.9982E-05
0.420379 0.541497 0.0379237 9.9982E-05 9.9982E-05
0.607426 0.249308 0.126231 9.9991E-05 0.0169356
0.508533 0.111057 0.187711 0.146436 0.0462638
0.544117 0.241601 0.146393 0.0499894 0.0178998
0.389028 0.303957 0.276907 9.9991E-05 0.0300077
0.369119 0.291968 0.338712 9.9982E-05 9.9982E-05
0.55166 0.219728 0.0258843 0.150061 0.0526662
0.42712 0.44895 0.0597656 0.0640646 9.9991E-05
0.540857 0.284518 0.136582 9.9991E-05 0.0379418
0.521146 0.478554 9.9973E-05 9.9973E-05 9.9973E-05
0.116544 0.811549 0.0612197 0.0105881 9.9991E-05
0.623686 0.173599 0.0833951 0.11922 9.9991E-05
0.137119 9.9982E-05 0.0476021 9.9982E-05 0.815079
0.0997912 9.9973E-05 9.9973E-05 9.9973E-05 0.899909
0.0762003 9.9982E-05 9.9982E-05 0.0735471 0.850053
0.0610158 0.0304804 9.9982E-05 9.9982E-05 0.908304
0.115272 9.9973E-05 9.9973E-05 9.9973E-05 0.884428
0.0466797 0.0150206 9.9991E-05 0.0418313 0.896368
0.0601099 9.9973E-05 9.9973E-05 9.9973E-05 0.93959
0.633458 0.0984148 0.109634 0.0477435 0.110749
0.699064 0.0438738 0.0522056 0.0791234 0.125733
0.212461 0.63894 0.148399 9.9982E-05 9.9982E-05
0.502901 0.255861 0.0223639 0.129253 0.089621
0.591752 0.193188 0.189344 9.9991E-05 0.0256165
0.672376 0.177969 0.031724 9.9991E-05 0.117832
0.633286 0.291657 9.9982E-05 9.9982E-05 0.0748575
0.61517 0.287968 0.0139186 0.0698618 0.013082
0.147398 0.549404 0.294907 9.9991E-05 0.00819044
0.469899 0.202451 0.0844388 0.119158 0.124054
0.803458 0.11231 0.0703705 0.00566026 0.00820105
0.584977 0.0445646 0.167716 0.125182 0.0775601
0.414858 0.564437 0.00759892 0.0130058 9.9991E-05
0.630749 0.342427 9.9982E-05 0.0266241 9.9982E-05
0.608166 0.198378 0.137518 9.9991E-05 0.0558374
0.431805 0.46176 0.0259005 0.0804343 9.9991E-05
0.607486 0.190441 0.155562 9.9991E-05 0.0464112
0.670325 0.119715 0.0532876 0.00862554 0.148047
0.280503 0.30707 0.293504 0.0963729 0.02255
0.437963 0.0145297 0.352501 0.0959315 0.0990745
0.540602 0.0202348 0.219908 0.118172 0.101083
0.511256 0.146946 0.107262 0.120873 0.113663
0.605375 9.9982E-05 0.324344 9.9982E-05 0.0700811
0.649448 0.0304693 0.240898 0.0732234 0.00596146
0.459662 0.0757669 0.373473 0.0909983 9.9991E-05
0.495264 0.220382 0.151194 0.0334285 0.0997318
0.557839 0.101107 0.224347 0.109799 0.0069082
0.67192 0.164978 0.0687276 9.9991E-05 0.0942744
0.603604 9.9973E-05 0.396096 9.9973E-05 9.9973E-05
0.699151 0.104212 0.0812478 0.0444442 0.0709453
0.534371 0.120442 0.120159 0.138873 0.0861556
0.638889 9.9982E-05 0.274348 0.0865626 9.9982E-05
0.576854 0.12453 0.0718993 0.0643093 0.162407
0.526724 0.0827356 0.269922 0.111917 0.00870135
0.375167 0.174095 0.267535 0.0735032 0.109701
0.728911 0.0363739 0.167528 0.067087 9.9991E-05
0.653465 9.9991E-05 0.231724 0.0855325 0.0291781
0.26895 0.163192 0.440757 0.112164 0.0149362
0.179422 0.401627 0.272059 0.127144 0.0197479
0.611382 0.0581174 0.225595 0.0668034 0.0381031
0.17526 0.504536 0.2725 0.0476042 9.9991E-05
0.335397 0.202697 0.393203 9.9991E-05 0.0686024
0.512367 0.153177 0.334256 9.9982E-05 9.9982E-05
0.432168 0.0604791 0.500276 9.9991E-05 0.00697753
0.305081 0.0869339 0.490678 0.0838077 0.0334997
0.628434 0.0702033 0.161654 0.0725166 0.0671924
0.649129 9.9991E-05 0.191268 0.0312831 0.128219
0.586164 9.9991E-05 0.216547 0.0616982 0.135491
0.11539 0.371744 0.371648 0.141119 9.9991E-05
0.505953 0.206351 0.101989 0.0816836 0.104024
0.539918 0.323017 0.0175521 0.0664881 0.0530251
9.9991E-05 0.652851 0.14104 0.0220583 0.183951
0.684376 0.1051 9.9991E-05 0.0577218 0.152703
0.322044 0.432759 0.026325 0.122513 0.0963591
0.557339 0.236521 0.0264905 0.0975227 0.0821277
0.273027 0.486877 0.13151 0.0156277 0.0929577
0.256375 0.460224 0.179416 9.9991E-05 0.103885
0.541644 0.294635 0.121422 9.9991E-05 0.0421992
0.491549 0.122614 0.117824 0.171286 0.0967269
0.440438 0.183998 0.191559 0.0811678 0.102838
0.0715447 0.60841 0.0819043 0.138316 0.0998248
0.482415 0.247269 0.0531416 0.096756 0.120418
0.430909 0.399236 0.169654 9.9982E-05 9.9982E-05
0.477414 0.402039 0.0788587 0.0415886 9.9991E-05
0.526061 0.219976 0.0557356 0.074685 0.123542
0.102841 0.232062 0.0284139 0.333738 0.302946
9.9982E-05 0.208338 9.9982E-05 0.188937 0.602525
9.9982E-05 0.318713 9.9982E-05 0.190423 0.490665
0.0322371 0.135144 0.0215946 0.400497 0.410528
0.678357 0.242548 0.0349142 0.0440812 9.9991E-05
0.651434 0.15134 0.058527 0.109853 0.0288455
0.260381 9.9982E-05 0.00934792 0.730071 9.9982E-05
0.315988 9.9991E-05 0.153687 0.52335 0.00687545
0.341977 0.111661 9.9991E-05 0.468011 0.0782514
0.256014 0.583548 9.9991E-05 0.119999 0.0403388
0.373647 0.334402 0.109244 0.136463 0.0462447
0.184429 0.699404 0.0427025 0.0490258 0.0244386
0.553477 0.265219 0.0839672 0.0895834 0.00775329
0.509895 0.356047 0.0350886 0.0656021 0.0333673
0.544815 0.243895 0.0120201 0.155518 0.0437519
0.204562 0.664816 0.0525865 0.0297961 0.0482387
0.609019 0.132421 0.0478096 0.129734 0.0810171
0.591149 0.314513 9.9991E-05 0.0230054 0.071233
0.00394559 0.00297605 9.9982E-05 0.992878 9.9982E-05
0.0830308 9.9973E-05 9.9973E-05 0.916669 9.9973E-05
0.206042 0.11144 0.00321027 0.6288 0.0505077
0.253472 9.9991E-05 0.0126872 0.716856 0.016885
0.124722 9.9982E-05 9.9982E-05 0.855377 0.0197012
9.997E-05 9.997E-05 9.997E-05 0.9996 9.997E-05
9.9973E-05 9.9973E-05 0.0234088 0.976291 9.9973E-05
0.158115 9.9973E-05 9.9973E-05 0.841585 9.9973E-05
9.9973E-05 9.9973E-05 0.0307501 0.96895 9.9973E-05
9.997E-05 9.997E-05 9.997E-05 0.9996 9.997E-05
9.997E-05 9.997E-05 9.997E-05 0.9996 9.997E-05
0.176604 9.9991E-05 0.0268904 0.762991 0.0334147
0.100028 9.9991E-05 0.0108901 0.857393 0.0315889
9.9973E-05 9.9973E-05 0.0197387 0.979961 9.9973E-05
0.321074 0.0527206 0.0826989 0.402413 0.141093
0.323085 9.9991E-05 0.0264378 0.612936 0.0374404
0.160036 9.9991E-05 0.0491392 0.737157 0.0535678
0.0286002 9.9982E-05 0.057827 0.913373 9.9982E-05
0.0416672 9.9982E-05 9.9982E-05 0.954429 0.0037037
0.0146733 9.9991E-05 0.0027156 0.928053 0.0544582
9.997E-05 9.997E-05 9.997E-05 0.9996 9.997E-05
0.278971 9.9991E-05 0.0716538 0.619725 0.0295504
0.039295 0.0545652 0.0132777 0.892762 9.9991E-05
9.9982E-05 0.551822 9.9982E-05 0.091639 0.356339
0.36468 0.209343 0.117819 0.119815 0.188343
0.367375 0.213138 0.0635064 0.124292 0.231688
0.0956365 0.462361 9.9991E-05 0.179568 0.262335
0.458577 0.139328 0.0641077 0.15 0.187988
0.206806 0.374331 9.9991E-05 0.150518 0.268244
0.48743 0.145602 9.9991E-05 0.182358 0.18451
0.256884 0.360648 9.9991E-05 0.278053 0.104315
0.515854 0.205254 9.9991E-05 0.0792871 0.199505
0.307809 0.279478 9.9991E-05 0.258212 0.154401
0.499672 0.151878 9.9991E-05 0.0654176 0.282932
0.0198464 0.0626896 0.0750295 9.9991E-05 0.842335
9.9982E-05 0.0382213 9.9982E-05 0.0507323 0.910846
9.9973E-05 0.0492565 9.9973E-05 9.9973E-05 0.950444
0.0159366 9.9982E-05 0.0301218 9.9982E-05 0.953742
0.0100671 9.9991E-05 0.112961 0.0478009 0.829071
9.9982E-05 0.0269166 9.9982E-05 0.0859741 0.886909
0.0480294 9.9982E-05 9.9982E-05 0.0754162 0.876354
0.00648378 0.0451051 0.0495008 0.0294185 0.869492
0.0430119 9.9991E-05 0.0167913 0.0308764 0.90922
0.01077 0.0007905 0.0209452 0.0938291 0.873665
9.9982E-05 0.153415 0.226325 9.9982E-05 0.62006
9.9982E-05 0.00899036 0.393712 9.9982E-05 0.597098
9.9982E-05 0.114319 0.35768 9.9982E-05 0.5278
9.9982E-05 0.151768 0.335297 9.9982E-05 0.512736
0.618431 0.0986522 0.166631 0.00603112 0.110255
0.597238 0.142036 0.191071 0.0695543 9.9991E-05
0.625226 0.14945 0.217846 0.00737809 9.9991E-05
0.501173 0.238724 0.243803 9.9991E-05 0.016199
0.213196 0.0751779 0.687996 0.02353 9.9991E-05
0.713368 0.137775 0.00453317 9.9991E-05 0.144223
0.673148 0.200986 0.116324 0.0094416 9.9991E-05
0.621157 0.223584 0.115839 0.0393206 9.9991E-05
0.530704 0.465048 9.9982E-05 0.00404835 9.9982E-05
0.67407 0.0995484 0.155836 0.0431756 0.0273707
0.58508 0.273989 0.14073 9.9982E-05 9.9982E-05
0.0786608 0.771848 0.149291 9.9982E-05 9.9982E-05
0.586538 0.179864 0.155096 0.0126982 0.0658038
0.363366 0.591671 9.9982E-05 9.9982E-05 0.0447634
0.644416 0.288189 9.9982E-05 9.9982E-05 0.0671946
0.252978 0.50745 0.239372 9.9982E-05 9.9982E-05
9.9991E-05 0.0908839 0.793335 0.00508117 0.1106
0.0165484 0.0922521 0.776818 0.0443436 0.0700377
9.9982E-05 0.0981232 0.821861 9.9982E-05 0.0798163
9.9982E-05 0.0676159 0.834589 9.9982E-05 0.0975952
0.0534643 0.0908296 0.796396 0.0375268 0.0217836
0.0576373 0.0345259 0.767767 0.0723093 0.0677609
0.103962 9.9982E-05 9.9982E-05 0.0349813 0.860857
0.0374781 9.9991E-05 0.0569705 0.0443468 0.861105
0.123038 9.9982E-05 9.9982E-05 0.109329 0.767433
0.0360503 9.9991E-05 0.0653776 0.104342 0.79413
0.0642704 9.9991E-05 0.0510464 0.0914212 0.793162
9.9982E-05 0.0557167 0.54949 9.9982E-05 0.394593
9.9982E-05 0.185443 0.378167 9.9982E-05 0.436191
9.9982E-05 0.0388951 0.536301 9.9982E-05 0.424604
0.141647 9.9991E-05 0.00160583 0.0232033 0.833443
9.9982E-05 0.0692067 0.555702 9.9982E-05 0.374892
0.293168 0.100131 0.00388163 0.378913 0.223907
0.570222 0.0211266 0.0826299 0.160282 0.16574
0.507876 9.9982E-05 9.9982E-05 0.30713 0.184794
0.291495 0.117879 0.0391006 0.306003 0.245522
0.471633 0.0365235 0.133036 0.239179 0.119629
9.9982E-05 0.197515 9.9982E-05 0.335869 0.466416
0.480101 0.125921 0.393778 9.9982E-05 9.9982E-05
0.391321 0.371553 0.197304 9.9991E-05 0.0397226
0.323449 9.9982E-05 0.613949 9.9982E-05 0.0624015
0.429252 0.324041 0.214315 0.0322917 9.9991E-05
9.9973E-05 0.844632 0.155068 9.9973E-05 9.9973E-05
0.529898 0.106281 0.199868 0.0943873 0.0695651
0.489241 0.25798 0.175309 0.0400699 0.0374003
0.407089 0.104051 0.456718 0.0170239 0.0151177
0.49785 0.140215 0.246722 0.0498339 0.065379
0.144081 0.572031 0.268699 0.0150897 9.9991E-05
0.532406 0.210423 0.155405 0.0690766 0.0326895
0.530067 0.0815185 0.270634 0.11768 9.9991E-05
0.377778 0.128955 0.132319 0.268011 0.0929367
0.40794 0.300085 0.291775 9.9982E-05 9.9982E-05
0.445275 0.199902 0.294881 0.0598424 9.9991E-05
0.48003 0.235504 0.11993 0.100395 0.0641419
0.580835 0.257295 0.123182 0.0286047 0.0100838
0.533828 0.184523 0.114394 0.0994538 0.0678017
0.475165 0.120331 0.138824 0.217856 0.0478237
0.56321 0.0895177 0.193095 0.0462891 0.107887
0.100749 9.9982E-05 9.9982E-05 0.118149 0.780902
0.130498 9.9982E-05 9.9982E-05 0.0158129 0.853489
0.0788661 0.0493598 0.0794515 9.9991E-05 0.792223
0.0859619 9.9991E-05 0.0607794 0.0352737 0.817885
0.12117 9.9973E-05 9.9973E-05 9.9973E-05 0.87853
0.211397 0.0687185 0.622716 0.0890965 0.00807142
0.464134 0.217402 0.176068 0.118316 0.024079
0.471533 0.0789893 0.0631208 0.208871 0.177486
0.625404 9.9991E-05 0.210628 0.110295 0.0535725
0.597334 0.101477 0.206837 0.0296511 0.0647013
0.281937 0.263708 0.321443 0.101477 0.0314356
0.0153024 0.251455 0.592394 9.9991E-05 0.140748
0.50706 0.00624946 0.393217 0.0933735 9.9991E-05
0.180564 0.178903 0.551239 0.0744697 0.0148247
0.450012 0.204379 0.218938 0.0979741 0.0286976
0.105212 0.204536 0.523305 0.0378262 0.129121
0.540408 0.0860085 0.173225 0.145777 0.0545813
0.227375 0.155334 0.517128 9.9991E-05 0.100063
0.333812 0.228858 0.293976 0.112142 0.0312117
0.538731 0.253823 0.0887722 0.105342 0.013331
0.260234 0.54835 0.0902933 0.0335019 0.0676205
0.649945 0.212575 0.0233206 9.9991E-05 0.11406
0.59802 0.0911676 0.0777009 0.0925067 0.140605
0.436625 0.49439 0.0346617 9.9991E-05 0.0342231
0.499202 0.217003 0.120525 0.0576524 0.105617
0.622918 0.330336 9.9982E-05 9.9982E-05 0.0465458
0.125074 0.722304 0.152422 9.9982E-05 9.9982E-05
0.284731 0.675025 9.9982E-05 9.9982E-05 0.0400439
0.487289 0.355338 0.0954662 9.9991E-05 0.061807
0.198904 0.618564 0.129917 9.9991E-05 0.0525141
0.50958 0.327002 0.163218 9.9982E-05 9.9982E-05
0.182381 0.149503 0.651874 0.0161414 9.9991E-05
0.222998 0.34917 0.353948 0.0737844 9.9991E-05
0.378504 0.112561 0.425101 0.0767895 0.00704397
0.640983 0.0316039 0.189916 0.137397 9.9991E-05
0.255704 0.209208 0.499529 0.035458 9.9991E-05
0.413111 0.171118 0.193763 0.163413 0.0585952
0.634507 0.0728948 0.175622 0.0647414 0.0522343
0.486014 0.13422 0.221699 0.10581 0.0522568
0.436984 0.116563 0.287784 0.158568 9.9991E-05
0.499481 0.14087 0.311787 0.0477628 9.9991E-05
0.225935 0.133944 0.539064 0.100957 9.9991E-05
0.2333 0.128725 0.449119 0.188756 9.9991E-05
0.609582 0.0661287 0.270029 0.0541604 9.9991E-05
0.546491 0.163695 0.132088 0.109405 0.0483205
0.48346 0.132595 0.263992 0.0493007 0.0706524
0.523232 0.0964454 0.270073 0.11015 9.9991E-05
0.360253 0.0430306 0.472504 0.116509 0.00770298
0.675182 9.9982E-05 0.253975 0.0706425 9.9982E-05
0.500854 0.0933473 0.256877 0.148822 9.9991E-05
0.440574 0.0430615 0.25796 0.213076 0.0453282
0.4475 0.0552089 9.9991E-05 0.151032 0.346159
0.382419 0.215074 9.9991E-05 0.317724 0.084684
0.508474 0.118674 0.0537597 0.174795 0.144297
0.634243 0.0756682 0.0284075 0.148426 0.113255
0.389808 0.117879 0.0612974 0.30502 0.125995
0.46042 0.266461 0.229165 0.0438535 9.9991E-05
0.376521 0.042243 0.163204 0.275241 0.142791
9.9982E-05 0.564503 9.9982E-05 0.169548 0.265749
0.456894 0.0745904 0.0791974 0.282363 0.106956
0.556754 0.0398701 0.0544119 0.20645 0.142513
0.400858 0.130692 0.107025 0.300344 0.0610806
0.332312 0.208944 0.11485 0.187399 0.156494
0.509551 0.112279 9.9991E-05 0.195426 0.182644
0.622689 0.00784901 0.0194474 0.195386 0.154628
9.9982E-05 0.295347 9.9982E-05 0.215333 0.48912
0.550691 9.9991E-05 0.0841139 0.185147 0.179948
0.495402 0.102432 0.0234839 0.256573 0.122109
0.532543 0.194672 9.9991E-05 0.156872 0.115813
0.528727 0.0590246 9.9991E-05 0.232492 0.179657
0.485416 0.106129 0.0389967 0.176432 0.193027
0.449825 0.298148 0.129616 0.122312 9.9991E-05
0.464626 0.192684 0.0779164 0.191723 0.0730512
0.145392 0.787713 0.0576426 0.00915238 9.9991E-05
0.0840984 0.807643 0.0789131 9.9991E-05 0.029246
0.523929 0.314671 9.9991E-05 0.136437 0.0248632
0.402564 0.151832 9.9991E-05 0.34329 0.102215
0.313487 0.167999 9.9991E-05 0.372182 0.146231
0.175068 0.25085 9.9991E-05 0.348767 0.225215
0.261045 0.230608 9.9991E-05 0.359298 0.14895
0.0707767 0.660148 9.9991E-05 0.177934 0.0910405
0.136869 0.615398 9.9991E-05 0.154286 0.0933469
0.528488 0.185859 0.0798211 0.203479 0.00235358
0.493953 0.286286 0.0166974 0.137491 0.0655725
0.159413 0.60362 9.9991E-05 0.186274 0.0505922
0.570827 0.140641 0.0838785 0.130446 0.0742066
0.56977 0.234337 9.9991E-05 0.138664 0.0571281
0.406521 0.171743 0.096773 0.240025 0.0849371
0.378729 0.562761 9.9982E-05 9.9982E-05 0.0583102
0.43059 0.426873 0.0683847 0.0740519 9.9991E-05
0.573706 0.28467 0.0688862 0.00822227 0.064516
0.429336 0.374506 0.0932146 0.034937 0.068007
0.422542 0.255289 0.0378029 0.192038 0.092327
0.558896 0.413729 0.00606136 0.0212138 9.9991E-05
0.252054 0.66657 0.0438177 0.037458 9.9991E-05
0.520783 0.311293 0.00274194 0.146186 0.0189968
0.293621 0.670641 9.9982E-05 0.0355383 9.9982E-05
0.429142 0.468311 0.00193245 0.0339522 0.0666623
0.57465 0.290967 9.9991E-05 0.10217 0.0321133
0.450938 0.374532 0.0740214 0.0966791 0.00382928
0.52476 0.108004 0.0701266 0.225669 0.0714396
0.488141 0.0940574 0.0901755 0.152145 0.175482
0.322854 0.144912 0.0465218 0.36132 0.124392
0.317046 0.139755 0.0695016 0.211534 0.262164
0.519499 0.089883 0.0447123 0.14553 0.200375
0.441436 0.0747585 0.0755514 0.204316 0.203938
9.9991E-05 0.56736 0.0322195 0.219106 0.181214
0.476658 0.0838851 0.0599282 0.272785 0.106744
9.9982E-05 0.416315 9.9982E-05 0.161095 0.42239
0.469413 0.216092 9.9991E-05 0.255933 0.0584617
0.200053 0.799647 9.9973E-05 9.9973E-05 9.9973E-05
0.0133377 0.930196 0.0316922 9.9991E-05 0.0246741
0.532928 0.413794 9.9982E-05 0.0530781 9.9982E-05
0.74776 0.25194 9.9973E-05 9.9973E-05 9.9973E-05
0.496679 0.500762 9.9982E-05 0.00235859 9.9982E-05
0.607536 0.346988 9.9982E-05 9.9982E-05 0.0452753
0.627364 0.338134 9.9982E-05 9.9982E-05 0.0343017
0.137737 0.0195305 9.9991E-05 0.0379954 0.804637
9.9991E-05 0.0530845 0.121303 0.115692 0.709821
9.9982E-05 9.9982E-05 0.0486566 0.0527615 0.898382
0.0399785 9.9973E-05 9.9973E-05 9.9973E-05 0.959722
0.617528 0.192713 0.152285 0.0257007 0.0117733
0.660633 0.225519 0.0694866 0.0322181 0.0121429
0.648153 0.275798 0.0758498 9.9982E-05 9.9982E-05
0.722136 0.0252056 0.11618 0.018862 0.117616
0.578919 0.163094 0.169395 0.0654558 0.0231358
0.381104 0.418528 0.195341 9.9991E-05 0.004927
0.787514 0.115177 0.0626296 9.9991E-05 0.0345791
0.385868 0.611815 9.9982E-05 9.9982E-05 0.00211742
0.436899 0.0673591 0.078546 0.210625 0.206571
0.568105 0.323489 0.0778995 0.0304067 9.9991E-05
0.531782 0.258576 0.209442 9.9982E-05 9.9982E-05
0.632639 0.315346 0.0518158 9.9982E-05 9.9982E-05
0.520741 0.362923 0.116136 9.9982E-05 9.9982E-05
0.715782 0.282313 9.9982E-05 9.9982E-05 0.00170582
0.697996 0.232038 0.0109373 0.00537988 0.053649
0.238459 0.761241 9.9973E-05 9.9973E-05 9.9973E-05
0.341196 0.5739 0.0847039 9.9982E-05 9.9982E-05
0.433339 0.464932 0.101529 9.9982E-05 9.9982E-05
0.0381497 0.96155 9.9973E-05 9.9973E-05 9.9973E-05
0.617347 0.239285 0.132017 0.00833077 0.00301923
0.268933 0.719806 0.0110614 9.9982E-05 9.9982E-05
0.0598388 0.903503 0.0106041 9.9991E-05 0.0259544
0.646925 0.177206 0.0682551 0.0355076 0.0721068
0.371096 0.472649 0.143854 9.9991E-05 0.0123017
0.542127 0.204668 0.178569 0.0745355 9.9991E-05
0.599432 0.14421 0.112159 0.0734338 0.0707645
0.645862 0.181079 0.138227 0.0110495 0.0237816
0.273457 0.284825 0.298562 0.143056 9.9991E-05
0.681747 0.204159 0.0824228 0.0315717 9.9991E-05
0.620167 0.202908 0.137263 9.9991E-05 0.0395629
0.450066 0.526001 0.0237339 9.9982E-05 9.9982E-05
0.608563 0.191771 0.053887 9.9991E-05 0.145679
9.9991E-05 0.0783129 0.294186 0.00547903 0.621922
0.0516333 0.0667869 0.123337 9.9991E-05 0.758143
9.9982E-05 0.0415291 0.111577 9.9982E-05 0.846694
9.9982E-05 0.0737081 0.108111 9.9982E-05 0.817981
0.0669212 0.00165824 0.200032 9.9991E-05 0.731289
0.323623 0.407174 0.269004 9.9982E-05 9.9982E-05
0.270298 0.480512 0.187973 9.9991E-05 0.0611175
0.317213 0.682488 9.9973E-05 9.9973E-05 9.9973E-05
0.514589 0.114173 0.0782661 0.205158 0.0878136
0.558415 0.208619 0.0692171 0.0815337 0.0822153
0.473406 0.46698 9.9982E-05 9.9982E-05 0.0594133
0.618336 0.227125 9.9991E-05 0.0829107 0.0715283
0.534495 0.369522 9.9991E-05 0.0343842 0.0614987
0.673625 0.224187 0.0784763 0.0236118 9.9991E-05
0.732146 0.0987791 0.126851 9.9991E-05 0.0421246
0.426415 0.394079 0.179306 9.9982E-05 9.9982E-05
0.566722 0.319313 0.113764 9.9982E-05 9.9982E-05
0.508349 0.30236 0.189091 9.9982E-05 9.9982E-05
0.703682 0.126408 0.0579609 9.9991E-05 0.111849
0.573588 0.361941 0.0560488 9.9991E-05 0.00832143
0.604763 0.256509 0.0712713 9.9991E-05 0.0673568
0.399929 0.0811409 9.9991E-05 0.381474 0.137356
0.37448 9.9991E-05 0.0915504 0.438778 0.0950917
0.381905 9.9982E-05 9.9982E-05 0.479612 0.138283
0.321915 9.9991E-05 0.0272034 0.489564 0.161218
0.401763 0.137713 9.9991E-05 0.29215 0.168274
0.572436 0.349927 9.9991E-05 0.0379128 0.0396247
0.0247711 0.0388485 9.9991E-05 0.62262 0.313661
0.319535 9.9982E-05 9.9982E-05 0.511236 0.16903
0.409718 0.217434 0.0245875 0.201934 0.146327
0.615153 0.210623 9.9982E-05 9.9982E-05 0.174024
0.510568 0.243997 0.0615514 0.0115419 0.172341
0.532017 0.177605 0.1284 0.0703432 0.0916347
0.620787 0.184698 0.0488775 0.0406801 0.104957
0.266479 9.9982E-05 9.9982E-05 0.537591 0.19573
0.393104 9.9991E-05 0.14965 0.37084 0.0863055
0.395019 9.9982E-05 9.9982E-05 0.511689 0.0930923
0.36963 0.0259435 0.0478194 0.413971 0.142636
0.202527 9.9991E-05 0.0413727 0.582505 0.173496
0.476808 9.9991E-05 0.0615945 0.280311 0.181187
0.275994 9.9991E-05 0.0237035 0.506598 0.193604
0.42978 0.0405969 0.0656258 0.388023 0.0759742
0.589138 0.223163 0.00393448 9.9991E-05 0.183664
0.379483 9.9991E-05 0.0612562 0.413935 0.145226
0.147903 9.9982E-05 9.9982E-05 0.666824 0.185074
0.311163 0.149235 0.0782275 0.375477 0.0858975
0.262781 0.244328 0.283455 9.9991E-05 0.209336
0.534555 0.247646 0.0374821 0.0931584 0.0871587
0.366891 0.0302437 0.0591602 0.327609 0.216096
0.673523 0.0605062 0.0945462 9.9991E-05 0.171325
0.515278 0.194295 0.0744508 0.0865592 0.129417
0.367447 0.168569 0.0521011 0.197905 0.213978
0.361214 0.0760262 9.9991E-05 0.295291 0.267369
0.506743 0.0576531 0.188339 0.176797 0.0704678
0.508429 0.015091 0.0423414 0.353188 0.0809505
0.403841 0.0249284 9.9991E-05 0.528872 0.0422591
0.131945 0.0301687 9.9991E-05 0.636084 0.201702
0.654198 0.136933 9.9991E-05 0.0668964 0.141873
0.588355 0.127162 0.129781 9.9991E-05 0.154601
0.093959 0.632752 9.9991E-05 0.0955713 0.177618
0.641042 0.142891 0.0136235 0.115782 0.0866615
0.371313 0.137676 0.300594 0.105655 0.0847623
0.468014 0.151597 0.0156615 0.146259 0.218468
0.495568 0.134461 0.13102 0.10413 0.134821
9.9982E-05 0.408431 9.9982E-05 0.230379 0.360991
9.9982E-05 0.426682 9.9982E-05 0.168424 0.404694
0.26502 0.35 0.0358259 0.173897 0.175257
9.9982E-05 0.386105 9.9982E-05 0.255816 0.357879
9.9982E-05 0.282866 9.9982E-05 0.245578 0.471356
0.328316 0.269739 0.0403322 0.175357 0.186256
0.384725 0.153174 9.9991E-05 0.205871 0.25613
0.150802 0.254663 0.0190006 0.213775 0.36176
0.0870545 0.36834 0.00492147 0.186397 0.353287
0.450676 0.193843 0.0489853 0.188161 0.118335
0.152192 0.42391 9.9991E-05 0.137201 0.286596
9.9982E-05 0.386808 9.9982E-05 0.104164 0.508828
0.512039 0.131973 0.031747 0.210145 0.114095
0.318571 0.166706 0.130166 0.234992 0.149565
0.461905 0.00391595 0.076678 0.142092 0.315409
0.544245 9.9982E-05 9.9982E-05 0.274666 0.180889
0.553292 0.091512 9.9991E-05 0.189603 0.165493
0.437443 0.0764281 0.0266315 0.261488 0.198009
0.390169 9.9991E-05 0.0471793 0.18463 0.377921
0.580472 0.0906107 0.00034993 0.163346 0.165221
0.476541 9.9991E-05 0.0713276 0.240665 0.211366
0.289285 0.122734 0.0411715 0.244509 0.3023
0.401252 0.204974 0.141173 0.123051 0.12955
0.603897 9.9991E-05 0.0993077 0.0684558 0.228239
0.571136 0.159805 9.9991E-05 0.171039 0.0979204
0.615249 0.154714 9.9991E-05 0.0952207 0.134716
0.302037 0.0599089 9.9991E-05 0.328709 0.309245
0.499609 0.0608861 9.9991E-05 0.164392 0.275014
0.128589 0.223165 9.9991E-05 0.22966 0.418486
0.460494 9.9991E-05 0.171277 0.232804 0.135324
0.147625 0.170311 9.9991E-05 0.367175 0.314789
0.010508 0.048086 0.14687 9.9991E-05 0.794436
0.132042 0.0185105 0.770061 9.9991E-05 0.079287
9.9973E-05 9.9973E-05 0.997263 9.9973E-05 0.00243708
9.997E-05 9.997E-05 0.9996 9.997E-05 9.997E-05
0.0381012 9.9973E-05 0.961599 9.9973E-05 9.9973E-05
9.9973E-05 9.9973E-05 0.963763 0.0359375 9.9973E-05
0.0846132 9.9973E-05 0.915087 9.9973E-05 9.9973E-05
9.9973E-05 9.9973E-05 0.944377 9.9973E-05 0.0553234
9.9982E-05 9.9982E-05 0.792007 0.0159807 0.191812
0.0222711 0.0268868 0.00151222 0.0431954 0.906134
0.0584827 9.9982E-05 0.153051 9.9982E-05 0.788266
0.0599039 9.9991E-05 0.00973906 0.0256141 0.904643
0.0267094 0.0107662 0.130813 9.9991E-05 0.831612
9.9982E-05 9.9982E-05 0.0249302 0.100809 0.874061
0.0046585 0.00313565 0.0710473 9.9991E-05 0.921059
0.0386017 0.0115458 0.0461046 0.128002 0.775746
0.00630016 9.9982E-05 9.9982E-05 0.135524 0.857976
0.0762337 9.9991E-05 0.114173 0.0679749 0.741518
9.9973E-05 9.9973E-05 9.9973E-05 0.0739682 0.925732
0.0100893 0.00534823 0.0354398 9.9991E-05 0.949023
0.0541812 9.9991E-05 0.0719364 0.0183242 0.855458
9.9973E-05 9.9973E-05 0.0486881 9.9973E-05 0.951012
0.041329 9.9991E-05 0.0165615 0.0298687 0.912141
0.123527 9.9973E-05 9.9973E-05 9.9973E-05 0.876173
0.102519 9.9982E-05 9.9982E-05 0.0286681 0.868612
0.0750395 9.9982E-05 9.9982E-05 0.153903 0.770858
0.112132 9.9982E-05 9.9982E-05 0.104484 0.783184
0.135085 9.9982E-05 9.9982E-05 0.0355114 0.829204
0.376077 0.242031 0.117866 0.0604827 0.203543
0.760706 0.130829 0.0152672 9.9991E-05 0.0930979
0.603522 0.196581 0.0282258 0.058921 0.11275
0.14118 0.673085 9.9991E-05 0.0593845 0.12625
0.589903 0.135721 0.107861 0.0201081 0.146407
0.0815114 0.602435 9.9991E-05 0.0837053 0.232248
0.693695 0.137077 9.9991E-05 0.0842832 0.0848442
0.457942 0.30856 0.146898 9.9991E-05 0.0864996
0.575879 0.236027 0.0410381 9.9991E-05 0.146956
0.661223 0.217656 0.100307 0.0207149 9.9991E-05
0.490082 0.209528 0.198656 0.0284019 0.0733324
0.708179 0.129911 0.0126345 9.9991E-05 0.149175
0.645273 0.145696 0.0760561 0.0100443 0.12293
0.0479101 0.393935 0.484874 0.073181 9.9991E-05
0.000740557 0.815289 0.0656359 9.9991E-05 0.118234
0.173543 0.639898 9.9991E-05 0.0127275 0.173732
0.543565 0.0836722 0.109925 0.159051 0.103786
0.573381 0.234161 0.0419348 0.0173072 0.133217
0.609466 0.213267 9.9982E-05 9.9982E-05 0.177067
0.65212 0.205068 9.9991E-05 0.0743472 0.0683644
0.477724 0.036065 0.0437004 0.235519 0.206992
0.574173 9.9991E-05 0.0690409 0.20328 0.153407
0.13666 0.186298 0.106527 0.17194 0.398575
0.602172 0.0673923 0.129158 0.0590315 0.142246
0.415638 0.0750207 0.0865299 0.178093 0.244718
9.9991E-05 0.317065 0.0392077 0.190282 0.453345
0.344187 0.131997 9.9991E-05 0.22747 0.296246
0.252419 0.0320242 0.121377 0.244092 0.350088
0.440639 9.9991E-05 0.12664 0.0904287 0.342193
0.498205 0.10462 0.107766 0.204358 0.0850513
0.532065 0.0407345 0.0604486 0.0853882 0.281363
0.571946 0.0300032 0.0692967 0.172641 0.156114
0.339766 0.180909 0.0830808 0.262672 0.133572
0.290258 9.9991E-05 0.0783995 0.178254 0.452988
