0.908503 9.9982E-05 0.0314701 0.0598272 9.9982E-05
0.950847 9.9982E-05 9.9982E-05 0.013181 0.0357718
0.853797 0.103377 0.0146947 0.0280319 9.9991E-05
0.765689 0.0161059 0.0956203 0.122485 9.9991E-05
0.873627 0.0473934 0.061129 0.0177509 9.9991E-05
0.65282 0.0990124 0.0399451 0.0286371 0.179585
0.849459 9.9991E-05 0.0380003 0.0305948 0.0818458
0.763749 0.071269 0.00229944 0.0987637 0.0639193
0.81375 9.9982E-05 9.9982E-05 0.0809644 0.105086
0.731891 0.133179 0.0495959 0.058525 0.0268089
0.794927 0.0355707 9.9991E-05 0.0328334 0.136569
9.999E-05 0.349563 0.0807922 0.449609 0.119936
0.0332608 0.595311 0.06616 0.305168 9.9991E-05
0.0275657 0.271577 0.0854828 0.428408 0.186966
0.0269224 0.316812 0.170165 0.437464 0.0486362
0.112174 0.316342 0.188517 0.278699 0.104268
0.069211 0.509752 0.190037 0.179129 0.0518717
9.9991E-05 0.583921 0.0522663 0.230244 0.133468
0.135924 0.363737 0.110612 0.319551 0.0701761
0.0335865 0.0306168 0.0677078 0.665598 0.202491
0.0100467 0.439685 0.113601 0.296361 0.140306
0.045221 0.550894 0.0393924 0.119794 0.244698
0.0389033 0.68346 0.0391194 0.153551 0.0849659
0.0418467 0.384688 0.0946758 0.372484 0.106306
0.11585 0.722384 0.0855073 0.0529928 0.0232663
9.99976E-05 0.496398 0.197562 0.295903 0.0100365
0.000166428 0.278963 0.0884873 0.547758 0.0846249
9.9991E-05 0.205967 0.247915 0.442366 0.103651
9.9991E-05 0.283687 0.0415674 0.491318 0.183327
0.819267 0.106879 0.0736542 9.9982E-05 9.9982E-05
0.848035 0.133793 0.0179725 9.9982E-05 9.9982E-05
0.800824 0.153428 0.0455477 9.9982E-05 9.9982E-05
0.780511 0.171976 0.0473136 9.9982E-05 9.9982E-05
0.0267906 0.612686 0.00862795 0.116855 0.23504
0.0999613 0.577435 0.0519766 0.141708 0.12892
0.037482 0.722035 9.9982E-05 9.9982E-05 0.240283
0.0935572 0.153068 0.0362795 0.559153 0.157941
0.013847 0.475225 0.0104675 9.9991E-05 0.500361
0.0754156 0.63156 0.0342565 0.116883 0.141884
0.0254736 0.818551 0.0349152 9.9991E-05 0.120961
0.118239 0.585682 0.0185047 0.0969871 0.180587
0.0889092 0.70789 0.0440643 0.159037 9.9991E-05
9.9982E-05 0.282154 9.9982E-05 0.218384 0.499263
0.0632879 0.596502 0.136639 0.120955 0.0826162
0.0700699 0.685542 0.0531786 9.9991E-05 0.19111
0.0566087 0.581729 0.244089 0.0524048 0.0651683
9.9982E-05 0.519633 9.9982E-05 0.0100433 0.470124
0.0442431 0.637217 0.0924667 9.9991E-05 0.225974
0.0286247 0.543106 0.170456 0.0736968 0.184117
0.0811339 0.00327524 9.9991E-05 0.0277835 0.887707
9.9982E-05 0.283343 9.9982E-05 0.464131 0.252326
0.0525193 0.177415 9.9991E-05 0.215503 0.554463
0.074763 0.59744 0.13763 0.0905987 0.0995685
0.114738 0.745963 0.0222243 0.0247653 0.0923086
0.161324 0.607088 0.059555 9.9991E-05 0.171934
0.136445 0.226509 9.9991E-05 0.343215 0.293731
0.0127207 0.527861 0.0846216 0.236655 0.138141
0.0966197 0.629105 0.103728 0.130097 0.0404497
0.144892 0.350488 0.00714078 0.270798 0.226681
0.218639 0.0666274 0.107039 0.362106 0.245588
0.100652 0.719227 9.9991E-05 0.0547739 0.125247
0.11266 0.455981 0.0310899 0.311992 0.0882764
0.0655968 0.0939293 9.9991E-05 0.532413 0.307961
9.9991E-05 0.554866 0.0399534 0.279983 0.125098
0.00496896 0.666889 0.127022 0.0920563 0.109063
0.104146 0.549142 0.092696 0.140462 0.113553
0.0246645 0.263212 0.15218 0.296691 0.263253
0.0206873 0.57188 0.0290712 0.21662 0.161741
0.112954 0.584057 0.0766257 0.200159 0.0262036
0.0139934 0.304062 9.9991E-05 0.458825 0.223019
9.9982E-05 0.726384 9.9982E-05 0.0554805 0.217935
0.00863879 0.369258 9.9991E-05 0.168401 0.453603
0.0200724 0.640889 0.0915888 0.172971 0.074479
9.9982E-05 0.204911 9.9982E-05 0.0336086 0.761281
9.9982E-05 0.222644 9.9982E-05 0.0922697 0.684886
9.9982E-05 0.4914 9.9982E-05 0.0204771 0.487923
0.0296697 0.626479 9.9991E-05 0.144102 0.19965
0.103779 0.630595 0.0826866 0.0679267 0.115012
9.9991E-05 0.582144 0.0491683 0.110119 0.258469
0.0197213 0.393741 9.9991E-05 0.227737 0.358701
0.0236208 0.388972 9.9991E-05 0.29629 0.291017
0.0633846 0.624432 0.0701791 0.076706 0.165298
9.9991E-05 0.474107 0.0115361 0.11067 0.403586
0.00104691 0.58264 9.9991E-05 0.146169 0.270045
9.9973E-05 0.529554 9.9973E-05 9.9973E-05 0.470146
9.9973E-05 0.164076 9.9973E-05 9.9973E-05 0.835624
0.0168671 0.741641 0.00184952 0.0513699 0.188273
0.808517 0.12894 9.9982E-05 0.0623428 9.9982E-05
0.938214 0.0614857 9.9973E-05 9.9973E-05 9.9973E-05
0.870795 0.067577 0.0614277 9.9982E-05 9.9982E-05
0.927199 0.0698681 0.00273299 9.9982E-05 9.9982E-05
0.875637 0.11612 0.00804329 9.9982E-05 9.9982E-05
0.909669 9.9982E-05 0.0500611 9.9982E-05 0.0400697
0.922912 0.0485305 0.0283575 9.9982E-05 9.9982E-05
0.0710986 0.572291 0.115507 0.0920588 0.149045
0.0878316 0.635241 0.0854508 0.123097 0.06838
0.0087957 0.234204 9.9991E-05 0.175002 0.581899
0.0690572 0.598642 0.130201 0.1052 0.0969
9.9991E-05 0.590014 0.0429003 0.166557 0.200428
0.0468258 0.675435 0.025046 0.0277402 0.224953
0.0543681 0.677988 9.9991E-05 0.00807682 0.259467
9.9982E-05 0.585944 0.0754442 9.9982E-05 0.338412
0.0102307 0.119748 9.9991E-05 0.376285 0.493636
0.194723 0.640547 9.9991E-05 0.0850215 0.0796085
0.154339 0.750378 0.0107674 9.9991E-05 0.0844164
0.110248 0.535516 0.107145 0.105136 0.141955
0.0297001 0.51453 9.9991E-05 0.010716 0.444954
0.0571949 0.644693 9.9982E-05 9.9982E-05 0.297912
0.0181973 0.625318 9.9991E-05 0.129939 0.226446
9.9991E-05 0.526879 0.0365643 0.0569344 0.379523
0.0726453 0.583116 9.9991E-05 0.172092 0.172047
0.200099 0.576163 0.0154343 0.0841977 0.124106
0.0313005 0.258808 0.0524969 0.363937 0.293458
0.106191 0.475264 0.0438269 0.319005 0.0557131
0.038051 0.557895 0.0716252 0.189665 0.142764
0.0419918 0.548745 0.114377 0.217783 0.0771036
0.052205 0.550943 0.0451177 0.327355 0.0243798
0.0519438 0.628895 0.0459862 0.243574 0.0296014
9.9982E-05 0.523296 0.0448229 0.431681 9.9982E-05
0.146909 0.673503 9.9991E-05 0.120536 0.058952
0.0724747 0.612884 0.0641561 0.156386 0.0940995
0.0423902 0.643219 9.9991E-05 0.215049 0.0992424
0.0146436 0.568618 9.9991E-05 0.354517 0.0621205
0.0506412 0.670122 0.0861424 0.119396 0.0736979
0.0877196 0.569709 0.0950148 9.9991E-05 0.247457
9.9991E-05 0.70946 0.0240849 0.18774 0.0786143
0.0331361 0.56271 0.111359 0.132931 0.159864
9.9991E-05 0.571971 0.112033 0.250559 0.0653369
0.136366 0.464929 0.0112082 0.242031 0.145466
0.0084345 0.74618 0.0757735 0.165598 0.00401365
0.0620649 0.606676 0.121005 0.198349 0.011905
9.9991E-05 0.283298 0.0922004 0.410087 0.214315
9.9991E-05 0.165204 0.086068 0.332902 0.415726
0.0492608 0.633366 0.0556439 0.207267 0.054462
9.9991E-05 0.157809 0.0483431 0.2902 0.503547
0.0714734 0.387668 0.0103629 0.408657 0.121839
9.9982E-05 0.521968 9.9982E-05 0.366123 0.111709
0.00220144 0.390738 9.9991E-05 0.467527 0.139433
9.9991E-05 0.352888 0.0659436 0.49912 0.0819486
0.0675343 0.636604 0.0952469 0.200515 9.9991E-05
0.0988773 0.642891 0.0767085 0.151118 0.0304048
0.122152 0.605164 0.0345724 0.194683 0.0434286
9.9991E-05 0.125052 0.104952 0.338606 0.43129
0.12813 0.701687 0.0278822 0.0642055 0.0780961
0.0850058 0.468741 0.161263 0.0760772 0.208913
0.195474 0.0155216 9.9991E-05 0.0971536 0.691751
0.178888 0.655001 0.00710649 0.00418657 0.154818
0.148243 0.431962 9.9991E-05 0.0576782 0.362017
0.105084 0.568846 0.0562616 0.0199476 0.24986
0.137143 0.262464 0.0134982 0.0960269 0.490868
0.138442 0.277685 9.9991E-05 0.0611147 0.522658
0.054111 0.482644 9.9991E-05 0.175595 0.28755
0.149079 0.531805 0.0210207 9.9991E-05 0.297996
0.16475 0.462946 0.102885 0.111555 0.157863
0.0703477 0.0421876 0.184261 0.107619 0.595585
0.0644409 0.455241 0.188889 0.192522 0.0989068
9.9982E-05 0.421778 9.9982E-05 0.149025 0.428997
9.9991E-05 0.541272 0.0173072 0.0809001 0.36042
0.123976 0.693735 0.00384257 0.0914161 0.0870305
0.342571 0.164246 0.259137 0.00208783 0.231958
0.605713 9.9982E-05 0.163924 9.9982E-05 0.230163
0.500403 9.9982E-05 0.168057 9.9982E-05 0.331341
0.443199 0.0612776 0.327621 0.0201128 0.147789
9.9982E-05 0.652395 0.0791017 9.9982E-05 0.268304
0.0449283 0.526713 0.156077 0.0422462 0.230035
9.9982E-05 0.226718 0.753203 0.0198795 9.9982E-05
9.9991E-05 0.268877 0.549992 0.135322 0.0457095
0.0815547 0.445322 0.349991 0.0875634 0.0355682
0.0366066 0.376149 0.0312697 9.9991E-05 0.555875
0.101364 0.556791 0.128535 0.0750721 0.138238
0.00609101 0.185165 0.0863767 0.0159798 0.706387
0.0646111 0.656364 0.0209567 9.9991E-05 0.257968
0.0230353 0.446078 0.113786 0.107551 0.309549
0.0732602 0.638542 0.0765378 0.0197612 0.191898
0.0101576 0.246156 0.0549095 9.9991E-05 0.688677
0.0464837 0.649708 0.109055 0.0375092 0.157244
0.0837036 0.624722 0.069539 0.025849 0.196186
9.997E-05 9.997E-05 0.9996 9.997E-05 9.997E-05
9.9973E-05 0.0543013 0.945399 9.9973E-05 9.9973E-05
0.0262669 0.370397 0.574722 0.0108409 0.0177734
0.0071945 0.270157 0.688483 0.0340649 9.9991E-05
9.9973E-05 0.171684 0.828016 9.9973E-05 9.9973E-05
9.997E-05 9.997E-05 0.9996 9.997E-05 9.997E-05
9.9973E-05 9.9973E-05 0.984065 0.0156348 9.9973E-05
9.9973E-05 0.0900505 0.90965 9.9973E-05 9.9973E-05
9.9982E-05 0.0179136 0.940571 0.0413152 9.9982E-05
9.997E-05 9.997E-05 0.9996 9.997E-05 9.997E-05
9.997E-05 9.997E-05 0.9996 9.997E-05 9.997E-05
0.0158672 0.193965 0.783204 0.00686353 9.9991E-05
0.0953228 0.0900083 0.804113 0.0104555 9.9991E-05
9.9982E-05 9.9982E-05 0.977334 0.0135845 0.00888162
0.0131889 0.35595 0.438171 0.131522 0.061168
0.0705678 0.193872 0.718369 9.9991E-05 0.0170912
0.0464889 0.176979 0.776333 9.9982E-05 9.9982E-05
9.9982E-05 0.100333 0.850424 0.049043 9.9982E-05
9.9982E-05 0.0172553 0.964498 0.0180471 9.9982E-05
0.0531666 0.0752309 0.864571 9.9991E-05 0.00693124
0.00349508 9.9973E-05 0.996205 9.9973E-05 9.9973E-05
0.0651272 0.2026 0.661487 0.0706857 9.9991E-05
0.00692822 0.0153768 0.907523 0.0604744 0.00969721
0.379357 9.9982E-05 0.0715153 9.9982E-05 0.548928
0.253567 0.359314 0.0920882 0.118324 0.176706
0.229618 0.413815 0.130866 0.0233669 0.202334
0.236613 0.138339 0.162151 0.045836 0.417061
0.108104 0.408194 0.193039 0.0907544 0.199909
0.302356 0.15284 0.188411 9.9991E-05 0.356294
0.246929 0.378516 0.0821116 0.133928 0.158516
0.191577 0.310229 0.221792 9.9991E-05 0.276302
0.223784 0.483341 0.155661 9.9991E-05 0.137114
0.233135 0.405526 0.18632 9.9991E-05 0.17492
0.232253 0.522835 0.108866 0.0454229 0.0906222
0.865123 0.0297724 9.9991E-05 0.0587215 0.0462829
0.91504 9.9982E-05 0.075303 9.9982E-05 0.00945748
0.993539 0.00616077 9.9973E-05 9.9973E-05 9.9973E-05
0.945082 0.0172367 9.9982E-05 0.0374812 9.9982E-05
0.905795 0.0266008 0.00974182 0.0577626 9.9991E-05
0.911872 9.9973E-05 0.0878282 9.9973E-05 9.9973E-05
0.905898 9.9982E-05 0.0609325 0.0329692 9.9982E-05
0.912204 0.00847526 9.9991E-05 0.00126523 0.077955
0.946995 0.0355839 0.0145703 9.9991E-05 0.00275103
0.862756 9.9982E-05 0.115639 0.0214057 9.9982E-05
0.605087 9.9982E-05 9.9982E-05 0.265422 0.129291
0.596426 9.9991E-05 0.00238825 0.331551 0.0695346
0.520839 9.9982E-05 9.9982E-05 0.324828 0.154132
0.476329 9.9982E-05 9.9982E-05 0.378833 0.144638
0.0518892 0.698947 0.0397308 0.164714 0.0447189
0.0495059 0.561824 0.0844845 0.153585 0.150601
9.9991E-05 0.628305 0.0644565 0.190607 0.116532
0.0222835 0.467834 9.9991E-05 0.3639 0.145883
9.9982E-05 0.226424 9.9982E-05 0.60988 0.163496
0.0161305 0.685047 0.0526564 0.0778286 0.168338
0.000352523 0.714561 0.00629124 0.0884636 0.190331
9.9982E-05 0.687781 9.9982E-05 0.0752906 0.236729
9.9982E-05 0.504222 0.0347033 9.9982E-05 0.460875
0.0541998 0.660432 0.0636001 0.043152 0.178616
9.9982E-05 0.556315 9.9982E-05 0.165315 0.27817
9.9982E-05 0.0787127 9.9982E-05 0.110702 0.810386
0.138809 0.528841 9.9991E-05 0.0949064 0.237343
0.00836308 0.362227 0.0300443 0.0592388 0.540126
0.00769827 0.70042 9.9991E-05 0.0147333 0.277048
9.9982E-05 0.241492 9.9982E-05 0.30772 0.450588
0.157717 0.005922 9.9991E-05 0.781529 0.0547326
0.109176 0.0279866 9.9991E-05 0.835085 0.0276527
0.0759151 9.9982E-05 9.9982E-05 0.856692 0.0671934
0.111068 9.9982E-05 9.9982E-05 0.844737 0.0439949
0.0435235 0.0507787 9.9991E-05 0.791197 0.114401
0.0494483 0.108618 0.0264173 0.815417 9.9991E-05
0.884319 0.110633 0.004848 9.9982E-05 9.9982E-05
0.849875 0.0549193 0.0471326 0.0479728 9.9991E-05
0.749492 0.1204 0.129908 9.9982E-05 9.9982E-05
0.757537 0.00661119 0.133953 0.101799 9.9991E-05
0.806752 0.0936184 0.0795604 0.0199696 9.9991E-05
0.399801 9.9982E-05 9.9982E-05 0.557343 0.042656
0.466057 9.9982E-05 9.9982E-05 0.404658 0.129085
0.431644 9.9982E-05 9.9982E-05 0.460362 0.107794
0.833911 0.140411 9.9982E-05 0.0254776 9.9982E-05
0.367475 9.9982E-05 9.9982E-05 0.481985 0.15034
0.23508 0.249997 0.432617 9.9991E-05 0.0822066
0.170466 0.492769 0.27393 0.0623051 0.000530122
0.179967 0.487853 0.33198 9.9982E-05 9.9982E-05
0.281052 0.384225 0.217804 9.9991E-05 0.11682
0.131686 0.516775 0.168104 0.183335 9.9991E-05
0.485081 9.9982E-05 0.337185 9.9982E-05 0.177534
0.0202331 0.477232 9.9991E-05 0.373946 0.128489
0.0409273 0.391946 0.0446846 0.220274 0.302168
0.0744154 0.277351 9.9991E-05 0.581193 0.0669406
9.9991E-05 0.532215 0.0255227 0.0990345 0.343127
9.9973E-05 9.9973E-05 9.9973E-05 0.157584 0.842116
0.0886658 0.578817 0.0940863 0.0673614 0.17107
9.9982E-05 0.620864 9.9982E-05 0.180003 0.198933
0.0511558 0.408967 9.9991E-05 0.427978 0.111799
0.107679 0.500056 0.149039 0.154008 0.0892176
9.9991E-05 0.157784 0.00890383 0.316337 0.516876
0.0485787 0.453623 0.0821452 0.165208 0.250445
9.9991E-05 0.47975 0.112644 0.287937 0.119569
0.146127 0.445561 0.192177 0.0492962 0.166838
9.9991E-05 0.413892 0.0271128 0.313203 0.245693
9.9991E-05 0.453328 0.0893819 0.310549 0.146642
9.9991E-05 0.469893 0.242093 0.153501 0.134413
0.0291257 0.564656 9.9991E-05 0.206232 0.199886
0.0996908 0.651768 0.0389548 0.128661 0.0809254
0.0622396 0.660515 0.0664244 0.100578 0.110243
0.0890085 0.486687 0.111041 0.154968 0.158296
0.7823 0.113146 0.104354 9.9982E-05 9.9982E-05
0.848883 0.104555 9.9982E-05 9.9982E-05 0.0463616
0.785994 0.00489679 0.0484181 0.0933668 0.0673238
0.868964 0.0292202 0.0250355 0.0362189 0.0405617
0.884821 0.114879 9.9973E-05 9.9973E-05 9.9973E-05
9.9991E-05 0.16944 0.0918755 0.659957 0.0786278
0.0439482 0.513482 0.11002 0.168212 0.164339
0.197069 0.352992 0.24086 9.9991E-05 0.208979
0.00372114 0.602386 0.167493 0.14992 0.0764802
0.114774 0.538523 0.0214531 0.26059 0.0646589
9.9991E-05 0.262952 0.145706 0.340906 0.250336
0.151597 0.0369427 9.9991E-05 0.57429 0.23707
9.9982E-05 0.553894 0.0486847 0.397222 9.9982E-05
0.0464187 0.160479 0.0972995 0.573838 0.121965
0.0918133 0.464813 0.0628972 0.114645 0.265831
0.103092 0.152516 0.0413765 0.604964 0.0980525
0.0784322 0.602417 0.113361 0.20569 9.9991E-05
0.0536947 0.230849 0.0352335 0.62334 0.0568829
9.9991E-05 0.35308 0.0957553 0.278241 0.272823
0.0612563 0.517292 0.0593015 0.131769 0.230382
0.0800889 0.344491 0.0080093 0.0758408 0.49157
0.10961 0.614551 0.0211379 0.0820634 0.172638
0.140057 0.660301 0.017313 0.0259804 0.156348
0.0222282 0.374481 9.9991E-05 0.133438 0.469753
0.0618923 0.480908 0.130818 0.108304 0.218077
0.0762394 0.65014 9.9991E-05 0.0104099 0.263111
9.9982E-05 0.199319 9.9982E-05 0.042808 0.757673
0.0282173 0.336763 9.9991E-05 0.0218916 0.613028
0.048046 0.604228 0.0187838 0.0522831 0.276659
0.0414066 0.194823 9.9991E-05 0.112045 0.651626
0.0251742 0.561953 9.9991E-05 0.183419 0.229353
9.9991E-05 0.117446 0.0750455 0.651266 0.156142
9.9991E-05 0.285288 0.0208224 0.409162 0.284627
0.00448268 0.385306 0.104106 0.421305 0.0847999
9.9982E-05 0.597801 0.162917 0.239082 9.9982E-05
9.9991E-05 0.278508 0.0231077 0.511254 0.187031
0.0994361 0.506009 0.147914 0.140702 0.105939
0.0151331 0.512739 0.13635 0.276638 0.0591401
0.0200112 0.514922 0.0648818 0.289843 0.110342
0.0355134 0.653314 9.9991E-05 0.239762 0.0713104
0.0521637 0.439599 0.0965829 0.333527 0.0781275
9.9991E-05 0.27788 0.0900134 0.549049 0.0829579
9.9991E-05 0.289094 0.123623 0.561105 0.0260776
9.9991E-05 0.610732 0.0784868 0.227419 0.0832622
0.0336995 0.566896 0.117089 0.166534 0.115781
0.122937 0.415893 0.0339981 0.221191 0.205981
9.9991E-05 0.584486 0.0904656 0.317518 0.00743135
0.033998 0.356842 0.104842 0.504218 9.9991E-05
0.0504435 0.639574 0.0400926 0.221123 0.0487671
0.0491474 0.426265 0.141536 0.307332 0.075719
0.00968003 0.660749 0.0974495 0.211016 0.0211049
0.366256 0.487201 0.0955984 0.0508443 9.9991E-05
0.0857744 0.40772 0.256683 9.9991E-05 0.249723
0.138012 0.533781 0.172244 0.0201289 0.135834
0.0998945 0.521838 0.142237 0.0950453 0.140985
0.248106 0.458894 0.24588 9.9991E-05 0.0470194
9.9991E-05 0.554368 0.054504 0.154023 0.237005
0.0881727 0.486087 0.243529 0.0947171 0.0874936
0.307027 0.0420688 0.178999 9.9991E-05 0.471805
0.105453 0.521642 0.210091 0.0188533 0.143961
0.109565 0.617885 0.163927 0.00454808 0.104075
0.104804 0.44809 0.271665 0.066751 0.10869
0.225959 0.352324 0.152678 0.113356 0.155683
0.263256 0.631841 0.0929087 9.9991E-05 0.0118945
0.177029 0.519937 0.245369 0.0426309 0.0150345
0.477353 9.9982E-05 0.230273 9.9982E-05 0.292174
0.245752 0.646807 0.107241 9.9982E-05 9.9982E-05
0.193031 0.542973 0.210828 0.0368846 0.0162837
0.134385 0.606874 0.122293 0.00433414 0.132113
0.213665 0.548537 0.21914 0.0175496 0.00110834
0.196716 0.547578 0.165954 0.0485471 0.0412046
0.0117177 0.405187 0.128496 0.0400419 0.414557
0.0318944 0.603693 0.126973 0.067993 0.169447
9.9982E-05 0.158887 9.9982E-05 0.0588816 0.782031
9.9991E-05 0.0765251 0.000196211 0.0685382 0.854641
0.0247303 0.576613 0.0817015 0.0536867 0.263268
0.154709 0.448279 0.294336 9.9991E-05 0.102576
0.0785172 0.305112 0.391814 9.9991E-05 0.224457
0.238072 0.181442 0.314457 9.9991E-05 0.265929
0.202451 0.386927 0.303471 9.9991E-05 0.107051
0.0620942 0.109532 0.152452 9.9991E-05 0.675822
0.126142 0.220947 0.129403 9.9991E-05 0.523409
9.9991E-05 0.523604 0.176058 0.0283443 0.271894
0.0579605 0.471978 0.179724 0.0112123 0.279125
0.0947366 0.211325 0.149367 0.0166997 0.527872
0.0214136 0.472808 0.176518 0.0796701 0.249591
0.023157 0.486922 0.227378 0.0284218 0.234121
0.0768171 0.43493 0.204189 0.131529 0.152534
0.00804224 0.394556 9.9991E-05 0.126387 0.470915
0.00335951 0.363122 0.107743 0.128178 0.397597
0.075947 0.640665 9.9991E-05 0.0723564 0.210932
0.0571182 0.368718 0.109048 0.193759 0.271357
0.101267 0.489739 0.104099 0.0521526 0.252743
9.9991E-05 0.54767 0.0321173 0.0499322 0.370181
9.9982E-05 0.330908 9.9982E-05 0.0601982 0.608694
0.0120892 0.649109 0.063793 9.9991E-05 0.274909
9.9991E-05 0.337586 0.0222355 0.0193278 0.62075
0.0255832 0.456508 0.0817907 9.9991E-05 0.436018
0.112321 0.608177 0.0907991 9.9991E-05 0.188603
0.0244273 0.53829 0.0168458 0.139276 0.28116
0.131281 0.524741 0.182754 9.9991E-05 0.161124
0.131515 0.356086 0.209338 0.0610056 0.242055
0.127929 0.337977 0.274532 0.155328 0.104233
0.218695 0.387519 0.175686 0.122126 0.0959752
0.261625 0.511003 0.122181 0.0687589 0.0364319
0.136108 0.477194 0.245039 9.9991E-05 0.141559
0.19014 9.9982E-05 0.170443 9.9982E-05 0.639217
0.0529924 0.651883 0.238462 0.0224088 0.0342539
0.370076 9.9982E-05 0.172304 9.9982E-05 0.457421
0.024106 0.494615 0.254457 9.9991E-05 0.226722
9.9973E-05 0.212222 9.9973E-05 9.9973E-05 0.787478
9.9982E-05 0.0563184 9.9982E-05 0.0779989 0.865483
9.9982E-05 0.516818 0.0381134 9.9982E-05 0.444869
0.0532931 0.708587 9.9982E-05 9.9982E-05 0.23792
9.9982E-05 0.539092 9.9982E-05 0.00938951 0.451319
0.00423608 0.584898 0.0482368 0.0430686 0.31956
9.9991E-05 0.626532 0.0399186 0.0222329 0.311216
0.817135 0.0875048 0.0217091 0.00935057 0.0643001
0.688977 9.9991E-05 0.0785928 0.191348 0.0409818
0.886222 9.9982E-05 0.0614333 0.0521444 9.9982E-05
0.938126 0.0615746 9.9973E-05 9.9973E-05 9.9973E-05
0.0786063 0.589736 0.0360271 0.0349142 0.260716
0.041927 0.645054 0.0335361 0.0699371 0.209546
9.9982E-05 0.604478 9.9982E-05 0.140208 0.255113
0.134237 0.700918 9.9991E-05 0.0715811 0.0931643
0.0717353 0.590261 0.0363669 0.0770409 0.224595
9.9982E-05 0.371999 9.9982E-05 0.14258 0.485221
0.0269925 0.80786 0.000129429 0.0468718 0.118146
0.0183487 0.530109 9.9982E-05 9.9982E-05 0.451343
0.351216 0.547705 0.0976175 9.9991E-05 0.00336125
9.9991E-05 0.483792 0.101593 0.055016 0.359499
9.9982E-05 0.50422 9.9982E-05 0.215259 0.280321
9.9982E-05 0.737781 9.9982E-05 0.0257563 0.236263
0.0218109 0.520592 9.9991E-05 0.206419 0.251078
9.99737E-05 0.707272 9.99737E-05 9.99737E-05 0.292428
0.0795985 0.628372 0.0301532 0.0285364 0.23334
9.9973E-05 0.297367 9.9973E-05 9.9973E-05 0.702333
9.9982E-05 0.392252 9.9982E-05 0.0798521 0.527695
9.9982E-05 0.521437 9.9982E-05 0.119725 0.358638
9.9973E-05 0.0630117 9.9973E-05 9.9973E-05 0.936688
0.0507822 0.515626 0.0424949 0.173427 0.21767
9.9982E-05 0.258522 9.9982E-05 0.0165376 0.72474
0.00967698 0.0907641 9.9991E-05 0.0386327 0.860826
0.0138988 0.606565 0.12592 0.0632645 0.190352
0.0498867 0.38209 9.9991E-05 0.134366 0.433557
9.9991E-05 0.489261 0.0617725 0.152306 0.296561
0.0345789 0.663078 0.0801382 0.0785787 0.143626
0.0190625 0.707617 9.9991E-05 0.107833 0.165388
9.9991E-05 0.283797 0.112751 0.274267 0.329084
0.039945 0.595018 9.9991E-05 0.104967 0.25997
9.9991E-05 0.598524 0.0256818 0.163225 0.212469
9.9982E-05 0.509563 9.9982E-05 0.0355096 0.454728
0.0242411 0.705726 0.0237348 0.0668219 0.179476
0.656121 9.9982E-05 9.9982E-05 0.287157 0.0565221
0.775961 0.0349452 9.9991E-05 0.0910526 0.0979407
0.81076 9.9982E-05 9.9982E-05 0.158611 0.030429
0.802257 9.9982E-05 9.9982E-05 0.148559 0.0489834
0.749483 0.0489398 9.9982E-05 0.201377 9.9982E-05
0.0247457 0.320007 9.9991E-05 0.268934 0.386213
0.0613476 0.252994 9.9991E-05 0.177621 0.507937
9.9973E-05 0.386522 9.9973E-05 9.9973E-05 0.613178
0.131275 0.656028 0.051909 0.0748145 0.0859738
0.0318848 0.518764 0.13205 0.118109 0.199192
0.0184578 0.409358 9.9982E-05 9.9982E-05 0.571984
0.00681225 0.727401 0.0744393 9.9991E-05 0.191247
0.0521464 0.505359 0.0588568 9.9991E-05 0.383538
9.9991E-05 0.694684 0.0193637 0.116141 0.169711
0.032821 0.693907 0.0493226 0.0848329 0.139116
9.9982E-05 0.425235 9.9982E-05 0.19819 0.376375
9.9982E-05 0.544598 9.9982E-05 0.138185 0.317016
9.9982E-05 0.516661 9.9982E-05 0.161049 0.32209
0.13469 0.700916 9.9991E-05 0.0398202 0.124473
0.0148971 0.539061 9.9991E-05 0.188214 0.257728
0.00998741 0.533917 0.0244909 0.0952758 0.336329
0.119754 0.358855 0.435984 0.0300892 0.0553179
0.0905037 0.381042 0.477217 9.9991E-05 0.0511374
0.0695785 0.359164 0.529851 9.9991E-05 0.0413063
0.167895 0.303817 0.476504 9.9991E-05 0.051684
0.182523 0.41244 0.307648 0.0713116 0.0260779
0.0913973 0.644774 0.0076035 9.9991E-05 0.256125
0.228035 9.9982E-05 0.696246 9.9982E-05 0.0755194
0.121674 0.300505 0.537701 0.010843 0.0292769
0.145342 0.487818 0.145184 9.9991E-05 0.221556
0.221853 0.645656 9.9991E-05 0.0312519 0.101139
0.106804 0.495787 0.021213 0.142492 0.233704
0.0688767 0.65035 0.0710832 0.0982438 0.111447
0.102257 0.633679 0.0759346 0.0550346 0.133095
0.228769 0.315561 0.45547 9.9982E-05 9.9982E-05
0.119897 0.34326 0.36589 0.170853 9.9991E-05
0.0632596 0.424973 0.499533 9.9991E-05 0.0121343
0.191502 0.417117 0.276043 0.0726202 0.0427185
0.166294 0.227569 0.540936 9.9991E-05 0.0651013
0.151553 0.384293 0.336648 0.0626183 0.0648881
0.145221 0.277901 0.54547 9.9991E-05 0.0313086
0.073959 0.273794 0.505655 0.131345 0.0152468
0.10753 0.581828 0.0787369 9.9991E-05 0.231805
0.14704 0.382309 0.363251 0.000928877 0.106472
0.198385 0.125884 0.675531 9.9982E-05 9.9982E-05
0.171868 0.4436 0.287006 0.0111475 0.0863785
0.179644 0.252622 9.9991E-05 0.296808 0.270825
0.0243842 0.582447 0.169342 0.107996 0.115831
0.0983943 0.431826 0.316701 0.120063 0.0330159
0.126028 0.52943 0.0968187 0.167449 0.0802748
0.212166 0.560546 9.9991E-05 0.0743589 0.152829
0.182388 0.339618 0.272455 0.0367913 0.168748
0.231768 0.325234 0.325571 0.0164629 0.100964
0.0482991 0.765556 0.0714838 0.0723974 0.0422642
0.0820966 0.433573 0.396775 0.0155569 0.0719978
0.185438 0.466462 0.347901 9.9982E-05 9.9982E-05
0.208327 0.187119 0.593611 9.9991E-05 0.0108434
0.124715 0.661181 0.0564751 0.0316135 0.126016
0.188316 0.559995 9.9991E-05 0.110202 0.141387
0.179494 0.191061 0.0859307 9.9991E-05 0.543415
0.121383 0.480297 0.172927 0.152447 0.0729455
0.0714251 0.497311 0.0403862 0.243168 0.147709
0.233947 0.549708 0.143594 9.9991E-05 0.0726512
0.144654 0.48523 0.0663179 0.0692656 0.234533
0.336414 9.9982E-05 0.234369 9.9982E-05 0.429017
0.385696 9.9982E-05 0.112778 9.9982E-05 0.501325
0.193919 0.148049 0.224142 0.0502998 0.383591
0.363215 0.0349054 0.222742 9.9991E-05 0.379037
0.469615 9.9982E-05 0.253162 9.9982E-05 0.277023
0.141503 0.291761 0.227036 9.9991E-05 0.3396
0.184312 0.359398 0.214488 0.0250015 0.216801
0.34258 0.157616 0.219101 9.9991E-05 0.280604
0.375652 0.0461114 0.19192 9.9991E-05 0.386217
0.138993 0.492985 0.164229 0.0178089 0.185984
0.225121 0.141907 0.174625 9.9991E-05 0.458247
0.487749 9.9982E-05 0.080204 9.9982E-05 0.431847
0.172565 0.504279 0.15661 0.111101 0.0554455
0.190575 0.325762 0.224764 0.0595312 0.199368
0.338516 0.444992 0.196201 0.0201903 9.9991E-05
0.159853 0.564531 0.275416 9.9982E-05 9.9982E-05
0.171327 0.550487 0.243648 0.0344378 9.9991E-05
0.12095 0.445455 0.258159 0.0691985 0.106238
0.353344 0.367544 0.251189 0.0278225 9.9991E-05
0.176301 0.530593 0.231308 9.9991E-05 0.0616982
0.23476 0.427678 0.330799 0.00666314 9.9991E-05
0.222731 0.336495 0.249487 0.078321 0.112966
0.129865 0.273974 0.197103 0.165691 0.233367
0.205302 0.525643 0.13842 0.106026 0.0246089
0.229841 0.603951 0.108451 0.00283652 0.0549203
0.176951 0.593822 0.143438 9.9991E-05 0.0856887
0.31139 0.369497 0.270522 0.0484916 9.9991E-05
0.176511 0.450781 0.283897 0.0324669 0.0563432
0.414919 0.18367 0.205512 9.9991E-05 0.195799
0.165535 0.523781 0.177618 0.12723 0.00583638
0.305392 0.246706 0.32897 9.9991E-05 0.118833
0.784722 9.9982E-05 9.9982E-05 0.129859 0.0852194
0.0872364 0.0850013 0.0560994 0.771563 9.9991E-05
0.00902349 9.9973E-05 9.9973E-05 0.990677 9.9973E-05
0.0220687 9.9973E-05 9.9973E-05 0.977631 9.9973E-05
9.997E-05 9.997E-05 9.997E-05 0.9996 9.997E-05
9.9982E-05 0.0392524 0.0605827 0.899965 9.9982E-05
9.9973E-05 0.0507405 9.9973E-05 0.94896 9.9973E-05
0.0184969 9.9973E-05 9.9973E-05 0.981203 9.9973E-05
0.167717 9.9982E-05 0.00947886 0.822604 9.9982E-05
0.892691 0.0118406 0.0297635 0.065605 9.9991E-05
0.834199 0.0511859 9.9982E-05 0.114415 9.9982E-05
0.893969 0.0360004 0.0523053 0.0176251 9.9991E-05
0.839057 0.038871 9.9982E-05 0.121872 9.9982E-05
0.878929 0.011181 0.048121 0.0356908 0.0260778
0.900813 9.9991E-05 0.00525437 0.0856706 0.00816207
0.774606 0.0508645 0.119414 0.0550152 9.9991E-05
0.877837 0.0403099 0.0816536 9.9982E-05 9.9982E-05
0.710888 0.108399 0.0263171 0.154296 9.9991E-05
0.92713 0.0392263 0.033444 9.9982E-05 9.9982E-05
0.959425 9.9973E-05 9.9973E-05 0.0402747 9.9973E-05
0.874852 0.100906 9.9982E-05 0.0240418 9.9982E-05
0.960375 9.9982E-05 0.0127417 0.0266833 9.9982E-05
0.934371 0.0528035 0.0119184 0.000807171 9.9991E-05
0.875105 0.0188218 0.0552424 0.0507307 9.9991E-05
0.841447 0.0986984 0.0596548 9.9982E-05 9.9982E-05
0.806995 0.0770408 0.115764 9.9982E-05 9.9982E-05
0.799551 0.126252 0.0739969 9.9982E-05 9.9982E-05
0.817971 0.12264 0.0591894 9.9982E-05 9.9982E-05
0.175344 0.449235 9.9991E-05 0.124751 0.250569
0.106935 0.736987 9.9991E-05 0.0483542 0.107624
0.138188 0.575956 0.065821 0.0428492 0.177186
0.122853 0.173292 0.00816144 9.9991E-05 0.695594
0.131835 0.594022 0.0264158 0.206208 0.0415197
0.216026 0.0853969 0.0647517 9.9991E-05 0.633725
0.128269 0.742974 0.0252371 9.9991E-05 0.10342
0.119063 0.550234 9.9991E-05 0.0944975 0.236106
0.151233 0.59025 9.9991E-05 0.119959 0.138458
0.039481 0.688592 9.9991E-05 0.0915996 0.180227
0.130415 0.513884 9.9991E-05 0.138722 0.216879
0.11764 0.678066 9.9982E-05 9.9982E-05 0.204094
0.125987 0.631281 9.9991E-05 0.15316 0.0894722
9.9991E-05 0.0951943 0.0821049 0.505126 0.317475
0.0923236 9.9982E-05 9.9982E-05 0.0548946 0.852582
0.117702 0.138178 0.0873703 0.100114 0.556635
0.0734609 0.588018 0.147166 0.0913648 0.0999907
0.170767 0.605718 9.9982E-05 9.9982E-05 0.223315
0.164365 0.613962 9.9991E-05 0.0290228 0.192551
0.116128 0.686628 0.0438999 9.9991E-05 0.153243
0.160742 0.63887 0.13437 0.033639 0.0323794
0.196645 0.611751 0.134322 0.0571813 9.9991E-05
0.450252 0.13216 0.166938 0.179497 0.0711526
0.151372 0.675128 0.0661688 0.107232 9.9991E-05
0.216281 0.447205 0.118018 0.0902749 0.12822
0.445592 9.9982E-05 0.172857 9.9982E-05 0.38135
0.314917 0.302628 0.260216 9.9991E-05 0.122139
0.361539 0.334998 0.184233 9.9991E-05 0.11913
0.353628 0.431061 0.10002 0.115191 9.9991E-05
0.169507 0.473638 0.240234 0.108485 0.00813515
0.221588 0.599134 0.115611 0.0635674 9.9991E-05
0.181643 0.63396 0.151077 0.0332199 9.9991E-05
0.162407 0.47239 0.175535 9.9991E-05 0.189568
0.500426 0.280555 0.148581 0.0472065 0.0232315
