0.0375299 0.00934512 9.9991E-05 0.953025
0.0522449 9.9982E-05 9.9982E-05 0.947555
9.999E-05 0.0279718 0.120964 0.850965
0.0517544 0.113962 9.9991E-05 0.834184
0.0240456 0.0964928 9.9991E-05 0.879362
0.12735 0.0509663 0.133421 0.688262
0.111069 9.9991E-05 0.00243568 0.886395
0.202902 0.0128675 9.9991E-05 0.78413
0.147767 9.9982E-05 9.9982E-05 0.852033
0.0866488 0.0960556 0.0720287 0.745267
0.161699 9.9991E-05 0.0543692 0.783832
0.427608 0.0834802 0.419229 0.0696836
0.309991 0.139718 0.519157 0.0311346
0.420449 0.107385 0.376753 0.0954128
0.346944 0.237571 0.362517 0.0529679
0.342152 0.213091 0.326901 0.117855
0.118216 0.182013 0.559655 0.140116
0.291469 0.155886 0.537497 0.0151479
0.296994 0.109354 0.441129 0.152523
0.710479 0.0533788 0.101614 0.134528
0.326227 0.0924813 0.48411 0.0971817
0.295088 0.0815178 0.564514 0.05888
0.173618 0.063073 0.65313 0.11018
0.424034 0.103902 0.425422 0.046643
0.0550065 0.147344 0.696645 0.101005
0.111999 0.101229 0.72231 0.0644627
0.495014 0.103035 0.341438 0.0605124
0.439466 0.179079 0.29498 0.0864751
0.520031 0.0296218 0.350645 0.0997027
9.9991E-05 0.0973475 0.0520197 0.850533
9.9991E-05 0.0235149 0.125704 0.850681
9.9991E-05 0.0548215 0.146734 0.798344
9.9991E-05 0.109782 0.117071 0.773047
0.152458 0.0268827 0.727823 0.0928363
0.150892 0.0451243 0.657658 0.146325
0.176496 0.00359058 0.819814 9.9991E-05
0.532309 0.0265344 0.249307 0.191849
0.413363 0.0502889 0.508208 0.0281401
0.222477 0.0782999 0.663157 0.0360667
0.0780612 0.0560565 0.812656 0.0532265
0.139738 0.0116713 0.706828 0.141763
0.107114 0.0461852 0.723421 0.12328
0.51263 9.9991E-05 0.463028 0.0242416
0.121083 0.122669 0.682584 0.0736638
0.123961 0.0834191 0.728103 0.0645165
0.0900303 0.117403 0.66629 0.126277
0.376 9.9982E-05 0.6238 9.9982E-05
0.115545 0.0983626 0.735308 0.0507848
0.132287 0.0699787 0.660971 0.136763
0.840728 0.0012748 0.0883115 0.0696853
0.614557 0.0363804 0.348963 9.9991E-05
0.756005 0.117661 0.100811 0.0255226
0.160006 0.0711143 0.603113 0.165766
0.0912147 0.0403859 0.703451 0.164948
0.127244 0.128129 0.667586 0.0770398
0.568153 9.9991E-05 0.274883 0.156865
0.231378 0.0361863 0.721333 0.0111031
0.105443 0.162532 0.638559 0.0934661
0.279589 0.0345098 0.536542 0.149359
0.528303 0.0594066 0.186213 0.226078
0.15127 0.0099727 0.781308 0.0574492
0.250536 0.00744169 0.617385 0.124638
0.70854 9.9991E-05 0.172953 0.118407
0.296145 0.0775404 0.626215 9.9991E-05
0.130031 0.130575 0.655008 0.0843854
0.188822 0.0450781 0.624824 0.141276
0.44743 0.0248636 0.470212 0.0574952
0.243521 0.129336 0.614275 0.0128687
0.203101 0.0595835 0.663634 0.0736811
0.577171 9.9991E-05 0.33909 0.083639
0.188757 9.9982E-05 0.811043 9.9982E-05
0.460291 9.9982E-05 0.539509 9.9982E-05
0.123918 0.103331 0.683499 0.0892522
0.711808 9.9982E-05 0.287992 9.9982E-05
0.706113 9.9982E-05 0.293687 9.9982E-05
0.401815 9.9982E-05 0.597985 9.9982E-05
0.311463 9.9991E-05 0.676925 0.011512
0.0524309 0.00705464 0.66967 0.270845
0.278961 0.101086 0.619853 9.9991E-05
0.441554 9.9991E-05 0.471117 0.0872285
0.409764 9.9991E-05 0.539433 0.0507035
0.139794 0.159388 0.614702 0.0861155
0.378186 0.0866643 0.511772 0.0233779
0.269809 9.9991E-05 0.695841 0.0342507
0.322296 9.9982E-05 0.677504 9.9982E-05
0.734117 9.9982E-05 0.265683 9.9982E-05
0.145237 0.0776616 0.775799 0.0013023
0.00933697 0.0518055 0.102399 0.836458
9.9982E-05 9.9982E-05 0.0577391 0.942061
9.9991E-05 0.0767607 0.0470898 0.87605
9.9991E-05 0.00146881 0.0583887 0.940043
9.9991E-05 0.0081746 0.111595 0.88013
9.9991E-05 0.0386284 0.0634696 0.897802
9.9982E-05 9.9982E-05 0.0657119 0.934088
0.122063 0.095669 0.591845 0.190423
0.0340303 0.0438203 0.759929 0.16222
0.659569 9.9991E-05 0.331667 0.00866434
0.124618 0.0968996 0.675207 0.103275
0.317675 0.0145641 0.635011 0.03275
0.0410907 0.0818353 0.799486 0.0775885
0.213476 0.0466721 0.698834 0.0410181
0.149802 0.0452574 0.791482 0.0134585
0.692167 9.9991E-05 0.241715 0.0660184
0.113109 0.0626912 0.645679 0.178521
0.0702001 0.0520054 0.74685 0.130945
0.154169 0.120648 0.668931 0.0562521
0.400935 0.0686433 0.49176 0.0386614
0.171316 0.0549054 0.748294 0.0254844
0.286021 0.00967325 0.700484 0.00382137
0.258211 0.057261 0.684428 9.9991E-05
0.277435 9.9991E-05 0.644728 0.0777365
0.0817305 0.0258428 0.731904 0.160522
0.526811 0.0941032 0.328239 0.0508475
0.261294 0.0906819 0.497656 0.150368
0.27177 0.165561 0.445966 0.116703
0.102967 0.0266832 0.743766 0.126583
0.27034 0.0176539 0.577693 0.134312
0.218527 0.0830539 0.632291 0.0661281
0.259756 0.0288001 0.6172 0.0942445
0.30068 0.0284806 0.613645 0.0571941
0.244596 0.152694 0.510886 0.0918235
0.220287 0.0211831 0.647622 0.110908
0.345814 9.9991E-05 0.634563 0.0195237
0.181238 0.109074 0.624749 0.0849388
0.159996 0.10707 0.655046 0.077888
0.205941 0.0811332 0.692189 0.0207363
0.157394 0.116783 0.594991 0.130831
0.270682 0.204581 0.524637 9.9991E-05
0.393225 0.0559598 0.402099 0.148716
0.191131 0.1698 0.638968 9.9991E-05
0.112098 0.0848664 0.748835 0.0542008
0.563757 0.0835717 0.332635 0.0200364
0.6989 0.110635 0.170771 0.0196943
0.215377 0.0647774 0.673227 0.0466185
0.779829 0.115356 0.104715 9.9991E-05
0.474629 9.9991E-05 0.410518 0.114753
0.367506 9.9991E-05 0.566409 0.0659843
0.495932 9.9991E-05 0.434208 0.0697604
0.523893 0.0147337 0.408082 0.0532909
0.188762 0.0707189 0.676116 0.0644026
0.192096 0.131739 0.593425 0.0827404
0.183257 0.0378341 0.696117 0.0827916
0.68361 0.190103 0.126186 9.9991E-05
0.16673 0.0341265 0.615396 0.183748
0.254496 0.0653066 0.629783 0.0504145
0.68417 0.0459935 0.0656509 0.204186
0.0767062 0.101149 0.735851 0.0862936
0.295437 0.059658 0.507833 0.137072
0.257393 0.179683 0.498719 0.0642056
0.451006 0.0362838 0.394039 0.118671
0.519954 9.9991E-05 0.362617 0.117329
0.280539 9.9991E-05 0.652187 0.0671737
0.197953 0.110004 0.630938 0.0611048
0.17795 0.15845 0.487459 0.176141
0.60688 0.250668 0.0729868 0.0694651
0.125457 0.0412679 0.629716 0.203559
0.46566 9.9982E-05 0.53414 9.9982E-05
0.283861 0.00507206 0.676975 0.0340926
0.224422 0.0916308 0.532233 0.151715
0.177781 0.364533 0.0995453 0.358141
0.203416 0.215557 9.9991E-05 0.580928
0.306035 0.196263 9.9991E-05 0.497602
0.12433 0.397072 0.0304864 0.448111
0.175267 0.06219 0.762443 9.9991E-05
0.211275 0.110354 0.6371 0.0412713
9.9982E-05 0.686509 0.313291 9.9982E-05
0.0970856 0.512887 0.365578 0.0244486
9.9991E-05 0.422394 0.39694 0.180566
0.475117 0.0585362 0.418064 0.0482835
0.0747954 0.103047 0.651418 0.17074
0.551104 0.0728189 0.356938 0.0191389
0.136814 0.042034 0.722745 0.0984072
0.252899 0.0758807 0.617087 0.0541337
0.187278 0.0901759 0.65901 0.0635368
0.650233 0.0854355 0.250982 0.0133493
0.0407704 0.15162 0.80751 9.9991E-05
0.179169 0.113698 0.629593 0.0775411
9.998E-05 0.9997 9.998E-05 9.998E-05
0.0112395 0.94369 0.0449701 9.9991E-05
0.0388965 0.629949 0.331054 9.9991E-05
9.9982E-05 0.757545 0.242255 9.9982E-05
0.00449317 0.845846 0.103124 0.0465374
9.998E-05 0.9997 9.998E-05 9.998E-05
9.998E-05 0.9997 9.998E-05 9.998E-05
9.9982E-05 0.88878 0.11102 9.9982E-05
0.0393569 0.958547 0.00199638 9.9991E-05
9.998E-05 0.9997 9.998E-05 9.998E-05
9.998E-05 0.9997 9.998E-05 9.998E-05
9.9982E-05 0.813903 0.185897 9.9982E-05
9.9991E-05 0.820085 0.112905 0.06691
9.998E-05 0.9997 9.998E-05 9.998E-05
0.0935534 0.378413 0.424663 0.10337
0.0495341 0.670803 0.258175 0.0214884
9.9982E-05 0.813738 0.186062 9.9982E-05
9.9991E-05 0.908752 0.0772662 0.0138821
9.9982E-05 0.946814 0.0529859 9.9982E-05
9.9991E-05 0.943198 0.0373709 0.0193313
9.998E-05 0.9997 9.998E-05 9.998E-05
0.0518195 0.71266 0.19508 0.0404402
0.0467369 0.953063 9.9982E-05 9.9982E-05
0.504866 0.10996 9.9991E-05 0.385074
0.224029 0.140391 0.435296 0.200284
0.163619 0.0976709 0.469953 0.268757
0.29145 0.192769 0.253459 0.262321
0.113398 0.132298 0.536204 0.2181
0.241186 0.113413 0.315953 0.329449
0.183106 0.127332 0.479556 0.210005
0.187299 0.228865 0.38765 0.196185
0.0874803 0.176007 0.525513 0.211
0.142793 0.294993 0.374447 0.187767
0.177388 0.0823456 0.580597 0.159669
0.0589121 9.9991E-05 0.0694167 0.871571
9.9982E-05 0.0601234 9.9982E-05 0.939677
9.9982E-05 9.9982E-05 0.00716327 0.992637
0.00803762 9.9991E-05 0.00112088 0.990742
0.00701876 0.0744954 9.9991E-05 0.918386
9.9982E-05 0.0949778 9.9982E-05 0.904822
9.9982E-05 0.0738778 9.9982E-05 0.925922
0.0529115 0.0172215 9.9991E-05 0.929767
0.0285869 9.9991E-05 0.0307353 0.940578
0.0091565 0.10206 9.9991E-05 0.888683
0.342691 9.9982E-05 9.9982E-05 0.657109
0.318445 9.9991E-05 0.0135724 0.667882
0.411352 9.9982E-05 9.9982E-05 0.588448
0.425491 9.9991E-05 0.0348181 0.539591
0.235096 0.0514403 0.654874 0.0585898
0.288262 0.0133098 0.680891 0.0175372
0.174825 0.11102 0.661059 0.0530956
0.283215 9.9991E-05 0.656266 0.0604182
0.613305 0.000317155 0.335707 0.0506715
0.157814 0.0917662 0.75032 9.9991E-05
0.226199 0.0476561 0.723882 0.00226288
0.251148 9.9982E-05 0.748652 9.9982E-05
0.336478 0.0977129 0.565709 9.9991E-05
0.142626 0.0516043 0.751452 0.0543177
0.387464 9.9991E-05 0.611204 0.00123207
0.828034 9.9982E-05 0.171766 9.9982E-05
0.231735 9.9991E-05 0.693571 0.0745939
0.505435 9.9991E-05 0.489161 0.00530443
0.191844 0.0434348 0.719615 0.0451056
0.585941 9.9991E-05 0.40141 0.0125499
0.705793 9.9991E-05 0.0308609 0.263246
0.684815 9.9991E-05 0.103056 0.212029
0.793952 9.9991E-05 0.0420951 0.163853
0.756576 9.9991E-05 0.0168057 0.226519
0.824881 0.0380783 0.0474873 0.0895533
0.708341 0.0789423 0.0606358 0.15208
9.9991E-05 0.0889922 0.0409462 0.869962
0.0245202 0.0605491 0.0682935 0.846637
9.9991E-05 0.135695 0.064924 0.799281
0.0146072 0.157867 0.0360225 0.791503
9.9991E-05 0.0514081 0.114289 0.834203
0.503494 9.9982E-05 9.9982E-05 0.496306
0.47114 9.9982E-05 9.9982E-05 0.52866
0.465453 0.0391994 0.00461142 0.490736
9.9991E-05 0.0571126 0.096397 0.84639
0.553857 9.9991E-05 0.00124739 0.444796
0.0846806 0.387956 0.300225 0.227139
0.0110689 0.23879 0.622915 0.127226
9.9991E-05 0.387628 0.454985 0.157287
0.0589354 0.348774 0.337158 0.255133
0.0183804 0.248497 0.588451 0.144671
0.166214 0.358052 9.9991E-05 0.475634
0.371778 9.9991E-05 0.588062 0.0400601
0.405941 0.0287509 0.478051 0.0872573
0.414864 9.9991E-05 0.42562 0.159416
0.354101 0.0228153 0.611733 0.0113513
0.986128 0.0136716 9.9982E-05 9.9982E-05
0.238258 0.132578 0.531306 0.0978583
0.24941 0.00274379 0.630221 0.117625
0.373212 9.9991E-05 0.496861 0.129827
0.215283 0.0571255 0.568636 0.158956
0.732059 0.00774376 0.251408 0.00878902
0.366548 0.112327 0.513244 0.00788086
0.310154 0.0654545 0.587731 0.0366598
0.207143 0.221198 0.429822 0.141837
0.449285 0.0164383 0.534176 9.9991E-05
0.269301 0.07234 0.601824 0.0565352
0.262102 0.0954756 0.642323 9.9991E-05
0.280213 0.0168372 0.670007 0.0329433
0.137359 0.168376 0.676785 0.0174807
0.121439 0.0599733 0.678208 0.14038
0.134756 0.0658983 0.671248 0.128097
9.9991E-05 0.145328 0.0727555 0.781816
9.9991E-05 0.038679 0.0906546 0.870566
0.0750468 9.9991E-05 0.119006 0.805847
0.0575676 9.9991E-05 0.0830048 0.859328
9.9991E-05 0.021096 0.128074 0.85073
0.575635 0.082932 0.293321 0.0481124
0.207369 0.0954124 0.551122 0.146096
0.0567583 0.342298 0.393577 0.207366
0.126039 0.106246 0.736549 0.0311657
0.229802 0.0337155 0.660463 0.0760196
0.57745 0.178395 0.243349 0.000806399
0.730805 9.9991E-05 0.0672887 0.201806
0.227412 0.0103757 0.678398 0.0838145
0.566752 0.0287644 0.244655 0.159829
0.384327 0.0599382 0.50778 0.0479549
0.598063 0.030499 0.181999 0.189439
0.0756392 0.113249 0.677586 0.133526
0.562581 0.0094485 0.292694 0.135276
0.462358 0.0483945 0.436912 0.0523354
0.185202 0.0570901 0.694879 0.0628284
0.509837 0.027834 0.393955 0.0683739
0.274582 0.0239496 0.665636 0.0358322
0.151895 0.0813721 0.598039 0.168694
0.412133 9.9991E-05 0.501953 0.0858147
0.289848 0.189449 0.445053 0.0756497
0.223174 9.9991E-05 0.659731 0.116995
0.745633 0.0281461 0.225927 0.000294063
0.546666 9.9991E-05 0.408001 0.0452326
0.299591 0.00858707 0.632367 0.0594555
0.631318 9.9991E-05 0.320411 0.0481703
0.308628 9.9991E-05 0.614027 0.0772451
0.641312 0.035743 0.241846 0.0810987
0.641848 0.0415051 0.316547 9.9991E-05
0.323526 0.156754 0.48604 0.0336804
0.11151 0.106611 0.728412 0.0534669
0.592692 0.0132762 0.393932 9.9991E-05
0.206576 0.169347 0.503719 0.120358
0.177617 0.108848 0.685389 0.0281458
0.206244 0.16412 0.561338 0.0682985
0.327668 0.193854 0.478377 9.9991E-05
0.377181 0.113373 0.490833 0.0186129
0.540545 0.113658 0.34084 0.00495667
0.444714 0.12244 0.404548 0.0282978
0.190008 0.158646 0.651246 9.9991E-05
0.250122 0.127209 0.582425 0.0402442
0.326645 0.0408333 0.537206 0.0953164
0.281943 0.136508 0.581449 9.9991E-05
0.385151 0.0891651 0.435841 0.0898422
0.200443 0.0882778 0.667557 0.0437221
0.225026 0.110316 0.577675 0.0869833
0.32719 0.223148 0.383414 0.0662483
0.0196077 0.186144 0.467305 0.326943
0.0753944 0.319438 0.445774 0.159393
0.0431735 0.10419 0.661149 0.191487
0.109429 0.149441 0.63768 0.10345
0.00676647 0.27976 0.475027 0.238446
0.376493 0.104758 0.518648 9.9991E-05
0.0936549 0.187437 0.591278 0.127631
0.427781 0.202743 0.0819351 0.287541
0.0688875 0.254127 0.554373 0.122612
0.0826531 0.246384 0.508422 0.162542
0.105839 0.28918 0.483819 0.121162
0.21325 0.137593 0.419254 0.229904
9.9991E-05 0.162597 0.608676 0.228626
0.000362769 0.202613 0.608338 0.188686
0.251919 0.226677 9.9991E-05 0.521305
0.0385857 0.262 0.552536 0.146878
9.9991E-05 0.223814 0.581794 0.194292
0.0563573 0.190044 0.614779 0.138819
9.9991E-05 0.244123 0.503808 0.251969
0.0609298 0.13113 0.559759 0.248181
0.299645 0.185503 0.512407 0.00244516
0.171202 0.123372 0.624407 0.0810185
0.815936 0.0477009 0.136263 9.9991E-05
0.787797 0.0303882 0.181714 9.9991E-05
0.25694 0.112894 0.590141 0.0400251
0.130405 0.416072 0.404257 0.0492655
0.0415581 0.380877 0.429511 0.148054
0.210963 0.369299 0.195901 0.223837
0.111776 0.378698 0.33253 0.176996
0.57219 0.195516 0.178826 0.0534687
0.472151 0.257276 0.199551 0.0710212
0.207511 0.2614 0.530989 9.9991E-05
0.228496 0.182201 0.529746 0.0595582
0.436769 0.276325 0.242248 0.0446581
0.15703 0.240402 0.567235 0.0353331
0.144076 0.197289 0.658535 9.9991E-05
0.218454 0.196193 0.454299 0.131054
0.406652 9.9991E-05 0.508407 0.0848407
0.352065 0.0720337 0.575802 9.9991E-05
0.268493 0.163667 0.543409 0.0244309
0.410126 0.167639 0.422135 9.9991E-05
0.19515 0.136015 0.603127 0.0657082
0.256116 0.0468583 0.617528 0.0794974
0.577606 0.0419292 0.380365 9.9991E-05
0.129156 0.0375411 0.765895 0.0674073
0.633946 0.0538426 0.312111 9.9991E-05
0.285601 0.0703117 0.643987 9.9991E-05
0.157158 0.0723894 0.654057 0.116395
0.354291 0.0848188 0.56079 9.9991E-05
0.174909 0.223879 0.479034 0.122178
0.17317 0.188254 0.452792 0.185784
0.0962742 0.305326 0.413694 0.184706
0.177202 0.206645 0.396118 0.220034
0.152612 0.274005 0.432736 0.140647
0.0887412 0.281453 0.448901 0.180905
0.557651 0.275596 9.9991E-05 0.166653
0.0268923 0.285144 0.583222 0.104742
0.352312 0.233719 9.9991E-05 0.41387
0.119295 0.313255 0.541573 0.025877
0.681648 9.9982E-05 0.318152 9.9982E-05
0.834943 0.0667247 0.0982322 9.9991E-05
0.34546 0.0388398 0.6156 9.9991E-05
0.111923 0.0440633 0.804315 0.0396991
0.420331 9.9982E-05 0.579469 9.9982E-05
0.267352 0.0279389 0.704609 9.9991E-05
0.293705 0.11165 0.594545 9.9991E-05
0.0241041 0.0462762 0.0748363 0.854783
0.133187 0.111759 9.9991E-05 0.754954
9.9982E-05 0.0582555 9.9982E-05 0.941545
9.9982E-05 9.9982E-05 0.0314799 0.96832
0.212228 0.060624 0.671113 0.0560349
0.184941 0.0998955 0.705377 0.009787
0.223728 9.9982E-05 0.776072 9.9982E-05
0.09626 0.0519013 0.749364 0.102475
0.19722 0.113702 0.627558 0.0615202
0.492588 9.9991E-05 0.473996 0.0333158
0.0951502 9.9982E-05 0.90465 9.9982E-05
0.3794 9.9991E-05 0.590149 0.0303506
0.0275005 0.242405 0.468829 0.261265
0.339029 0.0516328 0.608146 0.00119261
0.374584 9.9991E-05 0.600565 0.0247516
0.185221 0.0948243 0.719855 9.9991E-05
0.338021 9.9991E-05 0.622953 0.0389266
0.154987 0.0717275 0.773186 9.9991E-05
0.0847732 0.034343 0.787215 0.0936687
0.509717 9.9982E-05 0.490083 9.9982E-05
0.448774 0.0154719 0.535655 9.9991E-05
0.411404 9.9982E-05 0.588396 9.9982E-05
0.781254 9.9982E-05 0.218546 9.9982E-05
0.325769 0.0115185 0.616038 0.0466741
0.619935 9.9982E-05 0.379865 9.9982E-05
0.750286 9.9982E-05 0.249514 9.9982E-05
0.0957528 0.0107511 0.827051 0.0664447
0.510452 9.9982E-05 0.489348 9.9982E-05
0.26281 0.116078 0.568917 0.0521938
0.0850081 0.0928966 0.734552 0.0875432
0.187711 0.0382211 0.745316 0.0287512
0.460607 0.125675 0.413618 9.9991E-05
0.187925 0.0407748 0.740486 0.0308138
0.205716 9.9991E-05 0.71453 0.0796535
0.40543 9.9982E-05 0.59437 9.9982E-05
0.17982 0.048015 0.643429 0.128736
0.279926 0.0103877 9.9991E-05 0.709586
0.13398 9.9991E-05 0.0665324 0.799387
0.130364 9.9982E-05 9.9982E-05 0.869436
0.138379 9.9982E-05 9.9982E-05 0.861421
0.13443 9.9991E-05 0.0644019 0.801068
0.534735 9.9991E-05 0.437798 0.0273665
0.535966 9.9991E-05 0.416513 0.0474215
0.535557 9.9982E-05 0.464243 9.9982E-05
0.13822 0.101904 0.660903 0.0989727
0.117906 0.166584 0.61511 0.100401
0.422512 0.0405226 0.536866 9.9991E-05
0.156589 0.083867 0.751467 0.00807714
0.284647 0.147444 0.547444 0.0204651
0.177558 9.9991E-05 0.752525 0.0698172
0.14623 0.0617183 0.73786 0.0541914
0.474659 9.9982E-05 0.525141 9.9982E-05
0.316342 9.9991E-05 0.680599 0.00295911
0.36758 9.9991E-05 0.629565 0.00275516
0.0990175 9.9991E-05 0.754972 0.145911
0.280178 9.9991E-05 0.698082 0.0216397
0.275219 9.9991E-05 0.69219 0.0324904
0.0251684 0.509745 0.373153 0.0919342
9.9991E-05 0.52446 0.367951 0.107489
9.9991E-05 0.446483 0.406916 0.146501
0.0789416 0.661413 0.184993 0.0746521
9.9991E-05 0.392059 0.457808 0.150034
0.184836 0.0357109 0.71152 0.0679334
9.9991E-05 0.722278 0.0285531 0.249069
0.0380654 0.497198 0.323705 0.141032
0.177482 0.207891 0.494294 0.120333
0.0260079 9.9991E-05 0.731906 0.241986
0.213792 0.0240478 0.580476 0.181685
0.10048 9.9991E-05 0.696726 0.202694
0.119184 0.129937 0.671974 0.0789044
9.9991E-05 0.460258 0.281126 0.258517
9.9991E-05 0.440856 0.442042 0.117002
9.9991E-05 0.586004 0.333569 0.0803276
0.107612 0.379978 0.406062 0.106348
0.0328133 0.659266 0.212604 0.095316
0.00593299 0.343973 0.459314 0.19078
0.0060232 0.694441 0.221098 0.0784386
0.0347819 0.453373 0.417943 0.0939017
0.135455 0.0667211 0.703493 0.0943304
0.00502382 0.415595 0.406846 0.172535
9.9991E-05 0.649192 0.176455 0.174252
0.081266 0.466776 0.315578 0.13638
0.444946 9.9991E-05 0.34122 0.213734
0.154996 0.176147 0.649897 0.0189591
0.0585238 0.366355 0.401329 0.173792
9.9991E-05 0.131309 0.702461 0.166129
0.166945 0.0217505 0.632396 0.178908
0.129848 0.27651 0.380236 0.213406
0.0750233 0.327038 0.372066 0.225873
0.135452 0.208274 0.542587 0.113688
0.0113582 0.467332 0.421589 0.0997213
9.9991E-05 0.523148 0.359464 0.117288
0.00972126 0.661928 0.119678 0.208673
0.0437764 0.140032 0.687361 0.12883
0.188748 9.9991E-05 0.578204 0.232948
0.503516 0.105252 0.208751 0.182481
0.100539 0.115238 0.595786 0.188437
0.350173 0.0998456 0.508249 0.0417326
0.0419628 0.123577 0.569429 0.265031
0.205862 0.179054 0.526403 0.0886816
0.367325 0.25724 9.9991E-05 0.375335
0.419314 0.219611 9.9991E-05 0.360975
0.280909 0.15357 0.371325 0.194196
0.362496 0.26646 0.00785899 0.363185
0.236284 0.281923 9.9991E-05 0.481693
0.225656 0.185885 0.418566 0.169893
0.124353 0.139175 0.461875 0.274597
0.250991 0.195059 0.222584 0.331366
0.308282 0.215143 0.115911 0.360664
0.146796 0.277955 0.455819 0.119429
0.36794 0.175306 0.235203 0.221552
0.315215 0.15469 9.9991E-05 0.529995
0.0475442 0.204118 0.540199 0.208139
0.197246 0.31533 0.332564 0.154861
0.0386221 0.216649 0.427005 0.317724
9.9991E-05 0.340851 0.508782 0.150266
0.0554176 0.179609 0.581037 0.183937
0.0459129 0.341831 0.477305 0.134951
9.9991E-05 0.228293 0.395421 0.376185
9.9991E-05 0.169159 0.597966 0.232775
9.9991E-05 0.249276 0.484483 0.266141
0.206458 0.326062 0.268967 0.198513
0.24309 0.154339 0.402015 0.200556
0.127681 0.194153 0.511897 0.166269
0.0680708 0.173302 0.61207 0.146557
0.176694 0.158673 0.582116 0.0825161
9.9991E-05 0.308867 0.351425 0.339608
9.9991E-05 0.240056 0.558281 0.201563
0.179221 0.28496 0.145182 0.390636
0.058046 0.28642 0.497091 0.158443
0.172392 0.361187 0.21569 0.250732
0.172092 9.9982E-05 9.9982E-05 0.827708
0.60672 9.9991E-05 0.243707 0.149473
0.82711 9.9982E-05 9.9982E-05 0.17269
0.787076 9.9991E-05 0.0396852 0.173139
0.747775 0.0431676 0.102389 0.106667
0.716154 9.9991E-05 0.106288 0.177458
0.746082 9.9991E-05 0.133804 0.120014
0.818942 9.9982E-05 9.9982E-05 0.180858
0.618713 9.9991E-05 0.02007 0.361117
9.9991E-05 0.00471769 0.0377612 0.957421
0.0775007 9.9991E-05 0.0258259 0.896573
9.9991E-05 0.0425205 0.0487624 0.908617
0.0373071 9.9991E-05 0.0855927 0.877
0.0296666 0.0721158 9.9991E-05 0.898118
0.0818806 9.9982E-05 9.9982E-05 0.917919
0.0099557 0.170804 0.0423851 0.776855
9.9991E-05 0.0681657 0.0358463 0.895888
0.0739922 0.0699719 0.10371 0.752326
9.9982E-05 0.0585878 9.9982E-05 0.941212
0.0147121 9.9982E-05 9.9982E-05 0.985088
0.0579577 0.0763786 0.023385 0.842279
9.9982E-05 0.0176308 9.9982E-05 0.982169
9.9991E-05 0.0514124 0.0176813 0.930806
9.9991E-05 0.030109 0.0741477 0.895643
9.9991E-05 0.0621795 0.0651997 0.872521
9.9991E-05 0.182759 0.0296161 0.787525
9.9991E-05 0.112038 0.104065 0.783797
9.9991E-05 0.0549621 0.104786 0.840152
0.296628 0.0708563 0.458762 0.173754
0.0673954 0.0336386 0.757362 0.141604
0.0890421 0.151762 0.604699 0.154497
0.568674 0.0640844 0.248038 0.119203
0.145356 0.0347264 0.678464 0.141454
0.526148 0.114256 0.183174 0.176422
0.183078 0.177049 0.548919 0.0909538
0.306392 9.9991E-05 0.560459 0.133049
0.114838 0.0116053 0.731827 0.14173
0.213987 9.9991E-05 0.724271 0.0616419
0.244918 9.9991E-05 0.597548 0.157434
0.0572304 9.9991E-05 0.836445 0.106224
0.111479 0.0417758 0.715996 0.13075
0.770701 0.0942571 0.119642 0.0154
0.826507 0.0107605 0.0519534 0.110779
0.575734 0.0686943 0.220061 0.135511
0.0486315 0.0832868 0.704869 0.163213
0.231105 0.0386994 0.598893 0.131303
0.0945398 0.03565 0.678469 0.191341
0.151722 0.142405 0.580369 0.125504
0.0319618 0.248648 0.566451 0.152939
9.9991E-05 0.248393 0.608362 0.143145
0.217306 0.21941 0.151396 0.411888
0.0549536 0.0350715 0.748246 0.161729
0.0920523 0.151773 0.458919 0.297256
0.31067 0.249685 9.9991E-05 0.439545
0.0872928 0.332838 0.327877 0.251992
0.0512124 0.241442 0.373242 0.334104
0.072077 0.125329 0.478636 0.323958
0.111375 0.245422 0.517411 0.125792
0.0178509 0.193674 0.555256 0.233219
0.0318796 0.225695 0.650622 0.0918038
0.190396 0.19149 0.458026 0.160088
9.9991E-05 0.207514 0.32972 0.462666
