9.9982E-05 0.0616428 0.938157 9.9982E-05
0.0462054 9.9982E-05 0.953595 9.9982E-05
9.999E-05 0.0486815 0.860368 0.0908503
0.00287716 0.043995 0.869538 0.0835899
0.00510925 0.100605 0.894186 9.9991E-05
0.118058 0.0890505 0.688694 0.104198
0.0771243 0.000769541 0.91548 0.0066264
0.124929 0.0253425 0.81733 0.0323982
0.137074 9.9982E-05 0.862726 9.9982E-05
0.085998 0.0679657 0.723821 0.122215
0.115519 9.9991E-05 0.835613 0.0487686
0.546942 0.0565804 0.0178038 0.378674
0.279673 0.0786209 0.0370202 0.604686
0.467618 0.07501 0.0970079 0.360364
0.299235 0.095103 0.154663 0.450999
0.217519 0.151733 0.126579 0.504168
0.148531 0.143066 0.0592549 0.649148
0.329186 0.126564 0.0135975 0.530652
0.270794 0.0542358 0.249627 0.425343
0.694125 0.00468467 0.148552 0.152638
0.299966 0.0449311 0.0601774 0.594926
0.297343 0.0263032 0.109794 0.566559
0.214916 0.000855631 0.0577846 0.726444
0.423966 0.097847 0.058545 0.419642
0.0174955 0.0848321 0.139048 0.758624
0.188189 0.113171 0.0982632 0.600378
0.527601 0.0731085 0.0863183 0.312972
0.36709 0.188683 0.0862256 0.358002
0.524659 0.058481 0.0430229 0.373837
9.9991E-05 0.0589598 0.865217 0.0757233
9.9991E-05 0.0314608 0.847549 0.12089
9.9991E-05 0.0618996 0.825199 0.112801
9.9991E-05 0.0625528 0.814261 0.123086
0.175744 9.9991E-05 0.0811664 0.74299
0.234982 0.0694119 0.062215 0.633391
0.0452142 9.9991E-05 0.0771088 0.877577
0.551132 9.9991E-05 0.158617 0.290151
0.397966 9.9991E-05 0.0149802 0.586953
0.267854 0.16036 0.0175778 0.554208
0.125873 0.154405 9.9991E-05 0.719621
0.0895806 9.9991E-05 0.13765 0.772669
0.0845249 0.0155139 0.118792 0.781169
0.555986 9.9991E-05 0.0217923 0.422122
0.121233 0.141703 0.0939732 0.643091
0.0841538 0.145852 0.0627803 0.707214
0.150912 0.0159485 0.156855 0.676284
0.363786 9.9982E-05 9.9982E-05 0.636014
0.0514686 0.0815822 0.0488307 0.818119
0.0829548 0.146015 0.103496 0.667533
0.799249 0.00298818 0.100638 0.0971256
0.62179 9.9991E-05 0.0334742 0.344636
0.723421 0.0675503 0.0496064 0.159422
0.143535 0.206911 0.0682331 0.581322
0.0843793 0.114836 0.125958 0.674827
0.132551 0.159689 0.0408453 0.666915
0.496226 9.9991E-05 0.168021 0.335653
0.166915 0.0696443 0.0850254 0.678415
0.219036 0.0753422 0.0682368 0.637385
0.302622 9.9991E-05 0.168014 0.529265
0.529571 0.0564659 0.270216 0.143747
0.281871 0.108323 0.0524206 0.557385
0.324218 0.106228 0.101501 0.468053
0.694561 9.9991E-05 0.11464 0.190699
0.291626 0.0187753 0.021334 0.668265
0.145879 0.126186 9.9991E-05 0.727835
0.150678 0.132861 0.087762 0.628699
0.412356 0.0556715 0.0705965 0.461376
0.263652 0.0864472 0.0676987 0.582203
0.199201 0.0837191 0.0995186 0.617561
0.569594 9.9991E-05 0.0891801 0.341126
0.203253 0.00732667 9.9991E-05 0.789321
0.500764 9.9991E-05 0.0096296 0.489507
0.239521 0.0620771 0.100553 0.59785
0.719309 9.9982E-05 9.9982E-05 0.280491
0.765526 9.9982E-05 9.9982E-05 0.234274
0.432647 9.9982E-05 9.9982E-05 0.567154
0.277833 9.9991E-05 0.00515579 0.716911
0.148795 0.0826305 0.142283 0.626291
0.302562 0.0507263 9.9991E-05 0.646612
0.437689 9.9991E-05 0.0778461 0.484365
0.463128 9.9991E-05 0.0553865 0.481385
0.0928259 0.0368999 0.182314 0.68796
0.376289 9.9982E-05 9.9982E-05 0.623511
0.264833 9.9991E-05 0.0820925 0.652975
0.383837 9.9982E-05 9.9982E-05 0.615963
0.765861 0.0494803 9.9991E-05 0.184559
0.148519 0.0681733 9.9991E-05 0.783208
9.9991E-05 0.0417159 0.850352 0.107832
9.9982E-05 9.9982E-05 0.935159 0.0646415
9.9991E-05 0.0361829 0.885138 0.0785791
9.9991E-05 0.0247595 0.938996 0.0361446
9.9991E-05 0.00207976 0.902069 0.0957511
9.9991E-05 0.0217934 0.904965 0.0731412
9.9982E-05 9.9982E-05 0.956704 0.0430958
0.148928 0.0616449 0.094244 0.695183
0.146687 0.0983877 0.118676 0.636249
0.654129 9.9991E-05 0.0124581 0.333313
0.167864 0.0751625 0.0651767 0.691797
0.25009 9.9991E-05 0.00456129 0.745249
0.155297 0.0465544 0.0126927 0.785456
0.231626 0.083066 0.00195284 0.683355
0.168042 0.0265156 0.0212056 0.784237
0.74992 9.9991E-05 0.0491122 0.200868
0.202643 0.063149 0.193994 0.540214
0.11687 0.0999913 0.0190471 0.764091
0.174877 0.165546 0.068306 0.59127
0.44296 0.000940484 9.9991E-05 0.556
0.259026 9.9982E-05 9.9982E-05 0.740774
0.283914 9.9991E-05 0.0699898 0.645996
0.324478 0.026282 9.9991E-05 0.64914
0.24074 9.9991E-05 0.0559447 0.703215
0.163296 0.120354 0.0999926 0.616357
0.510492 0.0862857 0.0621666 0.341055
0.25483 0.0348564 0.157741 0.552572
0.180087 0.12514 0.0702264 0.624547
0.131256 0.0722506 0.149222 0.647272
0.234266 9.9991E-05 0.127742 0.637892
0.229591 0.106087 0.0550254 0.609296
0.282544 9.9991E-05 0.086479 0.630877
0.141236 0.0371677 0.129133 0.692463
0.247891 0.143359 9.9991E-05 0.60865
0.190524 9.9991E-05 0.0774619 0.731914
0.34155 9.9991E-05 0.0501179 0.608232
0.246495 0.112703 0.0765013 0.564301
0.162355 0.120097 0.0843542 0.633194
0.259037 0.0973713 0.00915364 0.634438
0.223591 0.0385816 0.105919 0.631908
0.220509 0.0973449 0.077727 0.604419
0.319978 0.0446782 0.14875 0.486594
0.117731 0.158828 0.0986113 0.62483
0.16988 0.124517 9.9991E-05 0.705503
0.517864 0.0359567 0.0917602 0.354419
0.681421 0.101636 0.0568727 0.160071
0.19452 0.102879 0.0688075 0.633793
0.757778 0.117652 9.9991E-05 0.12447
0.494121 0.0152267 0.0812493 0.409403
0.319997 9.9991E-05 0.0544746 0.625428
0.468857 9.9991E-05 0.0624299 0.468613
0.581686 0.078917 0.0433718 0.296025
0.189283 0.100075 0.0578353 0.652806
0.229623 0.101079 0.119297 0.550002
0.323269 0.0558848 0.0257867 0.59506
0.678552 0.136135 9.9991E-05 0.185213
0.143275 0.0569321 0.167305 0.632488
0.244835 0.0536405 0.105972 0.595552
0.674328 0.0374315 0.193201 0.0950392
0.12996 0.0831247 0.138336 0.648579
0.336813 0.093382 0.136312 0.433494
0.204642 0.155835 0.10005 0.539473
0.459891 0.0574724 0.113139 0.369498
0.51733 9.9991E-05 0.143748 0.338822
0.37024 0.0413559 0.0820205 0.506384
0.1507 0.0661296 0.130733 0.652437
0.211906 0.120244 0.195951 0.471899
0.599239 0.237182 0.118366 0.0452127
0.241102 0.101311 0.0678214 0.589766
0.425624 9.9991E-05 0.00092244 0.573354
0.387209 0.0252304 9.9991E-05 0.58746
0.191853 0.125211 0.145895 0.537041
0.217481 0.3338 0.30539 0.143329
0.162052 0.205702 0.632146 9.9991E-05
0.26462 0.19132 0.543959 9.9991E-05
0.132906 0.433055 0.433939 9.9991E-05
0.126238 0.120804 9.9991E-05 0.752858
0.186377 0.065657 0.0728986 0.675067
9.9982E-05 0.768822 9.9982E-05 0.230978
0.112368 0.457509 0.0455994 0.384523
0.0523298 0.423372 0.116766 0.407533
0.447683 0.0222802 0.0579928 0.472044
0.213083 0.112926 0.0760918 0.597899
0.587283 0.088545 0.0178179 0.306354
0.22783 0.0452593 9.9991E-05 0.726811
0.318234 0.147281 0.0425415 0.491943
0.250376 0.142148 0.033942 0.573535
0.622074 0.0698045 9.9991E-05 0.308022
0.0994321 0.193952 0.0501074 0.656509
0.232602 0.176969 0.0760398 0.514389
9.998E-05 0.9997 9.998E-05 9.998E-05
0.013861 0.940197 9.9991E-05 0.0458423
0.12366 0.565102 0.0170918 0.294147
9.9982E-05 0.684744 9.9982E-05 0.315056
0.0105307 0.860891 0.0630772 0.0655008
9.998E-05 0.9997 9.998E-05 9.998E-05
0.0179237 0.977005 0.00497101 9.9991E-05
9.9982E-05 0.845999 9.9982E-05 0.153801
9.9982E-05 0.954293 9.9982E-05 0.045507
9.998E-05 0.9997 9.998E-05 9.998E-05
9.998E-05 0.9997 9.998E-05 9.998E-05
9.9991E-05 0.770271 0.0751054 0.154524
9.9991E-05 0.81934 0.0903382 0.0902214
9.9982E-05 0.975758 9.9982E-05 0.0240416
0.0730481 0.424806 0.101339 0.400807
9.9991E-05 0.628684 0.0837095 0.287507
0.00275339 0.849475 0.0143406 0.133431
0.010097 0.931278 0.0421235 0.0165012
9.9982E-05 0.993406 9.9982E-05 0.0063936
9.9982E-05 0.907631 9.9982E-05 0.0921694
9.998E-05 0.9997 9.998E-05 9.998E-05
0.01227 0.641539 0.0538809 0.29231
0.0166175 0.931027 0.0327053 0.0196498
0.49462 0.118631 0.386649 9.9991E-05
0.207173 0.0401969 0.225748 0.526882
0.187829 0.0842035 0.277618 0.450349
0.343343 0.210932 0.283484 0.162241
0.135022 0.188005 0.125354 0.551619
0.307298 0.15745 0.272557 0.262695
0.182232 0.129399 0.196345 0.492024
0.218634 0.265198 0.191568 0.3246
0.1073 0.203052 0.149217 0.540431
0.154831 0.292924 0.209367 0.342879
0.169748 0.0786457 0.18341 0.568196
0.0869698 9.9991E-05 0.864961 0.047969
9.9982E-05 0.0633123 0.936488 9.9982E-05
0.0327723 9.9982E-05 0.967028 9.9982E-05
9.9982E-05 9.9982E-05 0.97394 0.0258599
0.0253173 0.047534 0.927049 9.9991E-05
9.9982E-05 0.0954805 0.90432 9.9982E-05
9.9991E-05 0.0722975 0.885778 0.0418247
0.0525123 0.019574 0.910573 0.0173406
9.9991E-05 0.0483048 0.931891 0.0197044
9.9982E-05 0.141249 0.858551 9.9982E-05
0.345991 9.9982E-05 0.653809 9.9982E-05
0.308661 0.00266437 0.688574 9.9991E-05
0.419912 9.9982E-05 0.579888 9.9982E-05
0.42083 9.9991E-05 0.571369 0.00770091
0.1528 9.9991E-05 0.107736 0.739364
0.217477 0.0493741 0.0370893 0.696059
0.199645 0.0231834 0.0852118 0.69196
0.35825 9.9991E-05 0.075581 0.566069
0.572637 9.9991E-05 0.0530889 0.374174
0.133598 0.149121 0.0436299 0.673651
0.209415 0.0096311 9.9991E-05 0.780854
0.296429 0.0320707 9.9991E-05 0.6714
0.347943 0.0382334 9.9991E-05 0.613724
0.15814 0.132064 0.0202524 0.689544
0.363099 0.0229015 9.9991E-05 0.613899
0.851671 9.9982E-05 9.9982E-05 0.148129
0.108762 9.9991E-05 0.100935 0.790204
0.483965 0.00302962 0.0199277 0.493077
0.310145 0.000615879 9.9991E-05 0.689139
0.65217 9.9991E-05 0.0241819 0.323548
0.728464 9.9991E-05 0.245498 0.0259388
0.676174 9.9991E-05 0.212008 0.111718
0.788334 9.9991E-05 0.167429 0.0441371
0.773847 9.9982E-05 0.225953 9.9982E-05
0.735976 9.9991E-05 0.130829 0.133095
0.652949 0.000803102 0.207754 0.138494
9.9991E-05 0.0639041 0.877125 0.0588711
9.9991E-05 0.0545115 0.878245 0.0671436
9.9991E-05 0.157921 0.770393 0.0715858
9.9991E-05 0.131849 0.777955 0.0900957
9.9991E-05 0.112428 0.857232 0.0302398
0.483035 9.9991E-05 0.509436 0.00742878
0.443249 9.9982E-05 0.556551 9.9982E-05
0.459589 0.00550325 0.534808 9.9991E-05
9.9991E-05 0.0107064 0.827741 0.161453
0.521098 9.9982E-05 0.478702 9.9982E-05
0.106947 0.375596 0.255466 0.261991
9.9991E-05 0.2076 0.196601 0.595698
9.9991E-05 0.304751 0.159636 0.535513
0.00809066 0.237497 0.350179 0.404234
0.0645165 0.273653 0.236271 0.425559
0.141151 0.373873 0.484877 9.9991E-05
0.373922 0.0186214 0.0251463 0.582311
0.439978 0.0426033 0.0276221 0.489796
0.368024 9.9991E-05 0.175336 0.456541
0.376848 0.0572278 9.9991E-05 0.565824
0.994655 0.0051453 9.9982E-05 9.9982E-05
0.178533 0.038798 0.0836684 0.699001
0.332424 0.0501728 0.0465368 0.570866
0.425592 9.9991E-05 0.111094 0.463214
0.154967 0.0912979 0.113903 0.639832
0.675231 9.9991E-05 0.0400293 0.284639
0.364246 0.0538957 0.00498846 0.57687
0.29183 0.0570879 0.0210019 0.63008
0.159368 0.20513 0.14644 0.489062
0.47049 0.0622459 9.9991E-05 0.467164
0.30913 9.9991E-05 0.0776857 0.613084
0.245436 0.126695 0.0275261 0.600342
0.289727 0.0325566 0.0114373 0.66628
0.183218 0.131647 0.0461577 0.638978
0.111772 0.100137 0.121512 0.666579
0.149856 0.0273439 0.131745 0.691054
9.9991E-05 0.111503 0.783747 0.104651
9.9991E-05 0.0395656 0.879031 0.0813029
0.0557286 0.0152971 0.839199 0.0897755
0.053814 0.0128745 0.871488 0.0618234
9.9991E-05 0.033261 0.869375 0.0972643
0.547978 9.9991E-05 0.120931 0.33099
0.216584 0.0795761 0.0976107 0.606229
0.0634952 0.278323 0.201334 0.456848
0.0683817 0.0757457 0.0890222 0.76685
0.241067 0.0122389 0.0763746 0.67032
0.513939 0.11586 0.0866526 0.283548
0.728196 9.9991E-05 0.193922 0.0777828
0.193303 0.0302223 0.0849815 0.691493
0.548859 0.0399732 0.135058 0.276109
0.33232 0.052746 0.0425582 0.572376
0.546001 9.9991E-05 0.216467 0.237431
0.119585 0.0530709 0.16737 0.659974
0.526357 9.9991E-05 0.148198 0.325346
0.390275 0.129798 0.049887 0.43004
0.262281 0.082871 0.0743112 0.580537
0.506445 0.0600428 0.074036 0.359477
0.174161 9.9991E-05 0.147164 0.678576
0.104077 0.0996046 0.108164 0.688155
0.4961 0.00538081 0.0423692 0.45615
0.217731 0.0445306 0.118236 0.619503
0.223467 0.0986687 0.0449292 0.632935
0.734344 9.9982E-05 9.9982E-05 0.265456
0.570729 0.0125899 0.0209174 0.395763
0.290149 9.9991E-05 0.070645 0.639106
0.669783 9.9991E-05 0.0470178 0.283099
0.324272 0.0136584 0.0580873 0.603983
0.661153 0.0120468 0.0394194 0.287381
0.618733 0.100163 9.9991E-05 0.281003
0.38365 0.0221142 0.0810018 0.513234
0.0846465 0.0995399 0.0925772 0.723236
0.556263 9.9991E-05 0.0067665 0.43687
0.286009 0.10422 0.0657865 0.543985
0.140015 0.0681395 0.0506883 0.741157
0.26851 0.10901 0.0667283 0.555751
0.267476 0.145097 0.00900369 0.578423
0.374089 0.0203127 0.0682189 0.537379
0.547561 0.0850875 9.9991E-05 0.367252
0.372366 0.0931745 0.11633 0.418129
0.231959 0.0886302 0.0242877 0.655123
0.193606 0.0579576 0.109768 0.638668
0.327655 0.0528727 0.10684 0.512632
0.253253 0.116859 9.9991E-05 0.629788
0.3385 0.0394057 0.16072 0.461375
0.240036 0.0701326 0.00128946 0.688542
0.208016 0.0887454 0.0539072 0.649332
0.24028 0.161874 0.0905937 0.507252
9.9991E-05 0.0535411 0.418325 0.528034
0.16459 0.354944 0.0715549 0.408911
0.07443 0.225799 0.169391 0.530379
0.115961 0.124105 0.124988 0.634946
0.0422318 0.237578 0.233993 0.486197
0.395336 0.0852974 9.9991E-05 0.519267
0.0545515 0.0887209 0.203315 0.653412
0.457824 0.20245 0.279835 0.0598904
0.0344746 0.178088 0.16152 0.625917
0.139238 0.193826 0.109126 0.55781
0.136608 0.339145 0.0319314 0.492315
0.223304 0.15684 0.251493 0.368363
9.9991E-05 0.189185 0.202246 0.60847
0.0571286 0.224751 0.160714 0.557407
0.24413 0.227955 0.527815 9.9991E-05
9.9991E-05 0.213197 0.198173 0.58853
0.0679156 0.330801 0.158882 0.442401
0.069227 0.15359 0.16088 0.616303
9.9991E-05 0.248524 0.216292 0.535084
0.119338 0.169362 0.18226 0.52904
0.304546 0.0821473 0.0491732 0.564134
0.175264 0.146067 0.0667903 0.611878
0.805397 0.0897672 9.9991E-05 0.104735
0.845337 0.0368844 9.9991E-05 0.117679
0.227279 0.133717 0.0740285 0.564976
0.00927265 0.407193 0.12771 0.455824
0.108152 0.426755 0.140308 0.324785
0.207503 0.409005 0.194344 0.189148
0.0572283 0.302333 0.227594 0.412845
0.568475 0.182179 0.0907637 0.158583
0.466372 0.212058 0.0747854 0.246785
0.153507 0.238702 9.9991E-05 0.607691
0.225575 0.198948 0.0507663 0.524711
0.498058 0.252791 0.0379458 0.211205
0.143312 0.188854 0.100155 0.567679
0.222497 0.242847 9.9991E-05 0.534555
0.152675 0.141679 0.132829 0.572817
0.431101 9.9991E-05 0.0320613 0.536737
0.480998 0.0958414 9.9991E-05 0.42306
0.269399 0.0966815 9.9991E-05 0.63382
0.340369 0.0418308 0.0988748 0.518926
0.269398 0.138981 0.0516499 0.539971
0.260213 0.0274141 0.0457278 0.666646
0.604369 0.00867815 9.9991E-05 0.386853
0.228214 0.137657 9.9991E-05 0.634029
0.627291 0.0199432 9.9991E-05 0.352666
0.379194 0.070487 0.00449291 0.545826
0.175274 0.0751302 0.0521072 0.697489
0.380373 0.0884587 9.9991E-05 0.531068
0.00619112 0.249769 0.211374 0.532665
0.190252 0.0928155 0.161894 0.555039
0.0967007 0.300234 0.215091 0.387974
0.195118 0.291074 0.165356 0.348452
0.0883352 0.258238 0.223543 0.429883
0.147384 0.251989 0.17668 0.423948
0.532422 0.287849 0.179629 9.9991E-05
0.0174923 0.19245 0.139918 0.65014
0.382509 0.225263 0.392128 9.9991E-05
0.115923 0.270796 0.0843455 0.528935
0.68555 9.9982E-05 9.9982E-05 0.31425
0.865771 0.0567374 9.9991E-05 0.0773917
0.398894 0.0419195 9.9991E-05 0.559086
0.151102 0.01833 0.0943453 0.736223
0.385656 9.9982E-05 9.9982E-05 0.614144
0.259066 0.0177002 0.076682 0.646552
0.258999 0.0457793 9.9991E-05 0.695122
0.0791586 0.0944745 0.784468 0.0418994
0.126084 0.104015 0.769801 9.9991E-05
9.9982E-05 0.0773857 0.922414 9.9982E-05
9.9982E-05 9.9982E-05 0.970633 0.029167
0.176407 0.0414275 0.0659173 0.716248
0.204879 0.0561453 0.0631792 0.675797
0.259323 9.9982E-05 9.9982E-05 0.740477
0.159968 0.0464157 0.0422679 0.751348
0.185713 0.111167 0.0980769 0.605042
0.481014 9.9991E-05 0.0269259 0.49196
0.169624 0.0342617 0.00473053 0.791384
0.40044 9.9982E-05 9.9982E-05 0.59936
0.0571578 0.199889 0.271569 0.471384
0.28162 0.047491 9.9991E-05 0.670789
0.401634 9.9982E-05 9.9982E-05 0.598166
0.227954 0.0113971 0.0133821 0.747266
0.316138 9.9982E-05 9.9982E-05 0.683662
0.166402 0.0427424 9.9991E-05 0.790756
0.193653 0.0822987 0.073423 0.650626
0.585967 9.9982E-05 9.9982E-05 0.413833
0.488034 0.0299306 9.9991E-05 0.481935
0.433426 9.9982E-05 9.9982E-05 0.566374
0.822546 9.9982E-05 9.9982E-05 0.177254
0.299034 0.0171365 0.0306825 0.653147
0.616503 0.00561476 9.9991E-05 0.377783
0.799527 9.9982E-05 9.9982E-05 0.200273
0.245674 0.10099 9.9991E-05 0.653237
0.482768 9.9991E-05 0.0322438 0.484888
0.31083 0.036365 0.0159194 0.636886
0.104212 0.0445586 0.108094 0.743136
0.201085 9.9991E-05 0.0132092 0.785606
0.444493 0.15474 9.9991E-05 0.400667
0.17665 0.00340045 0.00336216 0.816587
0.308539 0.0548578 9.9991E-05 0.636503
0.408641 9.9982E-05 9.9982E-05 0.591159
0.228467 0.0394232 0.124305 0.607805
0.224718 9.9991E-05 0.752593 0.0225887
0.125847 0.0128566 0.788518 0.0727787
0.102537 9.9982E-05 0.897263 9.9982E-05
0.158155 9.9982E-05 0.841645 9.9982E-05
0.178588 9.9991E-05 0.767999 0.0533132
0.561878 9.9991E-05 0.0152732 0.422749
0.573683 9.9991E-05 0.0343908 0.391826
0.530296 9.9982E-05 9.9982E-05 0.469504
0.214982 0.0870502 0.0604602 0.637507
0.151068 0.128454 0.117817 0.60266
0.333307 9.9991E-05 0.0558093 0.610784
0.179634 0.127567 0.00860592 0.684192
0.318365 0.0671312 0.0438402 0.570663
0.241399 0.0563562 0.00423734 0.698007
0.185582 0.0268279 0.0670693 0.72052
0.432943 0.014175 0.00952739 0.543355
0.347497 9.9982E-05 9.9982E-05 0.652303
0.447386 9.9982E-05 9.9982E-05 0.552414
0.0892529 0.00831276 0.178714 0.723721
0.305243 9.9982E-05 9.9982E-05 0.694558
0.287857 0.0623482 0.0724302 0.577364
9.9991E-05 0.48425 0.0938064 0.421843
0.019493 0.511425 0.134396 0.334685
9.9991E-05 0.493457 0.0969421 0.409501
9.9991E-05 0.547666 0.132986 0.319248
0.0973322 0.308835 0.120223 0.47361
0.187293 0.100572 0.0483363 0.663799
0.00202874 0.668444 0.243423 0.0861042
0.0169424 0.534113 0.121551 0.327393
0.175089 0.169097 0.205083 0.450731
0.125803 9.9991E-05 0.192015 0.682082
0.258152 0.0656857 0.177454 0.498708
0.068996 0.0139789 0.172161 0.744864
0.0803915 9.9991E-05 0.166421 0.753087
9.9991E-05 0.510728 0.16768 0.321492
9.9991E-05 0.398889 0.138812 0.462198
9.9991E-05 0.616685 0.0109589 0.372256
0.0801861 0.352768 0.0923144 0.474732
9.9991E-05 0.551484 0.136628 0.311788
0.0046825 0.404647 0.153907 0.436763
0.0728648 0.558706 0.106022 0.262407
0.101645 0.409595 0.0869625 0.401798
0.181301 0.0777592 0.0909381 0.650002
9.9991E-05 0.309528 0.214469 0.475903
9.9991E-05 0.614243 0.173489 0.212168
0.0340943 0.317291 0.172279 0.476336
0.397684 9.9991E-05 0.242838 0.359378
0.177461 0.139401 0.0593752 0.623762
9.9991E-05 0.353426 0.1746 0.471875
0.1782 0.0916656 0.0658137 0.66432
0.127516 9.9991E-05 0.216729 0.655654
0.0397564 0.257792 0.193122 0.509329
0.0831476 0.321522 0.217633 0.377698
0.0973168 0.180382 0.145547 0.576754
9.9991E-05 0.356805 0.1296 0.513495
0.000764344 0.573303 0.0648896 0.361043
9.9991E-05 0.698827 0.198987 0.102087
0.0275295 0.129792 0.112185 0.730494
0.194341 9.9991E-05 0.169388 0.636171
0.516189 0.142243 0.14911 0.192457
0.0586399 0.0852451 0.185989 0.670126
0.285936 0.0763922 0.127007 0.510664
0.0274164 0.160258 0.279988 0.532338
0.198759 0.185766 0.122974 0.492502
0.369764 0.283825 0.346311 9.9991E-05
0.419121 0.201629 0.379149 9.9991E-05
0.382457 0.276387 0.144959 0.196196
0.322163 0.308935 0.368802 9.9991E-05
0.211206 0.321993 0.4667 9.9991E-05
0.275955 0.172769 0.100116 0.45116
0.151878 0.197999 0.279233 0.37089
0.2489 0.222153 0.302785 0.226162
0.342138 0.229438 0.322307 0.106117
0.168857 0.210944 0.0982319 0.521967
0.407212 0.213769 0.246559 0.13246
0.337766 0.147826 0.514307 9.9991E-05
0.0854961 0.190713 0.184612 0.539179
0.111539 0.30266 0.262434 0.323366
9.9991E-05 0.190043 0.338317 0.47154
9.9991E-05 0.294497 0.13106 0.574343
9.9991E-05 0.228093 0.255946 0.515861
0.0245403 0.283519 0.19294 0.499001
9.9991E-05 0.193678 0.408389 0.397833
9.9991E-05 0.194242 0.219783 0.585875
0.0108784 0.250409 0.256643 0.482069
0.0809611 0.283106 0.248903 0.387029
0.248339 0.153268 0.172248 0.426144
0.131543 0.128922 0.17904 0.560496
0.00508185 0.160507 0.246182 0.58823
0.10082 0.134365 0.131696 0.63312
9.9991E-05 0.276155 0.342001 0.381744
0.0289171 0.171496 0.248455 0.551132
0.119894 0.272333 0.426905 0.180867
0.0395909 0.265994 0.227812 0.466603
0.135547 0.34687 0.306061 0.211522
0.138224 9.9991E-05 0.830027 0.0316488
0.583364 9.9991E-05 0.230922 0.185614
0.816556 9.9982E-05 0.183244 9.9982E-05
0.779971 9.9991E-05 0.179242 0.040687
0.800121 9.9991E-05 0.11739 0.0823883
0.709062 0.0339478 0.186364 0.0706268
0.728286 9.9991E-05 0.142903 0.128711
0.762485 9.9982E-05 0.237315 9.9982E-05
0.567863 9.9991E-05 0.335899 0.0961382
0.0266788 0.0517228 0.921498 9.9991E-05
0.0768193 0.000824865 0.861841 0.0605146
0.00751457 0.0171034 0.914562 0.0608197
0.0827605 9.9991E-05 0.874722 0.042417
9.9991E-05 0.039673 0.919266 0.0409612
0.0448353 9.9982E-05 0.954965 9.9982E-05
0.0181754 0.124562 0.82703 0.0302323
9.9991E-05 0.0861274 0.887779 0.0259939
0.0403123 9.9991E-05 0.799884 0.159703
9.9982E-05 0.0637894 0.936011 9.9982E-05
9.998E-05 9.998E-05 0.9997 9.998E-05
0.0333237 0.0135392 0.901405 0.0517322
9.9991E-05 0.0275847 0.965712 0.00660369
9.9982E-05 9.9982E-05 0.937712 0.0620882
9.9991E-05 0.0388685 0.883136 0.0778952
9.9991E-05 0.0426762 0.870362 0.0868615
9.9991E-05 0.180339 0.798553 0.0210079
9.9991E-05 0.113846 0.803762 0.0822927
9.9991E-05 0.0507361 0.858168 0.0909958
0.28424 0.0484828 0.215012 0.452265
0.0816526 9.9991E-05 0.123829 0.794418
0.164377 0.0254543 0.113456 0.696713
0.644049 0.101534 0.0874025 0.167015
0.166566 9.9991E-05 0.1864 0.646933
0.548896 0.0721722 0.213071 0.16586
0.148432 0.111881 0.057246 0.682441
0.231688 9.9991E-05 0.145359 0.622853
0.225848 0.0271145 0.0820044 0.665033
0.163102 0.0381305 0.0631129 0.735655
0.263494 9.9991E-05 0.152354 0.584052
0.0624672 9.9991E-05 0.137909 0.799524
0.187865 9.9991E-05 0.134934 0.677101
0.744998 0.085415 0.0345692 0.135018
0.806997 0.029051 0.0903043 0.0736479
0.576025 0.0246564 0.129553 0.269765
0.0904962 0.0272177 0.148908 0.733379
0.236909 0.0242258 0.162337 0.576528
0.214428 9.9991E-05 0.168236 0.617236
0.0739179 0.0757195 0.107895 0.742468
0.0378571 0.252955 0.225626 0.483562
9.9991E-05 0.181126 0.206753 0.612021
0.207682 0.150191 0.446822 0.195306
0.077891 0.0565703 0.174747 0.690792
0.0705584 0.144017 0.267702 0.517723
0.310807 0.237328 0.451765 9.9991E-05
0.0506646 0.229599 0.303991 0.415745
0.0957456 0.20853 0.382647 0.313078
0.0534401 0.0933027 0.340993 0.512264
0.136522 0.202476 0.118346 0.542656
0.00416132 0.217777 0.249061 0.529
0.0250725 0.143783 0.161685 0.66946
0.201183 0.199931 0.175756 0.42313
9.9991E-05 0.135211 0.505086 0.359603
