0.0922364 9.9982E-05 9.9982E-05 0.0296284 0.877935
9.9973E-05 9.9973E-05 0.0829974 9.9973E-05 0.916703
0.0198448 0.106088 9.9991E-05 0.0294997 0.844468
0.0975396 0.0211786 9.9991E-05 0.0713916 0.80979
0.0222044 0.0176192 0.00368222 0.0549622 0.901532
0.0532057 0.0373086 0.189891 0.110307 0.609287
0.0587142 9.9991E-05 0.0778979 0.0373261 0.825962
0.133303 9.9991E-05 0.122618 0.0335508 0.710429
0.101585 9.9982E-05 0.0613075 9.9982E-05 0.836907
0.0120872 0.123495 0.0896567 0.0617524 0.713008
0.134406 0.027073 0.0831009 9.9991E-05 0.75532
0.528544 0.275357 0.102237 0.0937616 9.9991E-05
0.355354 0.479534 9.9982E-05 0.164912 9.9982E-05
0.478488 0.275918 0.0885759 0.105545 0.0514736
0.358521 0.345491 0.041376 0.183113 0.0714996
0.259243 0.345916 0.101783 0.186155 0.106903
0.159195 0.591403 0.0664775 0.134515 0.0484092
0.271681 0.4956 0.179928 0.0526907 9.9991E-05
0.325321 0.349764 0.0694486 0.136031 0.119436
0.670273 0.0438423 0.180548 0.0520238 0.053313
0.263933 0.464524 0.155648 0.115795 9.9991E-05
0.153738 0.566759 0.152908 0.0572029 0.0693925
0.159309 0.662909 0.0107086 0.0373014 0.129773
0.322476 0.403206 0.15894 0.0812426 0.0341348
0.119963 0.64942 0.0390394 0.139553 0.0520244
0.19029 0.6072 0.0487994 0.142754 0.0109566
0.528556 0.261113 0.10162 0.0889763 0.0197349
0.424515 0.228716 0.119729 0.200691 0.026349
0.424023 0.257059 0.251975 0.0668437 9.9991E-05
9.9982E-05 0.100276 9.9982E-05 0.0533054 0.846219
9.9982E-05 0.149352 9.9982E-05 0.00213978 0.848309
9.9982E-05 0.167706 9.9982E-05 0.0261332 0.80596
9.9991E-05 0.151272 0.0213943 0.093935 0.733299
0.105296 0.651148 0.196064 9.9991E-05 0.0473913
0.115317 0.554833 0.221213 0.0712092 0.037427
9.9991E-05 0.67127 0.267851 0.0398401 0.0209383
0.587283 0.230916 0.0731569 9.9991E-05 0.108544
0.0394796 0.516169 0.433572 0.0083223 0.00245752
0.173818 0.527604 0.181261 0.117216 9.9991E-05
9.9991E-05 0.840064 0.0959777 0.0464281 0.0174298
0.0417878 0.656082 0.154029 9.9991E-05 0.148001
0.0407855 0.738472 0.0806509 9.9991E-05 0.139992
0.216706 0.315151 0.467943 9.9982E-05 9.9982E-05
0.0371994 0.651433 0.160984 0.0774747 0.0729085
0.0528693 0.651418 0.129253 0.0594267 0.107033
0.0187074 0.686751 0.10578 0.0176101 0.171151
0.0339436 0.544204 0.421653 9.9982E-05 9.9982E-05
0.0938927 0.710504 0.109243 9.9991E-05 0.0862603
0.0430957 0.740865 0.0580226 0.0370825 0.120934
0.0459064 9.9982E-05 0.855181 9.9982E-05 0.0987129
0.456499 0.309478 0.233824 9.9982E-05 9.9982E-05
0.283864 0.0288796 0.576183 0.10684 0.00423363
0.042581 0.550664 0.112375 0.215408 0.0789721
0.0921588 0.576665 0.144074 0.0962796 0.0908223
0.112901 0.642171 0.102458 0.0816254 0.0608435
0.415958 0.231896 0.219613 9.9991E-05 0.132433
0.259337 0.65123 0.0566494 9.9991E-05 0.0326841
0.12943 0.583325 0.0619902 0.138561 0.0866935
0.228514 0.42589 0.193105 9.9991E-05 0.152391
0.409744 0.0751295 0.234072 0.115029 0.166025
0.192528 0.678961 0.0501341 9.9991E-05 0.0782768
0.402626 0.379718 0.0483793 0.169177 9.9991E-05
0.58433 0.0889475 0.306206 9.9991E-05 0.0204167
0.291936 0.581253 0.0844989 0.0422122 9.9991E-05
0.0840271 0.510252 0.128735 0.194859 0.0821272
0.148741 0.568098 0.0684306 0.117203 0.0975279
0.327345 0.320131 0.194854 0.108334 0.0493361
0.209496 0.524698 0.194291 0.0714141 9.9991E-05
0.25645 0.573301 0.0493917 0.114732 0.00612498
0.437846 0.265921 0.287681 9.9991E-05 0.00845113
0.0829839 0.688675 0.228141 9.9982E-05 9.9982E-05
0.154551 0.439245 0.406004 9.9982E-05 9.9982E-05
0.0144541 0.621409 0.191222 0.0389115 0.134004
0.0102559 0.154253 0.835291 9.9982E-05 9.9982E-05
0.0601629 0.182691 0.756946 9.9982E-05 9.9982E-05
0.0502111 0.475019 0.47457 9.9982E-05 9.9982E-05
0.0342768 0.651295 0.314229 9.9982E-05 9.9982E-05
0.158144 0.611409 0.092196 0.109501 0.0287499
0.114971 0.584595 0.235224 0.0624866 0.00272278
0.32803 0.400985 0.240072 0.0233845 0.00752832
0.335856 0.439584 0.22436 9.9982E-05 9.9982E-05
0.0563848 0.682945 0.140292 0.0600303 0.0603477
0.153426 0.487107 0.320529 0.00739164 0.031546
0.0587675 0.574344 0.327811 9.9991E-05 0.0389774
0.0031661 0.619929 0.376705 9.9982E-05 9.9982E-05
0.0683853 0.116975 0.81444 9.9982E-05 9.9982E-05
0.155737 0.655296 0.0568344 0.0627836 0.0693483
0.125579 0.0501528 9.9991E-05 0.0385104 0.785658
9.9982E-05 0.0879694 9.9982E-05 0.00212374 0.909707
9.9982E-05 0.0637551 9.9982E-05 0.0799674 0.856078
9.9973E-05 0.0667226 9.9973E-05 9.9973E-05 0.932978
9.9982E-05 0.0864464 9.9982E-05 0.0357557 0.877598
9.9991E-05 0.0361807 0.0327794 0.0392725 0.891667
9.9973E-05 0.0938048 9.9973E-05 9.9973E-05 0.905895
0.0516706 0.600444 0.168801 0.085178 0.0939064
0.153063 0.594071 0.0527294 0.0940661 0.106071
0.166196 0.240277 0.593327 9.9982E-05 9.9982E-05
0.0251255 0.718744 0.0855221 0.0924314 0.0781766
0.189433 0.614084 0.196283 9.9982E-05 9.9982E-05
9.9991E-05 0.718755 0.213582 0.0117835 0.0557798
0.00362044 0.717696 0.209623 9.9991E-05 0.0689605
9.9991E-05 0.606364 0.280257 0.102731 0.0105481
0.285717 0.155601 0.558464 9.9991E-05 0.00011847
0.081968 0.542571 0.184457 0.0529579 0.138046
0.0596771 0.783057 0.051235 9.9991E-05 0.105931
0.177305 0.593937 0.0414787 0.135683 0.0515962
9.9973E-05 0.493915 0.505785 9.9973E-05 9.9973E-05
9.9991E-05 0.678118 0.297277 0.0136348 0.0108702
0.128384 0.637503 0.233913 9.9982E-05 9.9982E-05
9.9982E-05 0.533153 0.441492 0.0251549 9.9982E-05
0.125937 0.606868 0.201601 9.9991E-05 0.0654935
0.0434423 0.592911 0.161998 0.0336277 0.168021
0.369052 0.317 0.221368 0.0393368 0.0532425
0.291027 0.448269 0.0452986 0.116313 0.0990921
0.162644 0.634098 9.9991E-05 0.0778617 0.125296
0.117155 0.726945 0.032299 9.9991E-05 0.123501
0.323286 0.570831 0.0162378 9.9991E-05 0.0895451
0.233768 0.584881 0.0854237 0.0647752 0.0311512
0.372863 0.561053 0.0322673 0.0220617 0.0117547
0.205521 0.584568 0.126759 0.0460539 0.0370986
0.213968 0.568505 0.0540295 0.139877 0.0236203
0.294703 0.683225 0.0218723 9.9982E-05 9.9982E-05
0.358797 0.628249 0.00495427 0.00789959 9.9991E-05
0.147296 0.661704 0.0837363 0.0831362 0.0241282
0.0670074 0.512356 0.156305 0.127363 0.136968
0.279831 0.658422 9.9982E-05 0.0615467 9.9982E-05
0.053106 0.534761 0.159916 0.108198 0.144019
0.252193 0.5574 0.0762018 0.114106 9.9991E-05
0.233004 0.497468 0.125891 0.00690556 0.136732
0.157848 0.637586 0.0405329 0.156153 0.00788016
0.245756 0.683203 9.9982E-05 0.0708411 9.9982E-05
0.461727 0.30785 0.158273 0.0720505 9.9991E-05
0.322157 0.193017 0.398075 0.0866508 9.9991E-05
0.308652 0.597568 0.0196351 0.0579372 0.0162082
0.352403 0.142562 0.461929 0.0430057 9.9991E-05
0.48175 0.369351 0.122345 0.00884919 0.0177048
0.384781 0.55719 0.0328698 9.9991E-05 0.0250595
0.467859 0.494845 0.033935 9.9991E-05 0.00326095
0.534915 0.398654 0.0662307 9.9982E-05 9.9982E-05
0.0937311 0.768707 0.0169531 0.0259366 0.0946724
0.174763 0.608345 0.0790703 0.0677983 0.0700228
0.184982 0.529686 0.138623 0.0681453 0.0785634
0.348341 0.175114 0.376656 0.0997892 9.9991E-05
0.135779 0.66035 0.012424 9.9991E-05 0.191348
0.0806819 0.540988 0.213639 0.0959319 0.0687586
0.122974 0.0291941 0.635784 9.9991E-05 0.211948
9.9991E-05 0.679629 0.128954 0.0708965 0.120421
0.14492 0.454345 0.237962 0.0195128 0.143261
0.130694 0.504893 0.145936 0.142538 0.0759382
0.0599571 0.361438 0.415736 9.9991E-05 0.162768
0.134399 0.299506 0.420489 9.9991E-05 0.145506
0.0825288 0.522981 0.279507 9.9991E-05 0.114883
0.106275 0.549126 0.138567 0.10663 0.0994016
0.0515777 0.437366 0.291842 0.0648643 0.15435
0.159133 0.0319154 0.540912 0.211267 0.0567728
0.0567608 0.647595 0.170194 0.0207188 0.104731
0.114049 0.490172 0.395579 9.9982E-05 9.9982E-05
0.112983 0.517981 0.34405 0.0248855 9.9991E-05
9.9991E-05 0.603345 0.233937 0.0760497 0.0865686
0.00357219 0.146732 0.183027 0.306174 0.360494
9.9982E-05 9.9982E-05 0.238926 0.185937 0.574937
9.9982E-05 9.9982E-05 0.337131 0.159289 0.50338
0.0108468 0.0657848 0.114793 0.39583 0.412745
0.019965 0.633836 0.283688 0.062411 9.9991E-05
0.136345 0.531129 0.150086 0.0880362 0.0944043
0.00216674 0.353172 9.9982E-05 0.644461 9.9982E-05
0.0893291 0.418331 0.0423201 0.430482 0.0195385
0.092175 0.314774 0.0414274 0.469807 0.0818167
9.9991E-05 0.403823 0.546583 0.0233333 0.0261605
0.0410688 0.578739 0.188095 0.0753476 0.11675
9.9991E-05 0.287139 0.646508 0.0540935 0.0121596
9.9991E-05 0.707252 0.233952 0.0405104 0.0181854
0.108876 0.448959 0.29532 0.133581 0.0132636
0.0732237 0.592628 0.216548 0.106642 0.0109579
0.0459249 0.254685 0.646562 0.0458079 0.00701973
0.0533593 0.579474 0.19305 0.157981 0.0161354
9.9991E-05 0.67945 0.141913 0.11218 0.0663563
9.9973E-05 9.9973E-05 0.0446202 0.95508 9.9973E-05
9.9982E-05 0.00757122 0.0270394 0.965189 9.9982E-05
9.9991E-05 0.197809 0.0822847 0.719054 0.000752303
9.9982E-05 0.305649 9.9982E-05 0.670045 0.0241061
9.9991E-05 0.143543 0.00472586 0.84574 0.00589119
9.997E-05 9.997E-05 9.997E-05 0.9996 9.997E-05
9.997E-05 9.997E-05 9.997E-05 0.9996 9.997E-05
9.9973E-05 0.118747 9.9973E-05 0.880953 9.9973E-05
0.0207765 0.0541995 9.9982E-05 0.924824 9.9982E-05
9.997E-05 9.997E-05 9.997E-05 0.9996 9.997E-05
9.997E-05 9.997E-05 9.997E-05 0.9996 9.997E-05
9.9982E-05 0.197446 9.9982E-05 0.754917 0.0474363
0.0652997 0.0443254 9.9991E-05 0.847225 0.0430496
9.997E-05 9.997E-05 9.997E-05 0.9996 9.997E-05
0.163213 0.359967 0.0256877 0.419583 0.0315495
0.0726368 0.20339 9.9991E-05 0.707059 0.0168138
9.9973E-05 0.199164 9.9973E-05 0.800536 9.9973E-05
0.038447 0.0687944 0.00551327 0.887145 9.9991E-05
9.997E-05 9.997E-05 9.997E-05 0.9996 9.997E-05
0.0695288 9.9982E-05 9.9982E-05 0.90386 0.0264111
9.997E-05 9.997E-05 9.997E-05 0.9996 9.997E-05
0.0632812 0.168671 0.0160294 0.699914 0.0521044
0.00806168 0.00291708 0.0204478 0.968473 9.9991E-05
9.9982E-05 9.9982E-05 0.532707 0.072392 0.394701
0.15756 0.364862 0.164358 0.112786 0.200434
0.0594485 0.469049 0.158494 0.0504338 0.262574
9.9991E-05 0.113855 0.436639 0.199248 0.250158
0.0777168 0.502772 0.136955 0.135838 0.146718
9.9991E-05 0.208065 0.385352 0.134142 0.27234
0.0618244 0.408221 0.151867 0.129875 0.248213
9.9991E-05 0.266245 0.316442 0.204947 0.212266
9.9991E-05 0.473763 0.166129 0.154793 0.205215
9.9991E-05 0.407437 0.197201 0.195886 0.199376
0.0200009 0.566238 0.107981 0.093667 0.212112
0.0411881 0.0587791 0.0781493 9.9991E-05 0.821783
9.9982E-05 9.9982E-05 0.00635254 0.0568957 0.936552
0.0231065 0.000606956 9.9982E-05 9.9982E-05 0.976087
0.0167699 0.0221462 9.9982E-05 9.9982E-05 0.960884
0.0335941 0.0148307 9.9991E-05 0.0426299 0.908845
9.9982E-05 9.9982E-05 0.0271182 0.0538247 0.918857
0.00257568 0.0136707 9.9991E-05 0.0897838 0.89387
0.0135719 0.0273833 0.0562162 9.9991E-05 0.902729
9.9982E-05 0.053786 0.00101543 9.9982E-05 0.944999
0.0221631 9.9982E-05 9.9982E-05 0.091582 0.886055
0.289975 9.9982E-05 0.0881634 9.9982E-05 0.621662
0.387817 9.9982E-05 9.9982E-05 0.00809114 0.603892
0.303176 9.9982E-05 0.177461 9.9982E-05 0.519163
0.337941 9.9982E-05 0.174157 9.9982E-05 0.487702
0.148025 0.638595 0.213066 9.9991E-05 0.000214021
0.146628 0.533618 0.139937 0.0967202 0.0830964
0.238044 0.633092 0.0354772 0.0932871 9.9991E-05
0.246643 0.571379 0.16362 9.9991E-05 0.0182579
0.627506 0.252876 0.119418 9.9982E-05 9.9982E-05
0.0794526 0.666439 0.137851 0.0859534 0.0303041
0.128567 0.775255 0.0739686 0.0221089 9.99988E-05
0.147687 0.65956 0.192553 9.9982E-05 9.9982E-05
0.0225976 0.551126 0.418247 0.00792922 9.9991E-05
0.105506 0.761592 0.104271 9.9991E-05 0.0285312
0.252978 0.574503 0.17232 9.9982E-05 9.9982E-05
0.108263 0.0805093 0.811027 9.9982E-05 9.9982E-05
0.189633 0.565363 0.115324 0.0270308 0.10265
0.010818 0.400858 0.572105 9.9991E-05 0.0161192
0.0947002 0.66974 0.228443 0.000992818 0.00612383
0.235825 0.282499 0.472665 9.9991E-05 0.00891085
0.770617 9.9982E-05 0.0917896 9.9982E-05 0.137393
0.785163 0.0544107 0.0379062 9.9991E-05 0.12242
0.879816 9.9982E-05 0.0701492 9.9982E-05 0.0498347
0.837861 9.9982E-05 0.030019 9.9982E-05 0.13192
0.841678 0.0659572 0.0300586 0.0622063 9.9991E-05
0.830051 0.0202865 9.9991E-05 0.0742255 0.0753371
9.9982E-05 0.102886 9.9982E-05 0.0233711 0.873543
0.0361481 0.0873519 9.9991E-05 0.0298911 0.846509
0.0122185 0.120502 9.9991E-05 0.105598 0.761581
0.0957478 0.0282527 9.9991E-05 0.11447 0.761429
0.019155 0.149651 9.9991E-05 0.0439678 0.787126
0.553457 9.9982E-05 0.0658273 9.9982E-05 0.380515
0.39562 9.9982E-05 0.137342 9.9982E-05 0.466838
0.485389 0.00182351 0.0793904 9.9991E-05 0.433298
0.0137488 0.124621 9.9991E-05 0.0283297 0.8332
0.546634 9.9982E-05 0.0815318 9.9982E-05 0.371635
9.9991E-05 0.293728 0.0785222 0.409022 0.218628
0.0179198 0.616085 9.9991E-05 0.181748 0.184147
9.9982E-05 0.506995 9.9982E-05 0.291878 0.200927
0.101427 0.344099 0.0104164 0.228836 0.315221
0.0838903 0.496393 0.00199258 0.283698 0.134026
9.9982E-05 9.9982E-05 0.16818 0.304574 0.527046
0.359387 0.541928 0.0976934 0.000891974 9.9991E-05
0.192659 0.419086 0.308437 0.0382633 0.0415548
0.526188 0.338651 0.0316469 0.00026132 0.103253
0.149619 0.574271 0.219469 9.9991E-05 0.0565418
0.239375 9.9973E-05 0.760325 9.9973E-05 9.9973E-05
9.9991E-05 0.667592 0.191486 0.0226677 0.118155
0.130908 0.619043 0.235185 0.00702508 0.00783889
0.408698 0.437517 0.0771607 9.9991E-05 0.0765241
0.186137 0.584606 0.0485602 0.0943743 0.0863226
0.291479 0.198448 0.509873 9.9982E-05 9.9982E-05
0.155605 0.4292 0.257516 0.157579 9.9991E-05
0.29687 0.545847 0.104934 0.0477676 0.00458138
0.117745 0.40557 0.0862751 0.262222 0.128188
0.232185 0.438849 0.309741 0.0191242 9.9991E-05
0.207605 0.615274 0.130457 0.000750659 0.0459135
0.0644691 0.543973 0.243183 0.148276 9.9991E-05
0.187016 0.593441 0.147035 0.0188341 0.0536736
0.119993 0.685463 0.0548066 0.12538 0.0143581
0.155493 0.660155 0.0379639 0.0663108 0.0800766
0.182759 0.53595 0.130904 0.0562866 0.0941011
9.9982E-05 0.082453 9.9982E-05 0.138719 0.778628
9.9991E-05 0.0816939 0.0171257 0.048521 0.852559
0.0463543 0.118997 0.0433624 9.9991E-05 0.791186
0.0271085 0.0561492 0.0505029 0.0457175 0.820522
9.9982E-05 0.106339 9.9982E-05 0.0580042 0.835457
0.67566 0.251894 0.0400902 9.9991E-05 0.0322557
0.120515 0.628494 0.16371 0.00977952 0.0775018
0.0128706 0.542344 0.0766627 0.131297 0.236825
0.113246 0.608467 0.0870344 0.106822 0.0844306
0.344325 0.59905 0.0102441 0.0209319 0.025449
0.425007 0.196563 0.201822 0.153076 0.0235324
0.661906 9.9982E-05 0.186655 9.9982E-05 0.15124
0.305899 0.591165 0.0575495 0.0452866 9.9991E-05
0.570316 0.269289 0.0726893 0.0191243 0.0685821
0.189304 0.53349 0.202229 0.0583949 0.0165826
0.611391 0.0970374 0.133404 0.0725699 0.085598
0.137654 0.60344 0.0312315 0.0740354 0.153639
0.565443 0.219684 0.112567 0.0160742 0.0862318
0.335967 0.34015 0.195057 0.128726 9.9991E-05
0.0768358 0.514637 0.324704 0.0586755 0.025148
0.216186 0.37219 0.349046 9.9991E-05 0.0624789
0.105906 0.6045 0.170894 0.0446306 0.0740688
9.9991E-05 0.572773 0.212013 0.0721466 0.142967
0.092752 0.46818 0.412062 9.9991E-05 0.0269059
0.130334 0.556699 0.15953 0.0461848 0.107252
9.9991E-05 0.585236 0.31071 0.00233255 0.101622
0.0534432 0.156139 0.790217 9.9982E-05 9.9982E-05
0.0771926 0.319786 0.573427 9.9991E-05 0.0294946
0.0450164 0.593956 0.285495 9.9991E-05 0.0754322
0.209849 0.209076 0.541252 9.9991E-05 0.0397232
0.0762393 0.578848 0.298173 9.9991E-05 0.046639
0.676215 0.153692 0.133289 0.0367038 9.9991E-05
0.285793 0.277889 0.401573 0.0346449 9.9991E-05
0.454092 0.470922 9.9982E-05 0.0747859 9.9982E-05
0.242741 0.655777 9.9982E-05 0.101282 9.9982E-05
0.559515 0.326223 0.114062 9.9982E-05 9.9982E-05
0.230195 0.411485 0.133076 0.198142 0.0271022
0.221151 0.628802 0.0482564 0.0314834 0.0703076
0.389089 0.529043 0.0178373 0.0639304 9.9991E-05
0.2806 0.492901 0.076576 0.146401 0.00352121
0.417858 0.366203 0.0616279 0.15421 9.9991E-05
0.633628 0.242227 0.0256588 0.098386 9.9991E-05
0.504935 0.331681 9.9982E-05 0.163184 9.9982E-05
0.260169 0.612041 0.0600517 0.0676384 9.9991E-05
0.164177 0.663202 0.0780967 9.9991E-05 0.094425
0.33753 0.435701 0.114295 0.0513291 0.0611448
0.284327 0.535209 0.0344797 0.145885 9.9991E-05
0.481291 0.337069 9.9991E-05 0.13538 0.04616
0.229681 0.700503 9.9991E-05 0.0497401 0.0199765
0.336433 0.481867 0.0300975 0.151502 9.9991E-05
0.140451 0.584096 0.0741205 0.0881357 0.113197
9.9991E-05 0.415197 0.0669277 0.157682 0.360094
9.9991E-05 0.449212 0.162308 0.263868 0.124512
0.051565 0.666252 0.0310483 0.107227 0.143907
0.0415338 0.637869 0.0712821 0.125882 0.123433
9.9991E-05 0.416619 0.0962289 0.228409 0.258643
0.177523 0.508976 0.248194 0.0652062 9.9991E-05
0.080778 0.581614 0.0266869 0.111765 0.199156
9.9991E-05 0.111659 0.451115 0.112614 0.324513
0.137237 0.458763 0.0373047 0.228409 0.138287
0.108834 0.607588 9.9991E-05 0.160643 0.122835
0.08737 0.503032 0.0634335 0.345121 0.00104282
0.124165 0.373987 0.159915 0.125992 0.215941
0.032111 0.535867 0.0977355 0.203193 0.131094
0.0307275 0.621471 9.9991E-05 0.147713 0.199989
9.9982E-05 9.9982E-05 0.294183 0.211908 0.493709
0.0249171 0.68325 9.9991E-05 0.108433 0.1833
9.9991E-05 0.555168 0.0171571 0.273991 0.153583
0.0633221 0.609468 0.060359 0.143918 0.122932
9.9991E-05 0.565773 0.0288492 0.241927 0.16335
0.0308164 0.60299 0.0555217 0.0917889 0.218883
0.00396305 0.560745 0.347346 0.0246197 0.0633263
0.0788777 0.533228 0.228317 0.0766328 0.0829441
0.113829 0.084097 0.770084 0.0318908 9.9991E-05
0.105668 0.0925582 0.767447 0.00713504 0.0271926
0.097467 0.486911 0.26998 0.101303 0.0443386
0.0266427 0.424769 0.0891133 0.316302 0.143173
9.9991E-05 0.330448 0.159256 0.408075 0.102121
9.9991E-05 0.15189 0.277895 0.307974 0.262141
0.08057 0.357481 0.0848506 0.269566 0.207532
9.9991E-05 0.142728 0.630191 0.115392 0.111589
9.9991E-05 0.186283 0.532651 0.154143 0.126823
0.0915927 0.51314 0.22329 0.171877 9.9991E-05
0.0641417 0.424447 0.222627 0.208241 0.0805423
9.9991E-05 0.28885 0.461774 0.169714 0.0795625
0.0202707 0.521725 0.238486 0.173201 0.046317
9.9991E-05 0.566233 0.250107 0.170846 0.0127136
0.128529 0.40805 0.179479 0.224056 0.059886
0.0278709 0.444136 0.433478 9.9991E-05 0.0944154
0.0341325 0.464633 0.442232 0.0589027 9.9991E-05
9.9991E-05 0.647182 0.254579 0.0390884 0.0590508
0.0956836 0.452229 0.326713 0.0869044 0.0384702
0.116117 0.503683 0.191235 0.150427 0.0385388
9.9982E-05 0.629897 0.316541 9.9982E-05 0.0533617
0.133235 0.345464 0.521102 9.9982E-05 9.9982E-05
9.9991E-05 0.703936 0.220018 0.00767113 0.0682748
0.0441571 0.333056 0.600585 0.022102 9.9991E-05
0.0204318 0.475347 0.430412 0.0570591 0.0167507
0.0615311 0.620863 0.212193 0.0729392 0.032473
0.0123439 0.666454 0.272156 0.0305995 0.018447
9.9991E-05 0.417299 0.187182 0.243283 0.152136
0.043057 0.419594 0.195323 0.112381 0.229644
0.0683211 0.310531 0.158264 0.274922 0.187963
0.129262 0.349224 0.141728 0.202048 0.177738
0.111014 0.415292 0.0875449 0.222929 0.163221
0.0106609 0.433919 0.186951 0.169429 0.19904
9.9982E-05 9.9982E-05 0.585367 0.224587 0.189846
0.0632429 0.520855 0.077546 0.303796 0.0345592
9.9982E-05 9.9982E-05 0.428302 0.155327 0.416172
9.9991E-05 0.562176 0.135226 0.215127 0.0873704
9.9973E-05 0.229804 0.769896 9.9973E-05 9.9973E-05
0.0592416 0.0552747 0.859739 0.0256446 9.9991E-05
9.9982E-05 0.622289 0.360683 0.0168287 9.9982E-05
9.9991E-05 0.724342 0.210768 0.0485151 0.0162745
0.0188408 0.499221 0.448807 0.0330311 9.9991E-05
0.00938793 0.638819 0.280742 0.00459847 0.0664529
0.0114395 0.633747 0.299491 0.0552232 9.9991E-05
0.0577276 0.0945261 9.9991E-05 0.0575728 0.790073
0.142444 9.9991E-05 0.0428929 0.0709479 0.743615
0.0367157 9.9982E-05 9.9982E-05 0.0816888 0.881396
9.9973E-05 0.0680622 9.9973E-05 9.9973E-05 0.931638
0.115846 0.562275 0.253632 0.0430542 0.0251923
9.9982E-05 0.653514 0.281597 9.9982E-05 0.064689
0.0984836 0.707998 0.193318 9.9982E-05 9.9982E-05
9.9982E-05 0.759208 0.145777 9.9982E-05 0.0948154
0.109807 0.60551 0.152686 0.0194795 0.112517
0.169475 0.415957 0.391794 9.9991E-05 0.0226742
0.00178049 0.793944 0.186797 9.9991E-05 0.0173783
9.9982E-05 0.523982 0.468258 9.9982E-05 0.00756063
0.0588008 0.510739 9.9991E-05 0.127612 0.302748
0.133459 0.553167 0.246999 0.0662747 9.9991E-05
0.204705 0.526349 0.268747 9.9982E-05 9.9982E-05
0.0534251 0.752687 0.193688 9.9982E-05 9.9982E-05
0.0824269 0.579952 0.337421 9.9982E-05 9.9982E-05
9.9982E-05 0.761526 0.236749 9.9982E-05 0.00152449
9.9991E-05 0.638932 0.227582 0.0141683 0.119217
9.9973E-05 0.283394 0.716306 9.9973E-05 9.9973E-05
0.083709 0.432163 0.483928 9.9982E-05 9.9982E-05
0.0688462 0.531655 0.376896 9.9991E-05 0.0225031
9.9973E-05 0.0425768 0.957123 9.9973E-05 9.9973E-05
0.228355 0.538643 0.191751 0.018112 0.023139
9.9982E-05 0.299442 0.697172 9.9982E-05 0.0031867
0.0434396 0.129551 0.82681 9.9982E-05 9.9982E-05
0.121985 0.622134 0.195514 0.045725 0.0146422
0.208682 0.379785 0.401964 9.9991E-05 0.00946915
0.15779 0.615065 0.220927 0.00611748 9.9991E-05
9.9991E-05 0.735219 0.0999719 0.0122658 0.152443
0.170315 0.619775 0.190882 9.9991E-05 0.018928
0.309306 0.410108 0.205841 0.0746438 9.9991E-05
0.0901788 0.781198 0.11174 9.9991E-05 0.0167837
0.197977 0.640983 0.118391 0.0146492 0.0280003
9.9973E-05 0.527733 0.471967 9.9973E-05 9.9973E-05
0.0397957 0.653365 0.179218 0.0134235 0.114197
0.274373 9.9982E-05 0.0506821 9.9982E-05 0.674745
0.140107 0.04962 0.0399365 9.9991E-05 0.770237
0.096333 9.9982E-05 0.0680219 9.9982E-05 0.835445
0.141265 9.9982E-05 0.0279828 9.9982E-05 0.830552
0.203499 0.055257 9.9982E-05 9.9982E-05 0.741044
0.252165 0.345079 0.402555 9.9982E-05 9.9982E-05
0.173592 0.328981 0.457022 9.9991E-05 0.0403059
9.9973E-05 0.35265 0.64705 9.9973E-05 9.9973E-05
0.0540029 0.615642 0.0900289 0.14198 0.0983469
0.0830059 0.70406 0.0809954 0.046114 0.0858243
0.0374836 0.520128 0.426985 9.9991E-05 0.0153039
0.0398975 0.743494 0.13076 0.0775396 0.00830848
9.9991E-05 0.592483 0.295826 0.0379193 0.0736725
0.106952 0.688881 0.158026 9.9991E-05 0.0460409
0.124787 0.661261 0.111398 0.0340839 0.0684694
0.144459 0.459163 0.395443 9.9991E-05 0.000834821
0.133774 0.528809 0.337217 9.9982E-05 9.9982E-05
0.214267 0.486551 0.298982 9.9982E-05 9.9982E-05
0.0497052 0.676118 0.123175 9.9991E-05 0.150902
0.16476 0.59259 0.24245 9.9982E-05 9.9982E-05
0.117514 0.652417 0.22987 9.9982E-05 9.9982E-05
0.0128604 0.512728 0.0180206 0.36049 0.0959007
0.0689333 0.295894 0.0469797 0.445426 0.142766
0.0186444 0.408184 9.9991E-05 0.467068 0.106003
0.0244187 0.246731 0.0831032 0.58297 0.0627772
0.104665 0.400416 0.0125375 0.387114 0.0952672
9.9982E-05 0.661127 0.315593 9.9982E-05 0.0230798
9.9991E-05 0.0580186 0.00361332 0.672317 0.265951
9.9982E-05 0.373888 9.9982E-05 0.468196 0.157716
9.9991E-05 0.430594 0.248534 0.164241 0.15653
0.0243441 0.646472 0.108357 9.9991E-05 0.220727
0.0681005 0.49102 0.253188 0.0195645 0.168127
0.0540518 0.597709 0.105165 0.0945242 0.14855
0.078308 0.657391 0.0857675 0.0642843 0.114249
9.9982E-05 0.41887 9.9982E-05 0.417486 0.163444
0.0748778 0.342406 0.05366 0.444181 0.0848749
9.9982E-05 0.491422 9.9982E-05 0.437813 0.070565
9.9991E-05 0.46767 0.0439135 0.367132 0.121184
9.9991E-05 0.287157 0.0583414 0.520714 0.133688
0.0770345 0.326606 0.033275 0.430984 0.132101
0.02618 0.184925 0.0385797 0.632445 0.11787
0.0909384 0.405914 0.00756173 0.440747 0.0548396
9.9991E-05 0.5706 0.265201 0.0600364 0.104062
0.0895673 0.473725 0.00901785 0.30832 0.11937
9.9982E-05 0.167285 9.9982E-05 0.6262 0.206316
0.121543 0.355662 9.9991E-05 0.404559 0.118136
0.297939 0.267003 0.260053 0.000164926 0.174839
0.00898177 0.590562 0.223346 0.177011 9.9991E-05
0.0803295 0.372994 0.0268716 0.380083 0.139722
0.0901127 0.531725 0.129681 0.117719 0.130763
0.0500126 0.57923 0.149539 0.0319801 0.189238
0.0644315 0.284963 0.148126 0.322979 0.179501
9.9991E-05 0.398374 0.0594616 0.265167 0.276897
0.0392569 0.713901 0.0478084 0.0865034 0.112531
0.00215237 0.444266 0.0617712 0.30618 0.18563
9.9982E-05 0.425358 9.9982E-05 0.453231 0.12121
9.9991E-05 0.131096 0.0142745 0.660587 0.193942
0.0738852 0.667176 0.00111069 0.120183 0.137645
0.065489 0.538534 0.186432 9.9991E-05 0.209445
9.9991E-05 0.144423 0.589436 0.0485865 0.217455
0.142558 0.614486 0.00155262 0.163534 0.0778696
0.28746 0.427009 0.14923 0.0674402 0.0688606
0.0292918 0.483783 0.0230192 0.18274 0.281165
0.295379 0.42965 0.0400885 0.117061 0.117822
9.9982E-05 9.9982E-05 0.414173 0.218396 0.367231
9.9982E-05 9.9982E-05 0.461696 0.146248 0.391856
0.0724958 0.298248 0.30128 0.125578 0.202398
0.00584114 9.9991E-05 0.370491 0.243941 0.379627
9.9982E-05 9.9982E-05 0.269458 0.274696 0.455645
9.9991E-05 0.311161 0.357151 0.156423 0.175165
0.0118246 0.383954 0.193467 0.15112 0.259635
0.00997901 0.170754 0.315291 0.189669 0.314306
9.9991E-05 0.117803 0.375365 0.156624 0.350108
0.0426933 0.39881 0.246169 0.184949 0.127379
9.9991E-05 0.135109 0.442384 0.171049 0.251358
9.9982E-05 9.9982E-05 0.41297 0.0841918 0.502638
0.0193366 0.544233 0.137193 0.18996 0.109277
0.00372264 0.318498 0.188112 0.326924 0.162743
9.9991E-05 0.530799 0.0388382 0.152374 0.277889
9.9982E-05 0.57084 9.9982E-05 0.273435 0.155525
9.9982E-05 0.574668 9.9982E-05 0.231501 0.19363
0.0461677 0.447896 0.0673515 0.301837 0.136748
0.0995893 0.325106 9.9991E-05 0.212945 0.362259
0.0924615 0.550343 9.9991E-05 0.175666 0.181429
0.0214567 0.477244 9.9991E-05 0.267644 0.233555
9.9991E-05 0.397025 0.113508 0.181127 0.30824
0.16479 0.360002 0.16987 0.142751 0.162588
0.126072 0.527728 9.9991E-05 0.146552 0.199548
0.0807001 0.615477 9.9991E-05 0.13642 0.167303
9.9991E-05 0.591467 0.117428 0.125202 0.165804
0.0134559 0.398732 9.9991E-05 0.274405 0.313307
9.9991E-05 0.547906 0.0685715 0.193283 0.190139
9.9991E-05 0.140809 0.18465 0.259125 0.415317
0.0790584 0.584268 9.9991E-05 0.167247 0.169327
9.9991E-05 0.112756 0.198937 0.39057 0.297637
0.147354 9.9982E-05 0.0493384 9.9982E-05 0.803108
0.783827 0.130163 0.0137198 9.9991E-05 0.0721908
0.9996 9.997E-05 9.997E-05 9.997E-05 9.997E-05
0.964471 9.9973E-05 9.9973E-05 9.9973E-05 0.0352286
0.98907 9.9973E-05 9.9973E-05 0.0106296 9.9973E-05
0.968571 0.0249902 9.9982E-05 0.00623834 9.9982E-05
0.934902 0.0647981 9.9973E-05 9.9973E-05 9.9973E-05
0.939219 9.9973E-05 9.9973E-05 9.9973E-05 0.0604811
0.754369 9.9973E-05 9.9973E-05 9.9973E-05 0.245331
0.00193417 0.00903466 9.9991E-05 0.0517404 0.937191
0.147262 0.0237513 9.9982E-05 9.9982E-05 0.828786
9.9982E-05 0.0328216 9.9982E-05 0.0586745 0.908304
0.109125 0.0470059 9.9991E-05 0.023573 0.820196
0.0193363 0.0180907 9.9991E-05 0.0812967 0.881176
0.0927696 9.9982E-05 0.00227738 9.9982E-05 0.904753
0.0441707 9.9991E-05 0.058463 0.121365 0.775901
0.00951717 0.0391606 0.0174235 0.0490325 0.884866
0.156487 0.0728982 9.9991E-05 0.0485467 0.721968
9.9982E-05 0.0323372 9.9982E-05 0.0346315 0.932831
0.0258493 9.9982E-05 0.00179098 9.9982E-05 0.97216
0.0580145 0.0479685 0.00239596 0.0379536 0.853667
0.00101727 0.0240646 9.9982E-05 9.9982E-05 0.974718
9.9982E-05 0.062593 9.9982E-05 0.0186449 0.918562
0.059978 0.0173399 9.9991E-05 0.0498227 0.872759
9.9982E-05 0.0898643 9.9982E-05 0.0395495 0.870386
9.9982E-05 0.0505819 9.9982E-05 0.15673 0.792488
9.9982E-05 0.129337 9.9982E-05 0.0820149 0.788448
9.9982E-05 0.0908333 9.9982E-05 0.100515 0.808452
0.0661512 0.46324 0.215481 0.0663336 0.188794
0.00822648 0.847301 0.0485529 9.9991E-05 0.0958194
9.9991E-05 0.644419 0.140001 0.063672 0.151808
9.9991E-05 0.191013 0.652099 0.0371176 0.11967
0.1143 0.611312 0.0819338 9.9991E-05 0.192355
9.9991E-05 0.0989148 0.632654 0.0653962 0.202935
0.00845829 0.707147 0.150292 0.0244637 0.109639
0.170655 0.50232 0.207769 9.9991E-05 0.119156
0.0481276 0.647914 0.189631 9.9991E-05 0.114228
0.0618681 0.674776 0.231513 0.00691269 0.02493
0.0892795 0.518884 0.223856 9.9991E-05 0.16788
9.9991E-05 0.707115 0.184181 0.017231 0.0913722
0.16906 0.665985 0.0235579 9.9991E-05 0.141298
0.450691 0.0444818 0.400591 0.104136 9.9991E-05
0.0375275 9.9982E-05 0.85003 9.9982E-05 0.112242
0.0302979 0.132775 0.641736 0.0687157 0.126475
0.108326 0.648069 0.0248717 0.0498374 0.168896
0.0489538 0.592952 0.203893 9.9991E-05 0.154101
9.9991E-05 0.630498 0.173165 0.0392553 0.156982
9.9991E-05 0.703893 0.137363 0.0627367 0.0959064
0.000985842 0.481923 0.114624 0.20838 0.194087
0.0622622 0.53534 9.9991E-05 0.217352 0.184947
0.205495 0.128468 0.0907973 0.154259 0.420981
0.148006 0.644276 0.0171847 0.0347549 0.155778
0.0446399 0.457886 0.100035 0.142351 0.255088
9.9982E-05 9.9982E-05 0.353683 0.22452 0.421598
9.9991E-05 0.270649 0.191011 0.265028 0.273213
0.0116544 0.359458 0.0784091 0.171982 0.378497
0.190959 0.373507 9.9991E-05 0.110524 0.32491
0.15436 0.512839 0.0344541 0.232267 0.0660791
0.0195265 0.507969 0.0406136 0.197387 0.234504
0.0874544 0.579615 9.9991E-05 0.202491 0.130339
9.9991E-05 0.385766 0.229641 0.231163 0.15333
0.0457253 0.354671 0.0226833 0.109461 0.467459
