9.9982E-05 0.0261528 9.9982E-05 0.936083 0.0375645
0.0668067 9.9973E-05 9.9973E-05 0.932893 9.9973E-05
9.999E-05 0.0464744 0.100019 0.815802 0.0376047
9.999E-05 0.064239 0.0344485 0.793063 0.108149
9.999E-05 0.0527857 0.0571488 0.872673 0.0172925
0.199799 0.093466 0.0255217 0.587789 0.0934242
0.0805628 0.0262822 9.9991E-05 0.858242 0.0348133
0.0646936 0.0460158 9.9991E-05 0.755318 0.133873
0.144666 9.9982E-05 9.9982E-05 0.82039 0.0347448
0.071331 0.0719381 0.104596 0.729158 0.0229766
0.122905 9.9991E-05 0.0367731 0.755524 0.0846974
0.068411 0.0754334 0.338225 9.9991E-05 0.51783
0.0803853 0.128189 0.52735 0.00487692 0.259199
0.171087 0.143724 0.207988 0.0348236 0.442377
0.0509681 0.177488 0.36463 0.039461 0.367452
0.158584 0.179846 0.34989 0.100872 0.210807
0.024405 0.154554 0.652985 0.0420781 0.125978
0.127188 0.0994921 0.519912 0.0126654 0.240742
0.0861006 0.120786 0.300345 0.153512 0.339256
0.232949 0.0528297 0.0158153 0.0469358 0.65147
0.103636 0.119893 0.406227 0.0245117 0.345732
0.245141 0.108138 0.511465 0.00515554 0.1301
0.0900135 0.0614215 0.649552 0.0345757 0.164437
0.187405 0.127915 0.31502 9.9991E-05 0.36956
0.024597 0.140805 0.569559 0.108505 0.156534
0.0629768 0.151237 0.528689 0.0429888 0.214107
0.114336 0.107119 0.255073 0.0106696 0.512804
0.0809443 0.23078 0.235178 0.00678521 0.446313
0.168653 0.0377686 0.305556 0.00773553 0.480287
9.9991E-05 0.149598 0.0317722 0.817461 0.00106887
9.9982E-05 0.0638454 0.0852773 0.850677 9.9982E-05
9.9991E-05 0.0875244 0.102734 0.783107 0.0265339
9.9982E-05 0.0545894 0.128004 0.817207 9.9982E-05
0.176448 0.0361465 0.675087 0.0689121 0.0434061
0.16693 0.0726661 0.587907 0.0692379 0.103259
0.10585 9.9991E-05 0.741915 0.0789286 0.0732059
0.0990256 9.9991E-05 0.197371 0.0836419 0.619862
0.446718 0.0173327 0.483507 9.9991E-05 0.0523427
0.124823 9.9991E-05 0.579065 0.0947841 0.201228
0.0260889 0.109463 0.795523 0.0688254 9.9991E-05
0.147047 9.9991E-05 0.698863 0.151445 0.00254465
0.0298665 0.0381089 0.706136 0.111306 0.114583
0.343998 9.9982E-05 0.410445 9.9982E-05 0.245358
0.0973383 0.103183 0.625491 0.0806534 0.0933339
0.000440652 0.0931579 0.706889 0.0754287 0.124084
0.0485104 0.108504 0.658283 0.184603 9.9991E-05
0.406339 9.9982E-05 0.569652 9.9982E-05 0.0238095
0.121346 0.00348459 0.833158 0.0165054 0.0255066
0.178457 0.100284 0.529732 0.0989144 0.0926129
0.761396 9.9991E-05 0.0592503 0.0905669 0.0886866
0.234197 9.9982E-05 0.313257 9.9982E-05 0.452346
0.613101 0.0655858 0.109502 0.00686662 0.204944
0.0136819 0.0581962 0.627128 0.122203 0.178791
0.104676 0.0447067 0.698322 0.152196 9.99902E-05
0.0397166 0.121025 0.643514 0.0882161 0.107528
0.174609 9.9991E-05 0.288031 0.125647 0.411614
0.116755 0.0963308 0.57389 0.0330308 0.179993
0.0598757 0.221579 0.517469 0.0407069 0.160369
0.196746 0.0680673 0.449551 0.101638 0.183998
0.273341 0.0807249 0.0573093 0.206916 0.381709
0.0294302 0.0612445 0.65795 0.0968593 0.154516
0.10836 0.0922741 0.44839 0.0343701 0.316606
0.211993 9.9991E-05 0.132214 0.0324563 0.623237
0.10546 0.0727238 0.546147 0.000525461 0.275144
0.103749 0.131837 0.648771 9.9991E-05 0.115543
0.059296 0.0798858 0.58723 0.11819 0.155399
0.218654 0.0764718 0.385259 0.0292561 0.290359
0.137922 0.128765 0.519987 9.9991E-05 0.213226
0.0629826 0.122494 0.509933 0.0069985 0.297592
0.253529 9.9991E-05 0.318729 0.0397155 0.387927
0.225976 9.9982E-05 0.706 9.9982E-05 0.0678238
0.344318 9.9982E-05 0.475845 9.9982E-05 0.179637
0.101074 0.0428642 0.651302 0.0571156 0.147644
0.730718 9.9982E-05 0.252923 9.9982E-05 0.0161593
0.692419 9.9982E-05 0.222626 9.9982E-05 0.0847551
0.419174 9.9982E-05 0.562514 9.9982E-05 0.0181113
0.177934 9.9991E-05 0.702643 0.0199366 0.0993858
0.162079 0.066724 0.616978 0.135579 0.01864
0.26201 0.069442 0.539648 0.040594 0.0883063
0.304977 9.9982E-05 0.436668 9.9982E-05 0.258155
0.177811 9.9991E-05 0.433614 0.0433409 0.345134
0.101061 0.0940371 0.650222 0.102924 0.0517548
0.32301 9.9991E-05 0.526643 0.0279883 0.122258
0.314178 9.9982E-05 0.611609 0.0740127 9.9982E-05
0.462326 9.9973E-05 0.537375 9.9973E-05 9.9973E-05
0.731042 9.9982E-05 0.204704 9.9982E-05 0.0640545
0.14519 0.0247161 0.706228 0.0303168 0.0935488
9.9982E-05 9.9982E-05 0.131991 0.797155 0.0706545
9.9973E-05 9.9973E-05 0.0893577 0.910342 9.9973E-05
9.9982E-05 0.069624 0.064752 0.865424 9.9982E-05
9.9982E-05 0.00326613 0.0482746 0.948259 9.9982E-05
9.9982E-05 0.0322785 0.107057 0.860465 9.9982E-05
9.9982E-05 0.0496491 0.0793861 0.870765 9.9982E-05
9.9973E-05 9.9973E-05 0.0779674 0.921733 9.9973E-05
0.0331456 0.105436 0.673356 0.0914775 0.0965853
0.144306 0.0243622 0.586189 0.0906107 0.154532
0.502596 9.9982E-05 0.301583 9.9982E-05 0.195621
0.0582443 0.132202 0.608323 0.0514875 0.149744
0.104718 9.9991E-05 0.679983 0.0566804 0.158519
0.179369 0.0109229 0.742123 0.0674854 9.9991E-05
0.173804 0.00470938 0.715059 0.0566168 0.0498113
0.217527 0.048386 0.677078 9.9991E-05 0.0569097
0.466131 9.9982E-05 0.157429 9.9982E-05 0.37624
0.104349 0.0842051 0.488202 0.12982 0.193424
0.108293 0.0667934 0.669645 0.093681 0.0615869
0.110706 0.0971169 0.674435 0.0616046 0.0561373
0.448213 9.9973E-05 0.551487 9.9973E-05 9.9973E-05
0.286969 9.9982E-05 0.696483 0.0163478 9.9982E-05
0.185582 0.0169082 0.651277 0.022514 0.123719
0.326304 0.0742803 0.529747 9.9991E-05 0.0695684
0.165579 9.9991E-05 0.684679 0.022318 0.127324
0.177261 0.0616127 0.596001 0.0954192 0.0697062
0.35684 0.0882694 0.198259 0.0164426 0.340189
0.0581078 0.159718 0.337778 0.0813709 0.363025
0.0292721 0.1612 0.537759 0.0752797 0.196489
0.0783388 0.0214881 0.645759 0.176658 0.0777561
0.0314864 0.0274489 0.524264 0.0371131 0.379687
0.0103072 0.0676956 0.602482 9.9991E-05 0.319415
9.9991E-05 0.0128326 0.550137 0.00880069 0.428129
0.0404938 0.0256682 0.653443 0.0210307 0.259364
0.0807672 0.154473 0.506536 0.0305138 0.22771
0.0213939 0.0788334 0.606242 0.0277195 0.265812
9.9973E-05 9.9973E-05 0.578613 9.9973E-05 0.421087
0.0103245 0.106838 0.626292 0.024508 0.232038
0.115399 0.102026 0.590671 0.116424 0.0754805
9.9982E-05 0.0812452 0.661974 9.9982E-05 0.25658
0.135639 0.166393 0.563522 0.0273081 0.107138
0.10954 0.172949 0.476885 9.9991E-05 0.240526
0.182997 0.070121 0.374221 0.0838454 0.288816
0.076096 0.0976091 0.601724 9.9991E-05 0.224471
0.0557992 0.0844055 0.644217 0.0720131 0.143566
0.144044 0.0952128 0.31038 9.9991E-05 0.450263
0.418072 0.0880177 0.145379 0.0303522 0.318179
0.118757 0.0561502 0.583932 0.0507514 0.190409
0.514326 0.0925021 0.0880641 9.9991E-05 0.305008
0.156821 9.9991E-05 0.38087 0.0499707 0.412238
0.14962 9.9991E-05 0.501881 0.0270017 0.321397
0.0245978 9.9982E-05 0.478727 9.9982E-05 0.496476
0.0841183 0.0155746 0.322342 9.9991E-05 0.577865
0.0551477 0.145203 0.556942 0.0254841 0.217224
0.0943326 0.0578883 0.640288 0.125729 0.0817616
9.9991E-05 0.135017 0.532282 0.0799618 0.252639
0.426492 0.116357 0.138071 9.9991E-05 0.318979
0.101016 0.0442447 0.626768 0.124318 0.103654
0.257622 0.147806 0.494414 0.0529253 0.0472324
0.62219 9.9991E-05 0.065353 0.192134 0.120223
0.0454287 0.0173523 0.724616 0.212503 9.9991E-05
0.347859 0.0643242 0.456622 0.120325 0.0108697
0.125895 0.10903 0.578063 0.104756 0.0822555
0.498276 0.0838162 0.210756 0.0924247 0.114727
0.524193 9.9991E-05 0.251297 0.110206 0.114204
0.252802 9.9991E-05 0.574227 0.043553 0.129318
0.211946 0.0577528 0.556415 0.144127 0.0297583
0.140867 0.00605482 0.502532 0.156813 0.193733
0.599025 0.234682 9.9991E-05 0.0788286 0.0873638
0.241218 0.21689 0.458321 9.9991E-05 0.0834709
0.483718 9.9982E-05 0.436584 9.9982E-05 0.0794973
0.325752 0.0375689 0.517516 0.00513888 0.114025
0.0990241 0.105749 0.600843 0.103031 0.0913526
0.181041 0.284037 0.166491 0.365279 0.00315241
0.268203 0.159932 9.9982E-05 0.571666 9.9982E-05
0.353015 0.164471 9.9982E-05 0.482314 9.9982E-05
0.131736 0.39005 0.0420454 0.365853 0.0703156
0.228421 0.0275324 0.743847 9.9982E-05 9.9982E-05
0.113308 0.087935 0.57771 0.094349 0.126697
9.9982E-05 0.717932 0.255708 9.9982E-05 0.0261601
0.00483633 0.482351 0.383549 0.0194889 0.109775
0.0285104 0.508823 0.310132 0.0246119 0.127922
0.538754 0.0433387 0.408992 0.00881522 9.9991E-05
0.238086 0.110283 0.496318 0.0553984 0.0999152
0.66615 0.0209504 0.2977 0.0151 9.9991E-05
0.240195 0.0256529 0.667654 0.0663983 9.9991E-05
0.339011 0.0646859 0.496393 0.0300139 0.0698959
0.232022 0.0463575 0.633135 0.0489106 0.0395741
0.685226 0.043734 0.231481 0.000500034 0.0390593
0.211176 0.126297 0.593143 0.0344928 0.0348903
0.263825 0.127208 0.573179 0.0356877 9.9991E-05
0.0195623 0.939976 0.0402622 9.9982E-05 9.9982E-05
0.0207223 0.907649 0.0518533 9.9991E-05 0.0196759
0.0515624 0.66525 0.198099 9.9991E-05 0.0849887
9.9973E-05 0.640188 0.359512 9.9973E-05 9.9973E-05
9.9982E-05 0.851424 0.142385 0.00599113 9.9982E-05
9.997E-05 0.9996 9.997E-05 9.997E-05 9.997E-05
9.9973E-05 0.974037 9.9973E-05 9.9973E-05 0.025663
9.9973E-05 0.829677 0.170023 9.9973E-05 9.9973E-05
9.9982E-05 0.959931 0.00254053 9.9982E-05 0.0373289
9.997E-05 0.9996 9.997E-05 9.997E-05 9.997E-05
9.997E-05 0.9996 9.997E-05 9.997E-05 9.997E-05
9.9991E-05 0.764442 0.164911 0.038816 0.0317314
9.9982E-05 0.815949 0.127701 0.0561494 9.9982E-05
9.9982E-05 0.979973 0.0132179 9.9982E-05 0.00660893
0.000626888 0.452861 0.354868 0.0730747 0.118569
9.9991E-05 0.703424 0.19128 0.0374087 0.067787
0.0319645 0.754636 0.129589 0.0258976 0.0579126
9.9982E-05 0.914999 0.0381601 9.9982E-05 0.0466413
9.9973E-05 0.995569 0.00413107 9.9973E-05 9.9973E-05
9.9982E-05 0.891404 0.063162 0.0452343 9.9982E-05
9.997E-05 0.9996 9.997E-05 9.997E-05 9.997E-05
9.9991E-05 0.599815 0.28857 0.0623052 0.0492105
9.9991E-05 0.897507 0.0280207 0.035148 0.0392247
0.547337 0.0804297 9.9982E-05 0.372033 9.9982E-05
0.156257 0.0937291 0.422202 0.219905 0.107906
0.23161 0.110584 0.39198 0.265726 9.9991E-05
0.388303 0.216513 0.140342 0.233828 0.0210143
0.109177 0.144026 0.570285 0.149813 0.0266995
0.312701 0.0957439 0.274354 0.317101 9.9991E-05
0.087676 0.0401948 0.531203 0.265132 0.0757938
0.302346 0.195331 0.335814 0.166409 9.9991E-05
0.170663 0.124367 0.537989 0.166881 9.9991E-05
0.184821 0.272686 0.338991 0.203402 9.9991E-05
0.056912 0.109403 0.582326 0.173231 0.0781274
0.0172222 9.9991E-05 0.0888482 0.847705 0.0461245
0.0207152 0.0520684 9.9991E-05 0.91834 0.00877596
9.9973E-05 9.9973E-05 9.9973E-05 0.962853 0.0368473
9.9982E-05 9.9982E-05 0.0155183 0.937637 0.0466442
9.9991E-05 0.0299082 0.017462 0.917785 0.0347446
0.0318812 0.0748762 9.9982E-05 0.893043 9.9982E-05
9.9991E-05 0.0417049 0.0810053 0.874667 0.0025225
0.0470389 9.9991E-05 0.0468429 0.876271 0.0297467
0.000937845 0.0350335 0.0109905 0.921873 0.0311649
0.000666978 0.102283 9.9991E-05 0.843326 0.0536237
0.123917 9.9982E-05 9.9982E-05 0.598021 0.277863
0.0154959 9.9982E-05 9.9982E-05 0.592504 0.3918
0.144176 9.9982E-05 9.9982E-05 0.502735 0.352889
0.162201 9.9982E-05 9.9982E-05 0.496122 0.341478
0.0397332 9.9991E-05 0.660801 0.0762341 0.223132
0.221531 0.0416373 0.642534 9.9991E-05 0.0941973
0.084408 0.111595 0.610576 0.0305973 0.162823
0.151702 9.9991E-05 0.515388 0.0561419 0.276669
0.0626496 9.9982E-05 0.278273 9.9982E-05 0.658878
0.0717131 0.0731541 0.784938 0.0567823 0.0134124
0.176582 0.0617018 0.664014 9.9991E-05 0.097602
0.29007 0.0413631 0.565954 0.0313723 0.0712405
0.398412 0.0197215 0.581667 9.9982E-05 9.9982E-05
0.0556538 0.0812678 0.649292 0.042415 0.171371
0.262128 9.9991E-05 0.546579 0.00136371 0.189829
0.791561 9.9982E-05 0.0917235 9.9982E-05 0.116515
0.120453 9.9991E-05 0.612615 0.0987268 0.168105
0.541445 9.9982E-05 0.436528 0.0218275 9.9982E-05
0.284804 9.9991E-05 0.685167 0.0209128 0.00901586
0.375186 9.9991E-05 0.301837 0.0233118 0.299566
0.079471 9.9982E-05 9.9982E-05 0.117894 0.802435
0.0551557 9.9991E-05 0.0906688 0.139103 0.714972
0.0682949 9.9991E-05 0.00630085 0.0224635 0.902841
0.0673091 9.9982E-05 9.9982E-05 0.102931 0.82956
0.0625705 0.0441166 0.035788 0.0274007 0.830124
0.033884 0.0648121 0.0583298 0.0633961 0.779578
9.9982E-05 0.00969654 0.10547 0.884634 9.9982E-05
9.9991E-05 0.0597299 0.0751823 0.825458 0.0395296
9.9982E-05 0.0868743 0.128801 0.784125 9.9982E-05
9.9991E-05 0.149674 0.0505514 0.710554 0.0891201
9.9991E-05 0.0785704 0.0769109 0.817288 0.0271309
0.0111725 9.9982E-05 9.9982E-05 0.390458 0.598169
0.16233 9.9982E-05 9.9982E-05 0.458649 0.378821
0.050543 9.9982E-05 9.9982E-05 0.43045 0.518807
9.9991E-05 0.123893 0.0664721 0.778311 0.0312238
0.107609 9.9982E-05 9.9982E-05 0.364875 0.527316
0.153782 0.421194 0.216467 0.208457 9.9991E-05
9.9982E-05 0.223666 0.593892 0.182242 9.9982E-05
9.9982E-05 0.296996 0.532296 0.170508 9.9982E-05
0.0843129 0.26064 0.331309 0.315616 0.00812245
0.111652 0.253422 0.533564 0.0782474 0.0231148
0.216452 0.34583 9.9982E-05 0.437518 9.9982E-05
0.112327 0.00861622 0.58028 9.9991E-05 0.298677
0.333932 0.0302919 0.410003 9.9991E-05 0.225674
9.9991E-05 0.0151554 0.279211 0.0983858 0.607148
0.245803 0.00675756 0.618138 9.9991E-05 0.129201
0.86541 9.9973E-05 9.9973E-05 9.9973E-05 0.13429
0.140379 0.108489 0.533588 0.110753 0.106791
0.204885 0.0690064 0.460672 0.055095 0.210341
0.0773532 0.0204724 0.407562 0.0271297 0.467483
0.139394 0.094303 0.549075 0.0834356 0.133792
0.521077 0.021864 0.179271 9.9991E-05 0.277688
0.337438 0.0400571 0.520014 0.0285684 0.0739221
9.9982E-05 0.0351685 0.641345 9.9982E-05 0.323286
0.0963599 0.225138 0.444389 0.131273 0.10284
0.260512 0.0426476 0.431435 9.9991E-05 0.265305
0.133222 0.0649225 0.492588 9.9991E-05 0.309168
0.173722 0.154424 0.510866 9.9991E-05 0.160888
0.163446 0.0164211 0.668168 9.9991E-05 0.151865
0.0249982 0.138431 0.591057 9.9991E-05 0.245414
0.0592572 0.103089 0.613697 0.0545612 0.169396
0.098838 0.114467 0.569545 0.121294 0.0958558
9.9982E-05 0.068578 0.156688 0.774534 9.9982E-05
0.0188752 0.0385083 0.106828 0.835689 9.9991E-05
0.0842698 0.0183188 0.0619145 0.792115 0.0433819
0.0153455 0.0322183 0.0466204 0.833027 0.0727884
9.9982E-05 0.0268797 0.112757 0.860164 9.9982E-05
0.0740363 0.0875404 0.221338 9.9991E-05 0.616985
0.273145 0.139878 0.471199 0.0112961 0.104483
0.129429 0.257923 0.386695 0.222756 0.00319729
9.9991E-05 0.0252794 0.779066 0.0329841 0.16257
0.0888037 0.0095989 0.597567 0.0550178 0.249012
0.255368 0.106575 0.246471 0.0213738 0.370212
0.23648 0.00254522 0.024993 0.12254 0.613442
0.0648022 0.0700447 0.594321 9.9991E-05 0.270732
0.153348 0.0378177 0.21157 0.082122 0.515143
0.208484 0.0577383 0.465762 0.0115248 0.256491
0.10359 0.0232895 0.173309 0.0959756 0.603836
9.9991E-05 0.132288 0.568485 0.0832377 0.215889
0.0671971 0.0171224 0.283292 0.0879205 0.544468
0.194614 0.124843 0.3366 0.00469179 0.339251
0.104274 0.0558359 0.655521 0.0972302 0.0871391
0.417655 0.00656414 0.35889 0.0781889 0.138702
0.194607 0.00524337 0.612741 0.130273 0.0571358
0.232756 0.0656341 0.552223 0.148134 0.00125238
0.472679 9.9991E-05 0.401858 0.0133038 0.11206
0.182159 0.0708472 0.562081 0.0470506 0.137862
0.249011 9.9982E-05 0.639722 0.111068 9.9982E-05
0.752938 9.9982E-05 0.147121 9.9982E-05 0.0997411
0.607755 9.9982E-05 0.372802 0.0192424 9.9982E-05
0.297873 0.0829264 0.558402 0.060699 9.9991E-05
0.657259 9.9991E-05 0.233249 0.0281628 0.0812285
0.312007 9.9991E-05 0.544648 0.0138706 0.129374
0.13807 0.0472102 0.157706 9.9991E-05 0.656914
0.346287 0.0804005 0.244902 9.9991E-05 0.328311
0.0817535 0.107382 0.341326 9.9991E-05 0.469439
9.9982E-05 0.177419 0.616071 9.9982E-05 0.20631
0.129479 0.00946547 0.358519 9.9991E-05 0.502437
0.159798 0.189929 0.499603 0.0388031 0.111867
9.9991E-05 0.138121 0.599922 0.0176151 0.244241
0.00740027 0.0678493 0.563286 9.9991E-05 0.361364
0.109464 0.148587 0.499781 9.9991E-05 0.242067
0.00199771 0.140291 0.435702 0.0127425 0.409267
0.0163557 0.0936064 0.279857 9.9991E-05 0.610081
0.058992 0.112964 0.341742 9.9991E-05 0.486201
0.00786217 0.119705 0.603888 9.9991E-05 0.268445
0.0154416 0.13706 0.583349 0.0342501 0.2299
0.202344 0.0548535 0.506491 0.0469189 0.189392
0.0416578 0.12224 0.503996 0.0100426 0.322063
9.9991E-05 0.107943 0.385129 0.04279 0.464038
0.0146094 0.0227589 0.699929 0.0933729 0.16933
9.9991E-05 0.131879 0.512288 0.0242254 0.331507
0.173649 0.208488 0.412504 0.0122508 0.193108
9.9991E-05 0.0634024 0.495293 0.362012 0.0791927
0.125537 0.300044 0.430709 0.142158 0.0015523
0.0511346 0.127533 0.561609 0.220581 0.0391421
0.0200472 0.149461 0.623636 0.0946061 0.112249
0.088849 0.269341 0.451976 0.189734 9.9991E-05
0.202608 0.0863816 0.458882 9.9991E-05 0.252028
0.0390745 0.145625 0.516393 0.276968 0.0219393
0.524913 0.196742 0.0055863 0.272659 9.9991E-05
0.0893085 0.167253 0.548975 0.15818 0.0362843
0.0274506 0.157352 0.519471 0.20081 0.0949158
0.0638358 0.223923 0.584542 0.0800026 0.0476966
0.302169 0.214437 0.254391 0.192244 0.0367589
0.019601 0.129802 0.583457 0.26704 9.9991E-05
0.0209076 0.211194 0.555937 0.203952 0.0080099
0.291777 0.21684 9.9982E-05 0.491183 9.9982E-05
0.0494234 0.231291 0.543537 0.175649 9.9991E-05
0.0326441 0.213423 0.521584 0.232248 9.9991E-05
0.0902942 0.138211 0.668884 0.0636299 0.0389811
0.0100779 0.176509 0.550619 0.212854 0.0499399
0.0722257 0.205161 0.544642 0.122628 0.0553437
0.285133 0.0707621 0.557041 9.9991E-05 0.0869631
0.209076 0.0518566 0.648116 0.090851 9.9991E-05
0.727748 9.9982E-05 0.148131 9.9982E-05 0.123922
0.79245 9.9982E-05 0.144567 9.9982E-05 0.0627835
0.175721 0.14662 0.542709 0.0131281 0.121821
0.165917 0.421101 0.332963 0.029414 0.0506048
0.206681 0.361602 0.322934 0.108683 9.9991E-05
0.266416 0.339379 0.157816 0.236288 9.9991E-05
0.124493 0.299269 0.380261 0.195877 9.9991E-05
0.639399 0.179651 0.105947 0.0749029 9.9991E-05
0.57609 0.178511 0.166523 0.0787753 9.9991E-05
0.22299 0.152126 0.616503 0.00828139 9.9991E-05
0.252434 0.151622 0.547243 0.048601 9.9991E-05
0.476006 0.145399 0.292233 0.086261 9.9991E-05
0.151526 0.223616 0.559897 0.0277326 0.0372287
0.174284 0.195511 0.506296 0.000845015 0.123064
0.176722 0.189902 0.505975 0.103767 0.0236342
0.440582 9.9982E-05 0.50281 9.9982E-05 0.0564077
0.447898 0.0240212 0.505997 9.9991E-05 0.021984
0.236827 0.0560638 0.568937 0.0849479 0.0532244
0.340699 0.120623 0.340507 0.106098 0.0920734
0.253941 0.158623 0.449269 0.114354 0.0238125
0.418327 0.0231987 0.508991 0.0235393 0.0259431
0.582138 9.9982E-05 0.350072 9.9982E-05 0.0675893
0.186436 0.0551309 0.73226 0.0119646 0.0142091
0.620465 0.00568991 0.366591 9.9991E-05 0.00715416
0.428523 0.0556223 0.515655 9.9982E-05 9.9982E-05
0.179726 0.131388 0.603097 0.0666647 0.0191244
0.316601 0.105177 0.550232 9.9991E-05 0.0278893
0.157719 0.280139 0.413123 0.0964681 0.0525506
0.162297 0.167426 0.445412 0.125905 0.0989592
0.139772 0.233479 0.400659 0.191244 0.0348459
0.128864 0.232044 0.39197 0.187182 0.0599402
0.169888 0.16965 0.463783 0.122862 0.0738177
0.188689 0.209499 0.370527 0.190172 0.0411131
0.602238 0.215766 9.9982E-05 0.181796 9.9982E-05
0.0104892 0.177348 0.698438 0.108043 0.0056812
0.456189 0.14913 9.9982E-05 0.394481 9.9982E-05
0.181629 0.258863 0.51944 0.0399686 9.9991E-05
0.738218 9.9973E-05 0.261482 9.9973E-05 9.9973E-05
0.859201 9.9991E-05 0.0900248 0.0127094 0.0379649
0.373994 0.00640141 0.619405 9.9982E-05 9.9982E-05
0.194046 9.9982E-05 0.707791 0.0979634 9.9982E-05
0.408996 9.9982E-05 0.561416 9.9982E-05 0.0293886
0.252618 9.9991E-05 0.655945 0.00171218 0.0896247
0.335395 9.9973E-05 0.664305 9.9973E-05 9.9973E-05
0.037642 0.0740871 0.0711174 0.795094 0.0220598
0.00610072 0.138527 9.9991E-05 0.700645 0.154628
9.9982E-05 0.0890667 9.9982E-05 0.876089 0.0346448
9.9973E-05 9.9973E-05 0.0529919 0.946708 9.9973E-05
0.193923 9.9991E-05 0.66982 0.0366469 0.0995103
0.115455 9.9991E-05 0.697887 0.0833828 0.103175
0.145419 9.9982E-05 0.712032 9.9982E-05 0.14235
0.114847 9.9991E-05 0.740665 0.124296 0.0200915
0.197668 0.0851086 0.46112 0.134176 0.121927
0.395171 9.9982E-05 0.437763 9.9982E-05 0.166867
0.195273 0.0366917 0.726412 9.9991E-05 0.0415233
0.468797 9.9973E-05 0.530903 9.9973E-05 9.9973E-05
0.0180241 0.231552 0.466269 0.278951 0.00520434
0.281345 0.0434304 0.562465 9.9991E-05 0.112659
0.190012 9.9982E-05 0.634809 9.9982E-05 0.174979
0.212698 9.9982E-05 0.719447 9.9982E-05 0.0676548
0.233062 9.9982E-05 0.62166 9.9982E-05 0.145079
0.284834 9.9982E-05 0.714384 0.000582243 9.9982E-05
0.114629 0.0224199 0.71295 0.0997539 0.0502465
0.643915 9.9973E-05 0.355785 9.9973E-05 9.9973E-05
0.487047 9.9982E-05 0.462866 9.9982E-05 0.0498871
0.36068 9.9982E-05 0.521615 9.9982E-05 0.117506
0.882377 9.9973E-05 0.117323 9.9973E-05 9.9973E-05
0.170326 9.9991E-05 0.605761 0.0653885 0.158425
0.570258 9.9982E-05 0.339067 9.9982E-05 0.090475
0.793159 9.9982E-05 0.125016 9.9982E-05 0.0816248
0.117992 0.0498124 0.668775 0.0828519 0.0805692
0.409712 9.9991E-05 0.423788 0.000656546 0.165744
0.193869 0.0632948 0.565742 0.045347 0.131747
0.16803 0.0679215 0.598735 0.165214 9.9991E-05
0.162098 0.0449425 0.651915 9.9991E-05 0.140944
0.291432 0.122243 0.319008 9.9991E-05 0.267217
0.206201 9.9982E-05 0.736065 9.9982E-05 0.0575349
0.195209 9.9991E-05 0.632902 0.0295153 0.142274
0.478605 9.9982E-05 0.489237 9.9982E-05 0.031958
0.0859565 0.0720038 0.646573 0.0440075 0.151459
0.0993228 0.00169868 9.9991E-05 0.654009 0.24487
0.0606242 0.00518206 0.111398 0.755319 0.0674768
0.0648765 9.9982E-05 9.9982E-05 0.838731 0.096193
0.0400229 9.9982E-05 9.9982E-05 0.815848 0.143929
0.00192869 9.9991E-05 0.0629628 0.754313 0.180695
0.373851 9.9982E-05 0.344451 9.9982E-05 0.281498
0.448481 9.9982E-05 0.33836 9.9982E-05 0.21296
0.614712 9.9973E-05 0.384989 9.9973E-05 9.9973E-05
0.15443 0.137454 0.539327 0.168689 9.9991E-05
0.0455623 9.9982E-05 0.701481 0.252756 9.9982E-05
0.435944 9.9991E-05 0.523026 0.0235051 0.0174246
0.106739 0.0602266 0.778021 0.0236243 0.0313897
0.309062 9.9982E-05 0.628582 0.0621556 9.9982E-05
0.106103 9.9991E-05 0.738865 0.0805766 0.0743555
0.137275 0.0437768 0.740742 0.0545973 0.0236091
0.316066 9.9982E-05 0.460308 9.9982E-05 0.223426
0.212379 9.9982E-05 0.595517 9.9982E-05 0.191904
0.211821 9.9982E-05 0.551466 9.9982E-05 0.236514
0.108531 0.0459331 0.649324 0.116007 0.0802046
0.198527 9.9982E-05 0.637301 9.9982E-05 0.163972
0.211935 9.9991E-05 0.669487 0.00874816 0.10973
0.0522585 0.48015 0.401659 0.00700212 0.0589303
0.0454261 0.43004 0.422026 0.102408 9.9991E-05
0.0370028 0.409242 0.397518 0.156137 9.9991E-05
0.13493 0.506597 0.265924 0.0924494 9.9991E-05
0.0861778 0.425669 0.370342 0.117711 9.9991E-05
0.334613 0.0240682 0.592999 0.0482195 9.9991E-05
0.0208323 0.712677 9.9982E-05 0.266291 9.9982E-05
0.0652678 0.552039 0.242711 0.139882 9.9991E-05
0.198163 0.215297 0.419915 0.16186 0.00476447
0.126428 9.9982E-05 0.677817 0.195555 9.9982E-05
0.224201 0.0365678 0.479211 0.1607 0.0993196
0.104416 0.00396867 0.63693 0.220034 0.0346511
0.107055 0.0519758 0.688891 0.103177 0.0489006
0.0193598 0.496871 0.229408 0.254261 9.9991E-05
9.9991E-05 0.398611 0.394459 0.125313 0.0815174
9.9991E-05 0.470321 0.43645 0.0907032 0.00242615
0.0201062 0.291673 0.5172 0.130687 0.0403338
0.0631528 0.657694 0.198137 0.0554768 0.0255391
0.110015 0.340291 0.416187 0.133407 9.9991E-05
0.00939682 0.540774 0.289047 0.160683 9.9991E-05
0.0853862 0.51473 0.357605 9.9991E-05 0.0421789
0.226757 0.0457951 0.645025 0.0823234 9.9991E-05
0.0965375 0.414802 0.287804 0.122462 0.078395
9.9982E-05 0.693101 0.173183 0.133516 9.9982E-05
0.058674 0.396872 0.34122 0.0978175 0.105416
0.271922 9.9991E-05 0.322021 0.165398 0.240559
0.134079 0.177897 0.567065 0.0283819 0.0925774
0.0237692 0.426261 0.353252 0.12846 0.0682571
0.126104 0.124143 0.570864 0.0425413 0.136348
0.198438 0.0278176 0.544649 0.131566 0.0975291
0.0593003 0.22466 0.38413 0.242397 0.0895129
0.0647894 0.351852 0.341169 0.242089 9.9991E-05
0.217729 0.201827 0.438068 0.125603 0.0167731
0.0601649 0.317661 0.43061 0.191464 9.9991E-05
9.9982E-05 0.434214 0.384645 0.180941 9.9982E-05
0.0328415 0.666185 0.103829 0.197045 9.9991E-05
0.0911497 0.0172438 0.7025 0.139023 0.0500828
0.176502 9.9991E-05 0.594802 0.16717 0.0614263
0.536885 0.0806593 0.228863 0.147556 0.0060371
0.019044 0.0954679 0.545728 0.163497 0.176263
0.161766 0.0442954 0.448258 0.133477 0.212204
0.100258 0.168514 0.507362 0.223766 9.9991E-05
0.042759 0.135747 0.557802 0.0980885 0.165604
0.406829 0.228089 9.9982E-05 0.364882 9.9982E-05
0.467654 0.188191 9.9982E-05 0.343955 9.9982E-05
0.286539 0.133427 0.321571 0.174733 0.08373
0.371646 0.288155 9.9982E-05 0.339999 9.9982E-05
0.309137 0.237494 9.9982E-05 0.45317 9.9982E-05
0.31851 0.207531 0.353448 0.120411 9.9991E-05
0.197758 0.148134 0.35689 0.291815 0.00540334
0.301507 0.199596 0.218612 0.280184 9.9991E-05
0.382408 0.224893 0.0935215 0.299077 9.9991E-05
0.166197 0.153327 0.485425 0.194952 9.9991E-05
0.468204 0.199524 0.0925214 0.23965 9.9991E-05
0.426119 0.0980247 9.9982E-05 0.475656 9.9982E-05
9.9991E-05 0.273846 0.473762 0.104466 0.147826
0.111754 0.297966 0.346716 0.167167 0.0763973
9.9991E-05 0.206346 0.451557 0.290792 0.0512047
9.9982E-05 0.249594 0.538578 0.211628 9.9982E-05
0.0167023 0.217278 0.57621 0.187686 0.00212396
0.0658961 0.337592 0.40363 0.192782 9.9991E-05
0.00555886 0.212402 0.35551 0.39497 0.0315595
0.0209958 0.189589 0.523098 0.222532 0.0437852
9.9991E-05 0.285536 0.440793 0.238065 0.0355056
0.0936168 0.279049 0.351863 0.246041 0.0294305
0.20504 0.151042 0.331976 0.16256 0.149383
0.0419035 0.102548 0.56688 0.196483 0.0921858
9.9991E-05 0.10275 0.537526 0.233597 0.126027
0.0319421 0.0875663 0.736963 0.126663 0.0168664
9.9982E-05 0.242894 0.416275 0.340631 9.9982E-05
0.06056 0.282961 0.479321 0.177058 9.9991E-05
0.190055 0.220916 0.181678 0.407251 9.9991E-05
9.9982E-05 0.287008 0.514359 0.198433 9.9982E-05
0.152059 0.330765 0.198162 0.318915 9.9991E-05
0.082703 9.9991E-05 0.0220313 0.783397 0.111769
0.0556087 0.0393733 0.10816 0.0102918 0.786566
9.997E-05 9.997E-05 9.997E-05 9.997E-05 0.9996
9.997E-05 9.997E-05 9.997E-05 9.997E-05 0.9996
9.9973E-05 0.0153562 9.9973E-05 9.9973E-05 0.984344
9.9991E-05 0.0196882 0.00487075 0.0232065 0.952135
9.9973E-05 9.9973E-05 0.0492569 9.9973E-05 0.950443
9.9973E-05 9.9973E-05 9.9973E-05 0.0381679 0.961532
9.9982E-05 0.0465404 9.9982E-05 0.148095 0.805164
9.9982E-05 9.9982E-05 0.0165326 0.904807 0.0784606
9.9991E-05 0.0179211 0.0698122 0.823672 0.0884943
0.0587116 0.0366777 9.9982E-05 0.904411 9.9982E-05
9.9982E-05 9.9982E-05 0.0464039 0.829909 0.123487
9.9991E-05 0.0787979 0.0130483 0.865342 0.0427123
0.00974451 0.0140699 9.9991E-05 0.892904 0.0831813
9.9991E-05 0.135953 0.0568339 0.752046 0.0550675
0.0502045 0.088788 9.9982E-05 0.860808 9.9982E-05
9.9991E-05 0.00377247 0.130549 0.744847 0.120732
9.9982E-05 0.0398777 0.0281789 0.931743 9.9982E-05
9.9973E-05 9.9973E-05 9.9973E-05 0.980601 0.0190986
0.0142998 0.025073 0.031279 0.863664 0.0656839
9.9991E-05 0.0151159 0.00206385 0.927756 0.0549642
9.9973E-05 9.9973E-05 0.075618 0.924082 9.9973E-05
9.9982E-05 9.9982E-05 0.12886 0.865808 0.00513229
9.9982E-05 0.0160191 0.101478 0.882303 9.9982E-05
9.9982E-05 0.153295 0.0650839 0.781421 9.9982E-05
9.9982E-05 0.0948399 0.122442 0.782518 9.9982E-05
9.9982E-05 0.046 0.12126 0.83254 9.9982E-05
0.222892 0.0426 0.451088 0.179353 0.104067
0.040435 9.9991E-05 0.802798 0.117874 0.038793
0.0805655 9.9991E-05 0.693231 0.180266 0.0458379
0.695939 0.0252746 0.164201 0.114485 9.9991E-05
0.192126 0.00724247 0.602818 0.123571 0.074242
0.617692 0.0673244 0.129713 0.185171 9.9991E-05
0.122762 0.0615702 0.68129 0.0959748 0.0384029
0.203756 9.9991E-05 0.553976 0.126971 0.115198
0.152151 0.0139817 0.616124 0.102716 0.115026
0.193211 0.0200374 0.672906 0.00897065 0.104874
0.230553 9.9991E-05 0.516693 0.151096 0.101558
0.12551 0.0661112 0.655783 0.129668 0.0229282
0.129793 0.0906982 0.58332 0.0992763 0.0969129
0.341329 0.0835423 0.0857587 9.9991E-05 0.48927
0.829746 0.00300164 9.9991E-05 0.0749616 0.0921905
0.620396 0.0146367 0.231107 0.11583 0.0180299
0.0916718 0.143731 0.549703 0.0663495 0.148544
0.25181 0.0613684 0.577425 0.109297 9.9991E-05
0.196878 9.9982E-05 0.576437 0.226486 9.9982E-05
0.152598 0.0457912 0.721528 0.0703531 0.00972885
0.0797238 0.260046 0.497161 0.16297 9.9991E-05
9.9991E-05 0.191664 0.597626 0.195759 0.0148511
0.14684 0.147696 0.155233 0.426886 0.123346
9.9982E-05 9.9982E-05 0.722056 0.172973 0.104771
0.0468116 0.12572 0.436147 0.264797 0.126525
0.352478 0.186267 9.9982E-05 0.461055 9.9982E-05
0.155097 0.253355 0.344969 0.246479 9.9991E-05
0.0347146 0.250295 0.258215 0.35173 0.105045
9.9991E-05 0.0484576 0.497433 0.340656 0.113353
0.0487012 0.230462 0.430006 0.155575 0.135255
9.9982E-05 0.166742 0.639772 0.193285 9.9982E-05
9.9991E-05 0.149188 0.63273 0.166239 0.051743
0.119452 0.275766 0.382256 0.124536 0.0979906
9.9991E-05 0.183318 0.320864 0.449196 0.0465219
