0.0716873 0.0218822 9.9973E-05 0.900536 9.9973E-05 9.9973E-05 0.00559485
0.055388 0.0375378 9.9964E-05 0.906674 9.9964E-05 9.9964E-05 9.9964E-05
0.0454862 9.9973E-05 9.9973E-05 0.806289 9.9973E-05 0.11735 0.0305753
0.0479052 9.9982E-05 0.0582007 0.764607 9.9982E-05 0.0672798 0.0618076
0.0616343 9.9973E-05 9.9973E-05 0.832994 9.9973E-05 0.0706231 0.0344485
0.104064 0.0489045 9.9991E-05 0.581006 0.121452 0.0545078 0.0899658
0.0425805 9.9991E-05 0.0111104 0.797272 0.123931 0.0218537 0.00315213
0.141867 9.9973E-05 9.9973E-05 0.696245 0.142035 9.9973E-05 0.0195528
0.0995178 9.99729E-05 0.0147622 0.826943 0.0584769 9.99729E-05 9.99729E-05
0.0260707 9.9982E-05 9.9982E-05 0.673578 0.110578 0.12473 0.0648424
0.114018 9.9973E-05 9.9973E-05 0.719122 0.116696 0.0498648 9.9973E-05
9.9973E-05 0.00994384 0.799765 9.9973E-05 9.9973E-05 0.174825 0.0151666
0.154373 9.9982E-05 0.337149 0.00147065 9.9982E-05 0.434134 0.0726736
0.0110091 9.9991E-05 0.683327 0.00468734 0.0659489 0.145677 0.0892503
9.999E-05 0.0225448 0.619432 0.00600415 0.0116248 0.117172 0.223123
9.9982E-05 0.0179941 0.492201 0.0661126 9.9982E-05 0.276912 0.146581
9.9982E-05 0.0151055 0.343479 0.0044889 9.9982E-05 0.521514 0.115212
9.9982E-05 0.104692 0.459376 0.0206063 9.9982E-05 0.342308 0.0728175
9.9982E-05 0.0208434 0.652814 0.0616803 9.9982E-05 0.145461 0.119001
0.053951 9.9973E-05 0.844031 0.0640056 0.037712 9.9973E-05 9.9973E-05
9.999E-05 0.125244 0.370911 0.0119616 0.0885369 0.336609 0.0666375
0.0393881 0.015118 0.269612 0.00394648 0.210009 0.43041 0.0315166
0.0804427 9.9991E-05 0.349182 0.0204989 0.005162 0.48842 0.0561937
9.9982E-05 0.00528351 0.71053 0.0279443 9.9982E-05 0.229465 0.0265774
0.0273786 0.125842 0.0656525 0.0758242 9.9991E-05 0.619296 0.0859072
0.0131216 9.9982E-05 0.492907 9.9982E-05 0.0122774 0.32993 0.151563
9.9973E-05 9.9973E-05 0.850666 0.0360944 9.9973E-05 0.0244942 0.0884452
9.9964E-05 9.9964E-05 0.824894 9.9964E-05 9.9964E-05 0.00347251 0.171234
9.9982E-05 9.9982E-05 0.75149 0.00197683 0.0850648 0.137262 0.0240065
9.9973E-05 9.9973E-05 0.0124957 0.848041 9.9973E-05 0.0607989 0.0783641
9.9973E-05 9.9973E-05 0.067829 0.794932 9.9973E-05 0.0738814 0.0630578
9.9973E-05 0.0696771 9.9973E-05 0.7514 9.9973E-05 0.155397 0.0232259
9.9973E-05 0.0733764 9.9973E-05 0.719806 9.9973E-05 0.0768385 0.129679
0.059735 0.271191 0.160429 0.0194646 0.014211 0.465498 0.00947204
0.0338453 0.324163 0.0716949 0.0483331 9.9991E-05 0.448939 0.0729243
9.9982E-05 0.357357 9.9982E-05 0.0396464 0.0184322 0.57632 0.00804412
0.147486 0.0283959 0.671294 0.0955393 9.9982E-05 0.0570848 9.9982E-05
0.00933159 0.58467 9.9982E-05 9.9982E-05 0.12263 0.255346 0.0278225
9.9982E-05 0.204489 0.176823 0.0905561 9.9982E-05 0.489328 0.0386034
0.0363601 0.205026 0.0890994 0.0142432 0.0208753 0.588119 0.0462774
0.0432192 0.186309 9.9982E-05 0.122496 0.0484014 0.599374 9.9982E-05
0.0887716 0.131835 0.0619971 0.0859012 0.0423807 0.589014 9.9991E-05
9.9973E-05 0.641403 0.268422 0.0374496 9.9973E-05 0.0524251 9.9973E-05
0.00778468 0.10022 0.0764729 0.0952438 0.125028 0.520405 0.0748453
9.999E-05 0.157993 0.136474 0.0388178 0.0524857 0.531613 0.082517
0.0506711 0.0443643 0.0754582 0.068407 0.0657735 0.621481 0.0738446
9.9964E-05 0.680785 9.9964E-05 9.9964E-05 0.0563508 0.262464 9.9964E-05
9.9982E-05 0.207339 0.0701117 0.050467 9.9982E-05 0.595262 0.0766204
0.0830971 0.151723 9.9991E-05 0.146195 0.0175368 0.537323 0.0640259
0.0126511 0.56691 9.9973E-05 0.0399265 0.380212 9.9973E-05 9.9973E-05
0.17849 0.182449 0.371316 9.9982E-05 0.100319 0.167227 9.9982E-05
0.00837861 0.0425155 0.384143 0.0172672 0.445068 0.0545983 0.0480297
0.01284 0.0281721 0.210062 0.091517 9.9991E-05 0.517606 0.139703
0.00577015 9.9991E-05 0.117885 0.0801498 0.129019 0.594626 0.0724496
0.0118818 9.9991E-05 0.136192 0.110926 0.0341104 0.659762 0.0470286
0.268041 0.168178 0.207283 0.0702813 0.113038 0.173079 9.9991E-05
0.114365 9.9982E-05 0.245151 0.0258753 0.047388 0.567021 9.9982E-05
9.9982E-05 0.0809985 0.223353 0.0584681 9.9982E-05 0.5517 0.0852797
9.9982E-05 0.208762 0.360967 0.120501 0.021264 0.288306 9.9982E-05
0.0183804 0.0512398 0.550164 0.180198 0.130198 0.011089 0.0587309
0.110517 0.0936391 0.154517 9.9991E-05 0.0306502 0.523843 0.0867332
0.160764 0.0670911 0.374559 0.0150686 9.9991E-05 0.320201 0.0622163
0.10114 0.0896845 0.662967 0.034203 0.111806 9.9982E-05 9.9982E-05
0.0503116 9.9973E-05 0.440638 9.9973E-05 0.0232695 0.485481 9.9973E-05
9.9991E-05 0.051263 0.151477 0.0359188 0.0981541 0.585369 0.0777179
0.0263656 9.9982E-05 0.252669 0.108925 0.0374319 0.574408 9.9982E-05
9.9991E-05 0.169061 0.550837 0.0431985 0.0382392 0.10328 0.0952837
9.9991E-05 0.0536426 0.329252 0.0341717 0.12075 0.401739 0.0603456
0.143839 0.02076 0.103641 0.0340439 0.0422711 0.602887 0.0525581
0.014264 0.102008 0.672564 0.00716786 0.123449 0.0804472 9.9991E-05
0.053057 0.405258 9.9964E-05 9.9964E-05 9.9964E-05 0.541285 9.9964E-05
0.0115755 0.750682 0.11176 9.9982E-05 9.9982E-05 0.101085 0.0246987
9.9973E-05 0.223915 0.163843 0.115408 9.9973E-05 0.496535 9.9973E-05
9.9955E-05 0.812522 9.9955E-05 9.9955E-05 0.186978 9.9955E-05 9.9955E-05
9.9955E-05 0.830582 9.9955E-05 9.9955E-05 0.168919 9.9955E-05 9.9955E-05
9.9973E-05 0.74971 0.0347477 9.9973E-05 9.9973E-05 0.184662 0.0305799
9.9973E-05 0.596486 0.0404119 9.9973E-05 9.9973E-05 0.355915 0.00688695
9.9982E-05 0.231172 0.0619929 0.108279 9.9982E-05 0.515737 0.0826187
9.9982E-05 0.484129 0.0848779 0.00602954 9.9982E-05 0.303632 0.121132
0.146918 0.638075 0.0794042 0.0103741 9.9991E-05 0.0588881 0.066241
0.102196 0.535154 0.112928 0.0382382 0.00681123 0.204573 9.9991E-05
0.0603655 0.288737 0.024992 0.104763 9.9991E-05 0.454734 0.0663086
9.9991E-05 0.634887 0.103392 0.0120032 0.0305824 0.11997 0.0990658
9.9973E-05 0.465905 0.0959415 0.0558716 9.9973E-05 0.381982 9.9973E-05
9.9964E-05 0.48089 9.9964E-05 9.9964E-05 0.112416 0.406294 9.9964E-05
9.9955E-05 0.60385 9.9955E-05 9.9955E-05 0.39565 9.9955E-05 9.9955E-05
0.0388995 0.239513 9.9973E-05 9.9973E-05 0.0241579 0.69713 9.9973E-05
9.9982E-05 0.0216722 0.0868536 0.801791 9.9982E-05 0.0192487 0.0702345
9.9955E-05 9.9955E-05 9.9955E-05 0.88951 9.9955E-05 0.10999 9.9955E-05
9.9964E-05 9.9964E-05 9.9964E-05 0.84661 9.9964E-05 0.100229 0.0527616
9.9964E-05 0.0129441 9.9964E-05 0.919928 9.9964E-05 0.0667281 9.9964E-05
9.9964E-05 9.9964E-05 9.9964E-05 0.86015 9.9964E-05 0.131255 0.00819496
0.00145721 0.0853605 9.9982E-05 0.86935 9.9982E-05 0.0370557 0.00657634
9.99551E-05 9.99551E-05 9.99551E-05 0.90191 9.99551E-05 0.0975904 9.99551E-05
0.101231 0.349801 0.0350108 0.0308655 9.9991E-05 0.321782 0.161209
0.0915519 0.218886 0.00802182 0.107384 0.0170026 0.425334 0.131819
0.0183686 0.777428 0.101583 0.0557699 0.0466505 9.9982E-05 9.9982E-05
9.9982E-05 0.185888 0.155354 0.0881288 9.9982E-05 0.459003 0.111426
0.0827027 0.391282 0.120498 0.0197441 9.9991E-05 0.334983 0.0506908
0.0131657 0.313719 9.9991E-05 0.0629794 0.0196174 0.555355 0.0350636
9.9991E-05 0.256618 0.0903182 0.0520141 0.0935736 0.504077 0.00329858
9.9973E-05 0.440432 9.9973E-05 9.9973E-05 0.0407606 0.433063 0.0854439
0.0503942 0.691954 0.184517 0.0692933 0.00364171 9.9982E-05 9.9982E-05
0.0794244 0.182204 0.0786056 0.143231 9.9991E-05 0.424234 0.092201
9.9991E-05 0.113882 0.0761111 0.103245 0.0760869 0.570858 0.0597181
0.181348 0.11477 0.0668666 0.011847 0.0219994 0.507515 0.0956545
9.9982E-05 0.437544 0.115255 0.00339327 0.198591 0.245017 9.9982E-05
0.03542 0.443635 9.9991E-05 0.0120657 0.0387362 0.415159 0.0548834
0.0195502 0.36478 0.17182 0.014266 9.9982E-05 0.429384 9.9982E-05
0.0098072 0.633039 9.9982E-05 9.9982E-05 0.0173292 0.188106 0.151518
0.0739591 0.468097 9.9973E-05 0.0730855 9.9973E-05 0.384558 9.9973E-05
0.04195 0.123743 0.119519 0.147571 9.9991E-05 0.550103 0.0170133
0.103388 0.0321219 0.472644 0.0433355 0.17517 0.15646 0.0168813
0.125332 9.9991E-05 0.301439 0.108648 0.0507339 0.348643 0.0651045
0.143575 9.9991E-05 0.133542 0.137945 0.0260458 0.498029 0.0607631
0.0588671 0.15123 0.0969036 0.0748624 0.00377403 0.575277 0.039086
0.086245 0.0468324 0.401576 0.0238316 0.0146959 0.426719 9.9991E-05
0.171318 0.0263507 0.245069 9.9991E-05 0.0105217 0.476173 0.0704681
0.146485 9.9973E-05 0.443891 9.9973E-05 0.00235301 0.406972 9.9973E-05
0.117371 0.162009 0.0511384 0.102259 0.0560052 0.511118 9.9991E-05
0.0601124 0.0127937 0.253768 9.9991E-05 0.0929754 0.439837 0.140414
0.0859071 0.0786788 0.201019 0.0514435 0.030987 0.551864 9.9991E-05
0.118922 0.0593893 0.361771 9.9982E-05 0.028372 0.431346 9.9982E-05
0.0643373 9.9991E-05 0.119515 0.0532099 0.0707608 0.640751 0.0513253
0.0312696 0.07043 0.0939914 0.130506 0.099449 0.513268 0.0610855
0.123097 0.140964 0.20966 9.9991E-05 0.0057377 0.443255 0.0771858
0.0938893 9.9991E-05 0.143586 0.100616 0.0306501 0.627063 0.00409544
0.157578 0.0639316 0.116566 0.0247936 0.0472663 0.468041 0.121823
0.0217386 9.9982E-05 0.363654 0.0802043 0.143352 0.390851 9.9982E-05
0.0662838 9.9982E-05 0.1912 0.0380674 0.0175658 0.686683 9.9982E-05
0.0662242 9.9991E-05 0.19446 0.01493 0.0743841 0.613671 0.0362307
0.146935 0.152893 0.370972 0.0821871 9.9982E-05 0.246814 9.9982E-05
0.0110739 0.0692724 0.461687 0.00782714 0.298304 0.124486 0.0273487
0.126758 0.0812272 0.117255 0.0365734 0.055228 0.582858 9.9991E-05
0.171664 0.0531228 0.258639 9.9991E-05 0.435154 0.0744865 0.00683404
0.0910507 0.087973 0.5659 0.0496328 9.9982E-05 0.205243 9.9982E-05
0.107447 0.060011 0.357717 9.9982E-05 0.0465027 0.428122 9.9982E-05
0.135764 0.172687 0.424662 0.00883015 9.9982E-05 0.257858 9.9982E-05
0.135976 0.101126 0.515702 9.9991E-05 0.0197309 0.21863 0.0087348
0.0277368 0.0463671 0.160229 0.0351502 0.0347556 0.625767 0.0699938
0.104989 0.151383 0.0601752 0.101523 0.0118453 0.4569 0.113185
0.0381864 0.0358024 0.250262 0.0762934 0.047666 0.548702 0.00308789
0.0499868 0.109761 0.397305 9.9991E-05 0.294958 0.119718 0.0281717
0.0164759 0.126346 0.171265 0.12304 9.9982E-05 0.562673 9.9982E-05
9.9991E-05 0.0965983 0.192744 0.0828495 0.140342 0.437942 0.0494242
0.0463165 0.116069 0.0986685 0.168575 0.57017 9.9982E-05 9.9982E-05
9.9991E-05 0.142015 0.00767776 0.0381741 0.118283 0.658981 0.0347689
0.037056 0.179362 0.0537908 0.129597 0.276097 0.317063 0.00703451
0.051362 0.0404511 0.0991555 0.0377363 0.190476 0.472189 0.10863
0.0728147 0.101781 0.0352817 0.044151 0.396469 0.349403 9.9991E-05
0.08108 9.9982E-05 0.158502 0.049327 0.456465 0.254426 9.9982E-05
0.0390271 0.0802384 0.0612862 0.0769082 0.261775 0.480665 9.9991E-05
0.0964 0.0348127 0.0299107 0.118983 0.108558 0.569877 0.041458
0.0623947 0.0416101 0.152458 0.0973564 0.175406 0.420746 0.0500287
9.9982E-05 0.149656 0.261397 0.0572642 0.388777 9.9982E-05 0.142706
0.0466981 0.0427249 0.128542 0.0686404 0.107196 0.558172 0.0480263
0.0309372 0.184957 0.124892 9.9982E-05 0.307087 0.351927 9.9982E-05
9.9973E-05 0.131335 0.130933 9.9973E-05 0.234857 0.502575 9.9973E-05
0.0388473 0.223812 0.0742553 0.0965426 0.0278312 0.472372 0.0663397
9.9973E-05 9.9973E-05 9.9973E-05 0.328379 0.248961 0.236627 0.185733
9.9964E-05 9.9964E-05 9.9964E-05 0.507784 0.36386 9.9964E-05 0.127957
9.9964E-05 9.9964E-05 9.9964E-05 0.453692 0.413936 9.9964E-05 0.131973
9.9982E-05 9.9982E-05 0.0634774 0.428751 0.092206 0.105001 0.310365
9.9964E-05 0.0369543 9.9964E-05 9.9964E-05 0.313336 0.64931 9.9964E-05
9.9991E-05 0.0705567 0.016797 0.151085 0.160332 0.559908 0.0412209
9.9964E-05 9.9964E-05 0.0365446 9.9964E-05 9.9964E-05 0.230998 0.732058
0.0059775 0.0958943 0.137821 0.000721458 9.9991E-05 0.289079 0.470407
0.0991849 0.117693 9.9991E-05 0.0640354 0.0261595 0.341593 0.351235
9.9964E-05 0.101358 9.9964E-05 9.9964E-05 0.532386 0.365857 9.9964E-05
0.111293 0.0880174 0.0302932 0.0159195 0.133546 0.56825 0.0526812
9.9973E-05 0.0287677 0.0821407 9.9973E-05 0.5797 0.309092 9.9973E-05
9.9991E-05 0.0398332 0.0641678 0.0615434 0.194027 0.597359 0.0429697
0.0551855 0.104419 0.136041 9.9982E-05 0.206112 0.498043 9.9982E-05
0.04545 0.0491477 0.0508136 9.9991E-05 0.266304 0.556448 0.0317374
9.9973E-05 0.0280083 0.0763339 9.9973E-05 0.655915 0.239443 9.9973E-05
0.0619961 0.0247995 0.0649109 0.0278238 0.115202 0.585723 0.119545
9.9982E-05 0.0970426 9.9982E-05 0.11544 0.194183 0.522551 0.0705841
9.9973E-05 0.0116434 0.0501345 9.9973E-05 9.9973E-05 0.00107196 0.93685
0.0153839 0.016598 9.9982E-05 9.9982E-05 0.0157831 0.0794491 0.872586
9.9982E-05 0.0394552 0.0645967 0.0408696 9.9982E-05 0.31317 0.541708
0.0208532 9.9964E-05 9.9964E-05 9.9964E-05 9.9964E-05 0.363249 0.615498
9.9973E-05 0.0344953 9.9973E-05 0.0358428 9.9973E-05 0.084695 0.844667
9.995E-05 9.995E-05 9.995E-05 9.995E-05 9.995E-05 9.995E-05 0.9994
0.027917 9.9955E-05 9.9955E-05 9.9955E-05 9.9955E-05 9.9955E-05 0.971583
9.9955E-05 9.9955E-05 9.9955E-05 9.9955E-05 9.9955E-05 0.117595 0.881906
0.034277 0.0224565 9.9964E-05 9.9964E-05 9.9964E-05 9.9964E-05 0.942867
9.995E-05 9.995E-05 9.995E-05 9.995E-05 9.995E-05 9.995E-05 0.9994
9.995E-05 9.995E-05 9.995E-05 9.995E-05 9.995E-05 9.995E-05 0.9994
0.00435664 9.9982E-05 0.0751762 0.00703631 9.9982E-05 0.143358 0.769873
0.0745077 9.9991E-05 0.0223751 0.000162259 0.00581068 0.0769091 0.820135
9.995E-05 9.995E-05 9.995E-05 9.995E-05 9.995E-05 9.995E-05 0.9994
0.064618 0.0343532 0.158126 0.0172987 0.0104694 0.31484 0.400295
0.0820575 9.9982E-05 0.0363108 0.0284716 9.9982E-05 0.165893 0.687067
9.9973E-05 9.9973E-05 0.0239902 0.0492572 9.9973E-05 0.160282 0.76617
0.0235236 9.9982E-05 0.0607931 0.0298564 9.9982E-05 0.00452935 0.881098
9.9955E-05 9.9955E-05 9.9955E-05 9.9955E-05 0.0123544 9.9955E-05 0.987146
0.0313592 9.9973E-05 9.9973E-05 0.0599701 9.9973E-05 0.0466605 0.86171
9.995E-05 9.995E-05 9.995E-05 9.995E-05 9.995E-05 9.995E-05 0.9994
0.0515981 0.048239 9.9991E-05 0.0429304 0.0145541 0.110841 0.731738
0.0286028 0.0206353 0.00949175 9.9982E-05 0.0167332 9.9982E-05 0.924337
9.9964E-05 9.9964E-05 9.9964E-05 0.331502 0.602689 9.9964E-05 0.0654088
0.118347 0.0113975 0.0860782 0.147723 0.171592 0.392388 0.0724751
0.0960003 9.9973E-05 9.9973E-05 0.23561 0.149002 0.519088 9.9973E-05
9.9973E-05 9.9973E-05 9.9973E-05 0.189796 0.459123 0.245662 0.105119
0.0059475 9.9991E-05 0.0705731 0.143777 0.189619 0.491278 0.0987054
9.9982E-05 0.0153219 9.9982E-05 0.302407 0.371591 0.239967 0.0705126
0.0909511 0.0475446 0.0513329 0.17281 0.176319 0.342502 0.11854
9.9982E-05 0.136809 9.9982E-05 0.135042 0.251036 0.297606 0.179307
0.021921 0.0141123 9.9991E-05 0.135945 0.204869 0.474093 0.14896
9.9973E-05 9.9973E-05 9.9973E-05 0.242471 0.212333 0.373592 0.171304
0.0151579 0.00196492 0.130564 0.19636 0.184424 0.446773 0.024756
0.0814223 0.0134721 9.9982E-05 0.81386 0.0398189 0.0512267 9.9982E-05
9.9964E-05 9.9964E-05 9.9964E-05 0.91268 0.0144909 9.9964E-05 0.0724294
0.0285344 9.9964E-05 0.037499 0.933567 9.9964E-05 9.9964E-05 9.9964E-05
0.041167 0.00577517 9.9973E-05 0.944771 9.9973E-05 0.00798648 9.9973E-05
0.0487656 9.9982E-05 0.044938 0.865529 9.9982E-05 0.00224274 0.0383252
9.9973E-05 9.9973E-05 0.0232661 0.891444 0.00242963 9.9973E-05 0.0825605
0.0180362 9.9964E-05 9.9964E-05 0.872156 9.9964E-05 9.9964E-05 0.109408
0.0148663 9.9973E-05 9.9973E-05 0.89763 0.0576589 0.0295452 9.9973E-05
9.9982E-05 0.0415296 9.9982E-05 0.917108 0.00365394 0.0342998 0.0032083
0.0249131 9.9982E-05 9.9982E-05 0.825339 0.0107577 0.0277115 0.111079
0.0889384 0.0572193 0.242228 0.607284 0.00413047 9.9982E-05 9.9982E-05
0.205167 0.0398327 0.157128 0.577493 0.0201784 9.9982E-05 9.9982E-05
0.0998373 9.9973E-05 0.299705 0.488037 0.11212 9.9973E-05 9.9973E-05
0.0964732 0.0341202 0.333521 0.490598 0.045087 9.9982E-05 9.9982E-05
0.00802414 0.370147 0.0318652 0.0405043 0.0644511 0.484908 9.9991E-05
0.0135827 0.186765 0.277903 0.00778547 0.0218965 0.448872 0.0431953
0.0800727 0.301702 0.129626 0.00706349 9.9991E-05 0.457103 0.0243327
9.9973E-05 0.177002 0.434702 9.9973E-05 0.0816502 0.306346 9.9973E-05
0.215762 0.105627 0.585176 9.9982E-05 9.9982E-05 0.0864293 0.00680505
0.0342067 0.197794 9.9982E-05 0.00840649 0.0933619 0.666031 9.9982E-05
0.0129669 0.318471 0.142562 9.9982E-05 0.00860586 0.517194 9.9982E-05
0.0482308 0.241984 0.131254 0.000944984 0.0869911 0.490495 9.9991E-05
9.9973E-05 0.597602 9.9973E-05 9.9973E-05 0.0759385 0.268439 0.05772
0.108956 0.170123 0.01023 0.0159047 9.9982E-05 0.694587 9.9982E-05
0.0735837 0.426274 0.126855 9.9982E-05 0.0157183 0.357369 9.9982E-05
9.9964E-05 0.632467 0.0948099 9.9964E-05 0.272324 9.9964E-05 9.9964E-05
0.0769089 0.0868067 0.223454 0.0393755 0.0744252 0.482027 0.0170024
9.9973E-05 0.442291 0.0335874 9.9973E-05 0.292347 0.231474 9.9973E-05
0.0196262 0.379936 0.0425803 9.9991E-05 0.0772238 0.42881 0.0517237
0.0520656 0.703377 0.181099 0.0631587 9.9973E-05 9.9973E-05 9.9973E-05
0.879612 9.9973E-05 9.9973E-05 0.0402133 0.043323 0.0365521 9.9973E-05
0.815249 9.9973E-05 9.9973E-05 0.0497422 0.0712867 0.0634218 9.9973E-05
0.949971 9.9964E-05 9.9964E-05 9.9964E-05 0.034844 0.0147856 9.9964E-05
0.890517 0.0454043 9.9973E-05 0.0397808 0.023998 9.9973E-05 9.9973E-05
0.815544 9.9973E-05 9.9973E-05 9.9973E-05 0.0761262 0.0896043 0.0184259
0.865777 9.9973E-05 9.9973E-05 9.9973E-05 0.0493916 0.0645921 0.0199398
9.9973E-05 9.9973E-05 9.9973E-05 0.865567 0.00553167 0.0947612 0.0338407
0.0266541 9.9982E-05 0.063662 0.787678 9.9982E-05 0.0762684 0.0455372
9.9973E-05 9.9973E-05 0.0133172 0.765852 9.9973E-05 0.138222 0.0823088
9.9973E-05 9.9973E-05 0.128163 0.735661 9.9973E-05 0.00765618 0.128219
9.9982E-05 0.00450651 0.0558326 0.762878 9.9982E-05 0.0939391 0.0826435
0.527412 0.0628049 9.9973E-05 0.355576 0.0539077 9.9973E-05 9.9973E-05
0.436741 0.0769067 0.0067006 0.419388 0.0600639 9.9982E-05 9.9982E-05
0.448958 0.111727 9.9973E-05 0.432197 9.9973E-05 9.9973E-05 0.00681854
0.00257938 9.9982E-05 0.107694 0.801798 9.9982E-05 0.0295109 0.0582178
0.510312 0.0750879 0.0013837 0.320144 0.073195 9.9991E-05 0.0197767
9.9982E-05 0.00708459 9.9982E-05 0.221466 0.157429 0.282248 0.331571
0.0409146 0.00282352 0.119437 0.14363 0.00982347 0.599639 0.0837324
9.9964E-05 9.9964E-05 9.9964E-05 0.176818 9.9964E-05 0.51677 0.306013
0.0816716 0.0344563 9.9991E-05 0.282769 0.018973 0.37905 0.20298
9.9991E-05 0.116093 0.0565604 0.171953 0.0852069 0.474996 0.0950901
9.9964E-05 9.9964E-05 9.9964E-05 0.426239 0.249874 9.9964E-05 0.323487
0.107837 0.0346866 0.375746 9.9982E-05 0.0936659 0.387864 9.9982E-05
0.020608 0.0955414 0.229879 0.0157798 0.244249 0.393842 9.9991E-05
0.143077 9.9973E-05 0.591509 0.0475464 9.9973E-05 0.217567 9.9973E-05
0.043808 9.9973E-05 0.211634 9.9973E-05 0.237796 0.506462 9.9973E-05
9.9964E-05 0.0531574 0.251195 9.9964E-05 0.695248 9.9964E-05 9.9964E-05
0.0172475 0.00219683 0.276478 0.130995 0.0726212 0.458936 0.0415256
0.0911252 9.9973E-05 0.238024 9.9973E-05 0.149824 0.520727 9.9973E-05
0.0621344 0.0397025 0.564609 0.104606 0.00656969 0.222279 9.9991E-05
0.00739229 0.141592 0.185065 0.0682992 9.9991E-05 0.505517 0.0920341
9.9973E-05 0.0392002 0.505029 9.9973E-05 0.399957 0.0555145 9.9973E-05
0.0908097 0.0192198 0.188389 9.9991E-05 0.155993 0.527041 0.0184473
0.142292 0.0758847 0.252027 9.9991E-05 0.0446148 0.395129 0.0899514
0.106625 0.0699642 0.0875844 0.146037 0.109521 0.288806 0.191463
0.0403851 9.9973E-05 0.336297 9.9973E-05 0.215873 0.407144 9.9973E-05
0.167878 0.0127532 0.19147 0.0324213 0.160129 0.435249 9.9991E-05
9.9982E-05 0.153446 0.225451 9.9982E-05 0.132702 0.38681 0.101391
0.126356 0.108483 0.109955 0.0101387 0.122306 0.48358 0.0391817
0.0995058 9.9982E-05 0.246694 9.9982E-05 0.0395246 0.520945 0.0931306
9.9982E-05 0.169781 0.160583 0.114674 9.9982E-05 0.458321 0.0964407
0.102472 0.0545638 0.172699 0.0459308 9.9991E-05 0.560894 0.0633404
9.9964E-05 9.9964E-05 9.9964E-05 0.784065 9.9964E-05 0.184393 0.0311423
9.9973E-05 0.0512727 9.9973E-05 0.837413 9.9973E-05 0.0693499 0.0416642
0.0305473 0.0397306 9.9982E-05 0.793422 0.0204941 0.115606 9.9982E-05
0.0348352 0.0727844 9.9982E-05 0.816451 9.9982E-05 0.0669343 0.00879502
9.9955E-05 9.9955E-05 9.9955E-05 0.823924 9.9955E-05 0.175576 9.9955E-05
0.103687 9.9982E-05 0.761327 9.9982E-05 0.00188248 0.111707 0.0211964
0.0588062 9.9991E-05 0.162023 0.017055 0.179935 0.573197 0.00888384
0.0477418 0.0932603 0.0113446 0.199829 0.141526 0.258073 0.248226
0.0303914 0.00498393 0.30452 0.0407874 9.9991E-05 0.605774 0.0134436
0.13095 0.0810625 0.172364 0.0871482 9.9982E-05 0.528275 9.9982E-05
0.0732953 9.9991E-05 0.396485 0.0197068 0.245546 0.205748 0.0591181
0.150307 9.9973E-05 0.631078 0.14066 0.0776556 9.9973E-05 9.9973E-05
0.192336 9.9991E-05 0.269101 0.000338073 0.0293238 0.472263 0.0365386
0.265968 9.9991E-05 0.442332 0.0616716 0.0966084 0.0785889 0.0547309
0.170187 9.9982E-05 0.129196 9.9982E-05 0.194324 0.446184 0.0599086
0.176991 0.0588185 0.566085 0.103181 0.0689191 9.9991E-05 0.0259054
0.022137 9.9991E-05 0.266501 0.109532 0.0185189 0.573647 0.00956434
0.13097 0.00604857 0.651031 0.0855964 0.0412139 0.0850398 9.9991E-05
0.0944058 0.0482668 0.371597 9.9991E-05 0.13697 0.26183 0.0868304
0.0745849 0.0594253 0.0527006 0.065343 0.235017 0.431799 0.0811306
0.111152 9.9982E-05 0.0200278 0.0181354 0.477516 0.372969 9.9982E-05
0.019844 0.025538 0.0696209 0.0734998 0.187499 0.623898 9.9991E-05
9.9991E-05 0.0136226 0.0279079 0.129176 0.226669 0.585753 0.0167717
0.12907 9.9973E-05 0.0154117 9.9973E-05 0.452856 0.402362 9.9973E-05
9.9991E-05 0.0614813 0.211284 0.0552322 0.105542 0.491123 0.0752367
0.143557 0.088568 9.9973E-05 9.9973E-05 0.195006 0.57257 9.9973E-05
0.122564 0.043322 9.9973E-05 9.9973E-05 0.710223 0.123591 9.9973E-05
0.0658888 9.9964E-05 9.9964E-05 9.9964E-05 0.619443 0.314268 9.9964E-05
0.146443 0.00440382 9.9973E-05 9.9973E-05 0.305509 0.543345 9.9973E-05
0.144616 0.184428 9.9973E-05 9.9973E-05 0.481207 0.18945 9.9973E-05
0.122424 0.0112009 0.21428 9.9982E-05 0.18555 0.466345 9.9982E-05
0.167326 0.0735691 0.707382 0.0204635 9.9982E-05 9.9982E-05 0.0310595
0.119258 0.0244813 0.416488 9.9982E-05 0.232038 0.207535 9.9982E-05
0.12077 0.0470031 0.468418 0.000213811 9.9991E-05 0.284372 0.0791226
0.140436 0.0124177 0.113388 0.00430357 0.0579396 0.555957 0.115559
0.15913 0.111048 0.572138 9.9991E-05 0.0239179 0.125427 0.00823939
0.179858 0.0210448 0.0298307 0.0318075 0.146872 0.516285 0.0743021
0.154344 0.0434863 0.129361 0.0725827 9.9991E-05 0.535936 0.0641906
0.12202 9.9982E-05 0.267569 9.9982E-05 0.0667824 0.403045 0.140384
0.117939 0.000705123 0.355375 9.9982E-05 9.9982E-05 0.446528 0.0792526
0.201414 0.191281 0.22811 9.9982E-05 9.9982E-05 0.304903 0.0740914
0.19879 0.12024 0.528061 9.9982E-05 9.9982E-05 0.0864843 0.0662245
0.300539 0.0102231 0.336084 9.9991E-05 0.00947349 0.217197 0.126384
0.0935369 9.9964E-05 0.2687 9.9964E-05 9.9964E-05 0.637363 9.9964E-05
0.0181017 0.0370511 0.213462 0.00112741 0.0931838 0.636974 9.9991E-05
0.0920208 9.9991E-05 0.314521 0.0130477 0.131002 0.415191 0.0341173
0.189314 9.9982E-05 0.193785 9.9982E-05 0.0695327 0.448818 0.0983498
0.181902 9.9991E-05 0.268507 0.0525244 0.1133 0.364957 0.0187094
0.0788449 0.00297082 0.278796 0.0305186 9.9991E-05 0.59705 0.0117198
0.0629946 0.0290996 0.314567 0.061162 9.9991E-05 0.480786 0.0512906
0.0759553 0.0527675 0.130374 0.0362027 0.098167 0.476023 0.130511
9.9982E-05 0.093283 0.0532762 0.325559 9.9982E-05 0.377105 0.150577
9.9991E-05 0.0203821 0.0398238 0.0895429 0.186924 0.491112 0.172115
0.00629276 9.9991E-05 0.188982 0.171808 0.0186049 0.496673 0.11754
0.0788041 0.041359 0.0637679 0.123467 9.9991E-05 0.622091 0.0704109
9.9982E-05 0.0728416 0.065764 0.233381 9.9982E-05 0.480773 0.14704
9.9982E-05 0.0109747 0.30637 9.9982E-05 0.218331 0.463787 0.000337651
0.0389954 0.124714 0.183935 0.136547 9.9991E-05 0.385635 0.130075
9.9991E-05 0.0415274 0.0717225 0.261439 0.467712 0.0383806 0.119118
9.9982E-05 9.9982E-05 0.174276 0.130426 0.0404773 0.531941 0.122679
0.0611732 0.0194317 0.0381678 0.0942575 0.144113 0.488111 0.154745
0.000693058 0.00970606 0.0252519 0.0985941 0.140592 0.495025 0.230137
9.9991E-05 0.00306198 0.267535 0.170418 0.123865 0.329154 0.105865
0.0440618 0.0260049 9.9991E-05 0.207435 0.0971186 0.514027 0.111253
9.9982E-05 9.9982E-05 0.0797533 0.152622 0.02467 0.579165 0.163589
9.9964E-05 9.9964E-05 9.9964E-05 0.47734 0.330308 9.9964E-05 0.191952
0.0562436 0.0578291 9.9991E-05 0.174742 0.0523419 0.463096 0.195647
9.9982E-05 9.9982E-05 0.0360944 0.156418 0.0569686 0.539328 0.210991
0.0479847 9.9991E-05 0.0466483 0.102242 0.121517 0.582078 0.0994302
0.00380823 9.9982E-05 9.9982E-05 0.214448 0.0502737 0.563451 0.167819
0.0614252 0.0741748 9.9991E-05 0.188564 0.0429015 0.510683 0.122151
0.0529602 0.163152 9.9991E-05 0.0031472 0.292614 0.402382 0.0856453
0.0141575 0.0946296 0.128995 0.0952278 0.0833044 0.541727 0.0419582
9.9964E-05 0.205787 0.201376 9.9964E-05 0.592437 9.9964E-05 9.9964E-05
0.0781198 0.123423 0.0604817 9.9982E-05 0.673589 0.0641865 9.9982E-05
0.0295067 0.046891 0.118936 0.0185529 0.160221 0.507478 0.118414
0.0122754 0.018478 0.112319 0.105362 0.0410021 0.422403 0.28816
9.9982E-05 0.00661379 9.9982E-05 0.111866 0.199482 0.361916 0.319923
9.9982E-05 9.9982E-05 0.0235699 0.135819 0.311259 0.17817 0.350982
9.9982E-05 9.9982E-05 0.0280984 0.224255 0.0929362 0.413545 0.240965
0.0175181 9.9982E-05 9.9982E-05 0.0388889 0.660544 0.250003 0.0328457
9.9973E-05 9.9973E-05 9.9973E-05 0.107021 0.556206 0.295824 0.0406488
0.0577092 0.117997 9.9982E-05 9.9982E-05 0.139039 0.565723 0.119332
9.9991E-05 0.0904791 0.0866696 0.0546406 0.174708 0.509348 0.0840543
0.00180914 0.0314948 0.0815582 0.0876087 0.433319 0.336646 0.0275642
9.9991E-05 0.0742639 0.185743 0.0231254 0.155609 0.510588 0.0505704
0.00692055 0.0678286 0.0260389 0.0542649 0.163828 0.5943 0.0868191
9.9991E-05 0.0694733 0.131322 0.110845 0.0930653 0.466077 0.129118
0.0899067 0.172513 0.0246909 9.9982E-05 0.34666 0.36603 9.9982E-05
9.9973E-05 0.0721911 0.256567 9.9973E-05 0.277817 0.393125 9.9973E-05
0.0898953 0.0462683 0.0261798 0.0636906 0.192778 0.581088 9.9991E-05
0.14831 0.158429 0.0102359 0.0492512 0.266836 0.314345 0.0525928
0.0217342 0.0141092 0.150913 0.0110408 0.26941 0.380842 0.151952
9.9973E-05 0.103829 0.082535 9.9973E-05 0.284041 0.529295 9.9973E-05
0.107654 0.103481 9.9973E-05 9.9973E-05 0.495358 0.293208 9.9973E-05
9.9973E-05 0.125527 9.9973E-05 9.9973E-05 0.223042 0.610558 0.0405728
9.9982E-05 0.255406 0.0445483 9.9982E-05 0.449721 0.2231 0.0270241
0.0249233 0.0452211 0.0195233 9.9982E-05 0.42358 0.486553 9.9982E-05
0.0387643 0.0250613 0.145218 0.0455959 0.15559 0.582971 0.00680013
0.00138775 0.134924 0.226841 0.0634724 0.0875807 0.445758 0.0400366
9.9982E-05 0.0050373 9.9982E-05 0.144275 0.0765805 0.607493 0.166414
0.0947329 0.039276 0.0634537 0.149245 0.102997 0.333617 0.216679
0.0523354 9.9991E-05 0.0890222 0.196512 0.0793908 0.323291 0.259349
0.115166 9.9991E-05 0.0258192 0.166863 0.127431 0.419591 0.145029
0.047423 0.0713783 0.073824 0.146503 0.0377138 0.444143 0.179015
0.0398237 0.0538757 9.9991E-05 0.13819 0.176841 0.413124 0.178046
0.102647 9.9973E-05 9.9973E-05 0.123496 0.578065 9.9973E-05 0.195493
0.0649393 9.9982E-05 9.9982E-05 0.0954737 0.0481309 0.655055 0.136201
9.9964E-05 9.9964E-05 9.9964E-05 0.349437 0.526597 9.9964E-05 0.123567
9.9973E-05 9.9973E-05 9.9973E-05 0.0567327 0.221072 0.541045 0.18085
9.9964E-05 0.255481 9.9964E-05 9.9964E-05 0.601583 0.142536 9.9964E-05
0.023607 0.223912 0.100727 9.9973E-05 0.651454 9.9973E-05 9.9973E-05
9.9982E-05 0.131576 0.0834242 9.9982E-05 0.282617 0.485407 0.0167758
9.9982E-05 0.0851536 9.9982E-05 0.0219636 0.204233 0.651566 0.0368833
0.0218474 0.0248873 0.0742737 9.9982E-05 0.419214 0.459578 9.9982E-05
0.00671627 0.217278 0.000274731 0.00802365 0.229225 0.538382 9.9991E-05
0.00473061 0.0713038 0.0631207 9.9982E-05 0.262207 0.598438 9.9982E-05
0.0341737 9.9982E-05 9.9982E-05 0.787786 0.0454282 0.0806094 0.0518024
0.154706 9.9964E-05 9.9964E-05 0.704157 9.9964E-05 9.9964E-05 0.140737
0.0240557 9.9964E-05 9.9964E-05 0.890437 9.9964E-05 9.9964E-05 0.085107
9.9955E-05 9.9955E-05 9.9955E-05 0.893294 9.9955E-05 0.106207 9.9955E-05
9.9982E-05 0.334434 0.0986666 0.0695965 9.9982E-05 0.46996 0.0271429
9.9982E-05 0.362199 0.104188 0.0700113 9.9982E-05 0.375162 0.0882396
9.9973E-05 0.555876 0.0344333 9.9973E-05 9.9973E-05 0.378838 0.0305523
0.0335116 0.267365 0.0645923 0.0330736 0.00768196 0.593676 9.9991E-05
0.0732849 0.179454 9.9982E-05 0.106159 0.0596615 0.58124 9.9982E-05
0.0179172 0.597663 0.124152 0.0364113 0.0234938 0.180973 0.0193894
9.9973E-05 0.412977 0.0696152 9.9973E-05 9.9973E-05 0.443611 0.0734964
9.9964E-05 0.458895 9.9964E-05 9.9964E-05 0.16369 0.377015 9.9964E-05
0.0916632 0.0324442 9.9991E-05 0.170698 0.0661866 0.410103 0.228805
0.0839995 0.312881 9.9982E-05 9.9982E-05 0.113644 0.379537 0.109739
0.0443311 0.514981 0.132652 9.9982E-05 0.0506438 0.257192 9.9982E-05
0.0311214 0.373923 0.0975066 9.9991E-05 0.000665829 0.484236 0.0124475
0.0966423 0.509315 0.0276037 0.00450269 9.9982E-05 0.361736 9.9982E-05
0.0450044 0.415727 9.9973E-05 9.9973E-05 0.0237848 0.515184 9.9973E-05
0.0237625 0.394656 9.9991E-05 0.00207144 0.0159885 0.437976 0.125446
9.9964E-05 0.857546 9.9964E-05 9.9964E-05 0.117969 0.0240854 9.9964E-05
9.9982E-05 0.536362 0.0392871 0.0186615 0.125094 0.280396 9.9982E-05
0.0985736 0.557038 9.9982E-05 9.9982E-05 0.0817886 0.261402 0.000997674
9.9955E-05 0.69807 9.9955E-05 9.9955E-05 0.30143 9.9955E-05 9.9955E-05
0.119998 0.437896 0.056876 0.0150424 9.9991E-05 0.367589 0.00249868
0.0367296 0.600371 9.9982E-05 9.9982E-05 0.298716 0.0555266 0.00845627
9.9964E-05 0.658969 0.015228 9.9964E-05 0.325404 9.9964E-05 9.9964E-05
0.0782932 0.398215 9.9982E-05 0.0607253 9.9982E-05 0.419398 0.0431686
0.0240394 0.577796 0.232895 0.0191183 0.0181587 0.127893 9.9991E-05
0.0288238 0.405947 0.165239 9.9982E-05 9.9982E-05 0.329963 0.0698269
0.0202244 0.202929 0.0082131 0.0439411 0.0801059 0.547312 0.097274
0.0307513 0.299954 0.144385 0.0316787 9.9982E-05 0.493031 9.9982E-05
0.0404924 0.00416416 0.411357 9.9991E-05 0.2153 0.311874 0.0167126
0.114462 0.286726 9.9982E-05 9.9982E-05 0.0270658 0.56606 0.00548664
0.0229179 0.358689 0.118921 0.0375632 9.9991E-05 0.40408 0.0577289
9.9964E-05 0.572125 9.9964E-05 9.9964E-05 0.128282 0.299193 9.9964E-05
0.179693 0.204278 9.9991E-05 0.0400643 0.00913431 0.536559 0.0301711
0.189831 9.9973E-05 0.149906 0.625816 0.0341476 9.9973E-05 9.9973E-05
0.0925059 0.00655214 0.0547117 0.730323 0.0500287 0.0657789 9.9991E-05
0.0644258 0.0112459 0.0698481 0.817546 0.036734 9.9982E-05 9.9982E-05
0.157155 9.9964E-05 9.9964E-05 0.791656 0.0507889 9.9964E-05 9.9964E-05
0.185053 0.0246304 0.00018205 0.725938 9.9982E-05 0.0639965 9.9982E-05
0.00667057 0.751968 0.155599 0.0464047 9.9991E-05 0.00716261 0.0320947
0.0332425 0.731413 0.115633 0.0567185 0.0266513 0.0362415 9.9991E-05
9.9964E-05 0.769163 9.9964E-05 9.9964E-05 0.099863 0.130574 9.9964E-05
0.0264762 0.188023 0.0298497 0.133974 0.0496258 0.571951 9.9991E-05
9.9982E-05 0.268068 0.0122704 0.140435 9.9982E-05 0.540391 0.0386356
9.9982E-05 0.545364 9.9982E-05 0.000792384 0.124607 0.307435 0.0216018
9.9973E-05 0.392536 0.0280191 9.9973E-05 9.9973E-05 0.501043 0.0781014
9.9982E-05 0.515129 9.9982E-05 0.0829226 0.0110347 0.363127 0.0275867
0.0628032 0.36269 0.0045116 0.019523 0.0174639 0.532908 9.9991E-05
0.12491 0.310013 9.9991E-05 0.0234516 0.00233568 0.48907 0.0501202
0.077652 0.719796 0.033256 9.9982E-05 9.9982E-05 0.0879103 0.0811861
0.034553 0.674342 0.0189091 0.0172369 9.9982E-05 0.254759 9.9982E-05
0.118157 0.593423 0.0347194 9.9973E-05 9.9973E-05 0.253401 9.9973E-05
0.0387292 9.9982E-05 0.00912776 0.0963319 0.183016 0.672595 9.9982E-05
9.9973E-05 0.641017 0.00763703 0.00880185 9.9973E-05 0.342244 9.9973E-05
0.0373506 0.512357 0.083286 0.0221469 0.00499808 0.262252 0.0776098
0.0128245 0.00692659 0.0549913 0.0438619 0.00204472 0.425117 0.454234
9.9991E-05 0.00944152 0.0175761 0.101666 0.0886731 0.362246 0.420297
0.00653278 9.9982E-05 9.9982E-05 0.136025 0.0184328 0.501174 0.337635
0.00250461 9.9982E-05 9.9982E-05 0.140598 0.0808132 0.304536 0.471349
0.0758881 0.0552929 9.9982E-05 0.16731 9.9982E-05 0.398113 0.303197
9.9991E-05 0.271036 0.0248129 0.0454983 0.146762 0.493414 0.0183765
0.0090467 0.0139514 9.9991E-05 0.242499 0.0246355 0.0732509 0.636517
9.9973E-05 0.00794559 9.9973E-05 0.174797 9.9973E-05 0.351609 0.465349
0.0279973 0.178383 9.9991E-05 0.137573 0.14024 0.350528 0.165179
9.9982E-05 0.0520107 0.0227238 0.181613 0.0781435 0.665309 9.9982E-05
0.0390463 0.0585251 0.123515 0.0890154 0.211651 0.478146 9.9991E-05
0.0617332 0.0726327 9.9991E-05 0.136027 0.0717433 0.62709 0.0306737
0.0775343 0.0257433 0.0550339 0.0876424 0.0375456 0.699815 0.0166851
9.9973E-05 9.9973E-05 9.9973E-05 0.18147 0.047876 0.330436 0.439918
0.0347835 9.9982E-05 0.224651 0.0694537 9.9982E-05 0.254872 0.416039
0.00830722 9.9973E-05 9.9973E-05 0.0159287 9.9973E-05 0.414261 0.561203
0.157275 0.0443882 9.9991E-05 0.0647616 0.0204926 0.440157 0.272825
9.9973E-05 0.107662 9.9973E-05 0.105296 9.9973E-05 0.252522 0.53422
9.9982E-05 0.108364 9.9982E-05 0.15551 0.0303587 0.379646 0.325921
9.9973E-05 9.9973E-05 9.9973E-05 0.140543 0.11767 0.254699 0.486788
0.107181 9.9991E-05 0.0809679 0.0522582 0.0223641 0.347942 0.389186
0.0108042 0.113788 9.9991E-05 0.0774221 0.222698 0.537011 0.0381774
0.0708044 9.9991E-05 0.00424407 0.183208 0.0659972 0.329273 0.346373
9.9964E-05 9.9964E-05 9.9964E-05 0.162818 9.9964E-05 0.239612 0.59717
0.0813788 0.0534666 9.9991E-05 0.133513 0.0124961 0.391962 0.327083
0.100743 0.110361 0.185355 0.172922 0.230447 0.200072 9.9991E-05
9.9982E-05 9.9982E-05 0.159453 0.0210838 0.200869 0.554766 0.0636276
0.00207246 9.9991E-05 0.100501 0.216233 0.0347291 0.358601 0.287763
0.0340776 9.9982E-05 0.101674 0.100798 0.146948 0.616303 9.9982E-05
0.0180665 0.231599 0.0272202 0.175146 0.0859934 0.419389 0.0425859
0.0459099 0.132719 9.9991E-05 0.141973 0.0889208 0.300271 0.290105
0.0229735 0.00411022 0.0770148 0.196694 0.0985792 0.348268 0.252361
0.132727 9.9982E-05 9.9982E-05 0.108192 0.0646803 0.585917 0.108284
9.9982E-05 0.066936 0.0213872 0.111628 9.9982E-05 0.433442 0.366407
9.9973E-05 9.9973E-05 0.0234256 0.111402 9.9973E-05 0.43489 0.429983
9.9973E-05 9.9973E-05 9.9973E-05 0.182294 0.0368681 0.150909 0.629629
0.0337827 9.9982E-05 9.9982E-05 0.11614 0.174187 0.647311 0.0283789
0.0066308 0.172708 0.0522643 0.174925 0.158166 0.435205 9.9991E-05
0.0587869 9.9973E-05 9.9973E-05 0.116481 0.618083 0.206349 9.9973E-05
0.059316 0.0950313 0.0381889 0.183227 9.9991E-05 0.575473 0.0486632
0.0149952 9.9991E-05 0.355339 0.144619 0.0793766 0.402662 0.00290809
9.9991E-05 0.14708 0.0504718 0.239915 0.0182274 0.368487 0.175719
0.0046588 0.112648 0.0470312 0.09022 0.193678 0.433789 0.117975
9.9964E-05 9.9964E-05 9.9964E-05 0.312836 0.494018 9.9964E-05 0.192746
9.9964E-05 9.9964E-05 9.9964E-05 0.321633 0.593302 9.9964E-05 0.0846653
0.0148488 9.9991E-05 0.0226259 0.187199 0.34714 0.349993 0.0780937
9.9973E-05 9.9973E-05 0.0714525 0.334238 0.406149 9.9973E-05 0.18786
9.9964E-05 9.9964E-05 9.9964E-05 0.451474 0.297537 9.9964E-05 0.250589
0.00758192 0.0456442 9.9991E-05 0.165235 0.2707 0.379367 0.131372
9.9982E-05 9.9982E-05 0.110415 0.136888 0.21006 0.331981 0.210456
9.9982E-05 9.9982E-05 0.0839792 0.301207 0.259794 0.156872 0.197949
9.9982E-05 9.9982E-05 0.0144364 0.282832 0.466781 0.0593761 0.176374
0.0100653 0.0528989 0.106134 0.0723557 0.114476 0.433598 0.210472
9.9982E-05 9.9982E-05 0.142913 0.226788 0.345112 0.153888 0.1311
9.9964E-05 9.9964E-05 9.9964E-05 0.43299 0.488157 9.9964E-05 0.0784527
0.133773 9.9991E-05 0.0940796 0.0658246 0.0610367 0.473999 0.171187
9.9982E-05 9.9982E-05 0.0975013 0.166635 0.186019 0.285112 0.264532
9.9982E-05 0.0210891 0.0527556 0.37785 9.9982E-05 0.476072 0.0720338
9.9973E-05 9.9973E-05 9.9973E-05 0.160775 0.0367106 0.570865 0.231349
0.000328684 0.119573 0.0200831 0.185112 9.9991E-05 0.538212 0.136591
0.00677602 9.9991E-05 0.0325563 0.119313 0.132475 0.461841 0.246938
9.9973E-05 9.9973E-05 0.107458 0.367982 9.9973E-05 0.368782 0.155479
9.9973E-05 9.9973E-05 0.112059 0.190599 9.9973E-05 0.485309 0.211733
9.9982E-05 0.0136218 0.0744732 0.25445 9.9982E-05 0.423401 0.233854
0.00935387 0.0338415 0.0318159 0.21523 0.112683 0.335467 0.261609
9.9991E-05 0.326918 0.133293 0.144069 0.0139491 0.22079 0.160881
9.9991E-05 0.0986354 0.0562528 0.204523 0.000460057 0.59503 0.0449985
0.0559811 0.0723024 0.0183334 0.133034 9.9991E-05 0.543416 0.176834
0.0217684 0.167302 9.9982E-05 0.158649 9.9982E-05 0.586924 0.0651569
9.9982E-05 9.9982E-05 0.0596176 0.289091 0.0278217 0.373564 0.249706
0.106021 0.0327086 9.9991E-05 0.157036 0.0778784 0.382477 0.24378
9.9973E-05 9.9973E-05 9.9973E-05 0.387049 0.195958 0.248305 0.168388
0.0394668 0.00570801 0.017784 0.186763 9.9991E-05 0.550044 0.200133
9.9982E-05 0.0626017 9.9982E-05 0.247516 0.171725 0.197564 0.320394
0.119341 0.0561457 9.9973E-05 0.798184 0.0260292 9.9973E-05 9.9973E-05
0.624535 0.0773067 0.159546 0.0510762 0.00920092 0.0639517 0.0143831
0.858237 0.000765064 0.140598 9.9964E-05 9.9964E-05 9.9964E-05 9.9964E-05
0.813637 9.9964E-05 0.181095 0.00486876 9.9964E-05 9.9964E-05 9.9964E-05
0.935715 9.9964E-05 0.0555571 9.9964E-05 9.9964E-05 0.00832777 9.9964E-05
0.816002 9.9964E-05 0.134154 9.9964E-05 9.9964E-05 9.9964E-05 0.0494444
0.896083 0.011535 0.0135684 9.9973E-05 9.9973E-05 0.0785135 9.9973E-05
0.810852 9.9955E-05 0.188648 9.9955E-05 9.9955E-05 9.9955E-05 9.9955E-05
0.663973 9.9973E-05 0.155043 0.171075 9.9973E-05 9.9973E-05 0.00961005
0.00405394 9.9973E-05 9.9973E-05 0.918305 0.028199 0.0491421 9.9973E-05
0.126411 9.9973E-05 0.0111823 0.819326 9.9973E-05 0.0427807 9.9973E-05
0.0270034 0.00210025 9.9982E-05 0.869484 9.9982E-05 0.045842 0.0553705
0.000516628 9.9973E-05 0.136759 0.829396 9.9973E-05 0.0330279 9.9973E-05
0.0320444 9.9982E-05 0.0261007 0.873471 9.9982E-05 0.0346684 0.0335152
0.0779423 9.9973E-05 9.9973E-05 0.874209 0.0141748 9.9973E-05 0.0333743
0.0903194 0.0101949 0.0100881 0.713418 9.9982E-05 9.9982E-05 0.175779
0.0155784 0.040009 9.9982E-05 0.848892 9.9982E-05 0.0209973 0.0743235
0.150925 0.0228128 0.0100398 0.668113 9.9991E-05 0.0588677 0.0891414
9.9964E-05 0.0473224 9.9964E-05 0.922104 9.9964E-05 9.9964E-05 0.0301735
0.0222355 0.00238938 9.9973E-05 0.954851 0.0202243 9.9973E-05 9.9973E-05
0.0352043 9.9991E-05 0.0187116 0.820937 0.0177219 0.0181967 0.089128
0.0313519 9.9964E-05 9.9964E-05 0.94329 9.9964E-05 0.024958 9.9964E-05
9.9964E-05 9.9964E-05 9.9964E-05 0.887507 9.9964E-05 0.0615971 0.0504964
0.0316549 0.0266135 0.0190944 0.83447 9.9991E-05 0.060594 0.0274738
9.9964E-05 9.9964E-05 9.9964E-05 0.84425 9.9964E-05 0.141367 0.0139827
9.9964E-05 9.9964E-05 9.9964E-05 0.777276 9.9964E-05 0.106754 0.115571
9.9964E-05 9.9964E-05 9.9964E-05 0.782203 9.9964E-05 0.102288 0.115109
9.9964E-05 9.9964E-05 9.9964E-05 0.824047 9.9964E-05 0.0953513 0.0802014
0.0962831 0.00217598 0.0812679 0.127961 0.195509 0.496704 9.9991E-05
0.0688751 0.0689457 9.9982E-05 0.0193321 0.114271 0.728376 9.9982E-05
0.00515315 0.175005 0.0949331 0.150086 0.023128 0.551594 9.9991E-05
0.0328149 0.0587159 9.9982E-05 0.0289769 0.651024 0.228269 9.9982E-05
0.0757381 0.0890619 0.0670724 0.0981095 0.0861794 0.583739 9.9991E-05
0.0693404 9.9973E-05 9.9973E-05 0.14308 0.596584 0.190696 9.9973E-05
0.0837942 9.9991E-05 0.0323553 0.0414645 0.17102 0.626717 0.0445494
0.121073 0.0856513 0.073445 0.0428879 0.235147 0.441696 9.9991E-05
0.0736702 0.0838136 0.0190468 0.15695 0.183931 0.482488 9.9991E-05
0.0246243 0.350863 0.0467545 0.0695113 9.9991E-05 0.416583 0.091564
0.112197 0.0515575 0.114561 0.129047 0.134689 0.457848 9.9991E-05
9.9982E-05 0.119595 0.000655142 0.0837623 0.204826 0.590961 9.9982E-05
0.0781932 0.113033 0.0615425 0.105948 0.079563 0.561621 9.9991E-05
0.19789 0.0539218 0.462827 9.9991E-05 0.23102 0.0232893 0.0309515
0.108473 9.9973E-05 9.9973E-05 0.0368503 0.81561 0.0387662 9.9973E-05
0.0945969 9.9973E-05 9.9973E-05 0.045578 0.65967 0.199855 9.9973E-05
0.0784466 9.9982E-05 9.9982E-05 0.124816 0.0766767 0.65482 0.0650405
9.9982E-05 0.0892435 9.9982E-05 0.0912038 0.278005 0.53812 0.00322712
0.0493761 0.0226749 9.9982E-05 0.113784 0.201034 0.612931 9.9982E-05
9.9973E-05 0.196553 9.9973E-05 0.0656754 0.0802739 0.657197 9.9973E-05
