9.9973E-05 0.0142823 0.0311783 0.902053 9.9973E-05 0.052186 9.9973E-05
9.9973E-05 0.0262736 9.9973E-05 0.916047 9.9973E-05 0.00398878 0.0533908
0.0875387 9.9982E-05 0.0362228 0.792028 0.0346197 0.0493906 9.9982E-05
0.0528228 9.9982E-05 0.0631936 0.786341 9.9982E-05 0.0681651 0.0292777
9.9964E-05 9.9964E-05 0.0924809 0.842299 9.9964E-05 9.9964E-05 0.0648205
0.0328993 0.0428402 0.085124 0.540838 0.183345 0.114854 9.9991E-05
9.9973E-05 9.9973E-05 9.9973E-05 0.828819 0.0774909 0.0543603 0.0390304
9.9982E-05 9.9982E-05 0.0295022 0.746633 0.0295662 0.129683 0.0644157
9.99729E-05 0.0448594 9.99729E-05 0.806709 0.0763305 0.071801 9.99729E-05
0.136303 9.9991E-05 0.0113649 0.716026 0.0591551 0.0248726 0.052178
0.0280439 9.9973E-05 9.9973E-05 0.691883 0.141788 0.137985 9.9973E-05
0.227238 0.274649 0.0498306 9.9982E-05 0.0494983 0.398583 9.9982E-05
0.490274 0.10642 0.106427 9.9991E-05 0.0443278 0.250517 0.00193463
0.251953 0.065782 0.0298779 0.0517697 0.0695337 0.413639 0.117445
0.385653 0.061893 0.146352 0.0238893 0.0482887 0.322509 0.011415
0.325974 0.116648 0.170151 0.0738742 0.0480161 0.222248 0.0430887
0.491444 0.0378709 0.102579 0.0812734 0.0374201 0.186618 0.0627942
0.398672 0.229446 0.073734 0.0510097 0.0694483 0.17759 9.9991E-05
0.351969 0.154994 0.0455983 0.110202 0.0386646 0.298472 9.9991E-05
0.00823718 0.131208 0.0199806 0.0515886 0.149793 0.629168 0.0100245
0.428133 0.175983 0.0549071 9.9991E-05 0.0609425 0.178334 0.101601
0.428804 0.149677 9.9973E-05 9.9973E-05 0.206646 0.214574 9.9973E-05
0.590684 0.139757 9.9991E-05 0.0160314 0.0192506 0.19418 0.0399982
0.238886 0.273851 0.0848532 0.0594555 0.000888628 0.341965 9.9991E-05
0.644629 0.0690568 0.0716925 0.0649748 0.0269758 0.122571 9.9991E-05
0.558281 0.0328589 0.0389802 0.0285678 0.142111 0.199101 9.9991E-05
0.105933 0.234489 0.171766 0.01218 0.041818 0.412524 0.0212896
0.16387 0.126691 0.235239 9.9982E-05 0.0779932 0.396007 9.9982E-05
0.2821 0.119992 0.026458 9.9991E-05 0.0819183 0.398914 0.0905166
0.13459 9.9964E-05 0.0132235 0.851786 9.9964E-05 9.9964E-05 9.9964E-05
0.169228 9.9955E-05 9.9955E-05 0.830273 9.9955E-05 9.9955E-05 9.9955E-05
0.153128 9.9964E-05 0.0213794 0.825093 9.9964E-05 9.9964E-05 9.9964E-05
0.132306 0.0741871 0.0585544 0.734653 9.9973E-05 9.9973E-05 9.9973E-05
0.525531 0.20327 9.9982E-05 0.0376462 9.9982E-05 0.108208 0.125144
0.488913 0.298876 0.018784 0.120665 9.9982E-05 9.9982E-05 0.0725615
0.520119 0.336946 9.9982E-05 0.0569599 9.9982E-05 0.0215747 0.0642009
0.129302 0.128165 0.0353546 0.0571917 0.0101761 0.616288 0.023523
0.326273 0.555291 9.9982E-05 0.0396794 0.0558978 9.9982E-05 0.0226597
0.420179 0.2482 0.0721087 0.083877 0.0129207 0.162615 9.9991E-05
0.691887 0.285781 9.9973E-05 0.0109871 9.9973E-05 9.9973E-05 0.0110453
0.627144 0.0748597 9.9982E-05 0.091413 0.118747 0.0876355 9.9982E-05
0.649818 0.094079 9.9991E-05 0.0803764 0.0539917 0.107307 0.0143273
0.162271 0.68689 0.00565347 0.0429945 9.9982E-05 0.101991 9.9982E-05
0.561189 0.126873 0.0889272 0.0197722 0.192614 0.0105242 9.9991E-05
0.488259 0.24455 0.104126 9.9982E-05 0.0279465 9.9982E-05 0.134918
0.486989 0.223203 0.0636712 0.0922629 0.0168227 0.116952 9.9991E-05
0.307718 0.634258 9.9964E-05 9.9964E-05 9.9964E-05 9.9964E-05 0.0576245
0.625657 0.242789 0.0323305 0.0581124 9.9991E-05 0.0391085 0.00190233
0.586024 0.164936 0.0280698 0.120681 0.0299272 9.9991E-05 0.0702624
9.9973E-05 0.679488 9.9973E-05 0.0493995 0.244915 9.9973E-05 0.0258973
0.187812 0.183036 9.9982E-05 9.9982E-05 0.0982514 0.437976 0.0927252
0.0674754 0.241178 9.9982E-05 9.9982E-05 0.34051 0.228301 0.122335
0.584451 9.9991E-05 0.0982039 0.0859524 0.0681132 0.092588 0.0705916
0.636167 9.9991E-05 0.0287711 0.0412168 0.120513 0.080457 0.0927746
0.633407 9.9991E-05 0.0401827 0.0681665 0.0091311 0.110033 0.13898
0.164563 0.269744 0.00461607 0.101012 0.119649 0.329617 0.0107987
0.622996 0.0411352 9.9982E-05 9.9982E-05 0.109791 0.198577 0.0273014
0.520175 0.126574 0.125496 0.0129157 0.0957447 0.111316 0.00777834
0.347239 0.11711 0.0397143 0.0815304 0.0401349 0.273453 0.100818
0.030943 0.16261 0.0556504 0.158644 0.185367 0.355497 0.0512886
0.534997 0.14669 0.038783 0.0876084 9.9991E-05 0.0948027 0.0970191
0.487947 0.135602 9.9991E-05 0.0820865 0.0214815 0.261655 0.0111273
0.0452247 0.266583 9.9991E-05 0.0186033 0.0833892 0.546445 0.0396557
0.480833 0.0202833 0.0519162 9.9991E-05 0.058298 0.247975 0.140595
0.528344 0.0691432 0.10809 0.00981296 0.100093 0.0343025 0.150215
0.517968 0.104258 0.0132117 0.0914915 0.0682016 0.193814 0.0110556
0.27846 0.122922 0.0900723 0.0739838 0.042263 0.263222 0.129077
0.516803 0.15678 0.0177258 0.0359261 0.0751909 0.153969 0.0436055
0.614439 9.9991E-05 0.0487291 0.0790121 0.0130905 0.181617 0.0630129
0.214529 0.192052 9.9991E-05 0.000208571 0.107521 0.365261 0.120329
0.497672 0.438193 0.0282205 9.9973E-05 9.9973E-05 0.0356145 9.9973E-05
0.129337 0.7731 0.01839 0.0253717 9.9982E-05 0.0536017 9.9982E-05
0.485834 0.360703 9.9982E-05 0.116161 0.00606026 0.0310418 9.9982E-05
9.9964E-05 0.862637 9.9964E-05 9.9964E-05 0.109873 9.9964E-05 0.0270907
9.9964E-05 0.83913 9.9964E-05 9.9964E-05 0.0836104 9.9964E-05 0.0768595
0.213349 0.718021 0.0682305 9.9964E-05 9.9964E-05 9.9964E-05 9.9964E-05
0.482755 0.370093 9.9982E-05 0.00157331 0.0250632 0.120316 9.9982E-05
0.513058 0.182075 0.0046278 0.113204 0.0797219 0.0377982 0.0695148
0.396351 0.452036 0.0371461 0.0216886 0.0388839 0.0537953 9.9991E-05
0.134 0.66997 0.033729 0.0263955 9.9982E-05 0.135705 9.9982E-05
0.228632 0.464562 0.0133434 0.0154255 9.9982E-05 0.277837 9.9982E-05
0.465752 0.291143 0.105548 0.0737374 9.9991E-05 0.0029603 0.0607588
0.255474 0.636794 0.0379632 0.0403816 9.9991E-05 0.0168521 0.0124354
0.42868 0.48061 9.9973E-05 0.0892017 0.00120844 9.9973E-05 9.9973E-05
0.359958 0.530933 9.9973E-05 9.9973E-05 0.0755416 9.9973E-05 0.0332673
9.9982E-05 0.665352 0.022244 9.9982E-05 0.123903 0.00643112 0.181871
0.496986 0.337424 0.0281944 0.00367695 0.091248 0.0423707 9.9991E-05
0.103813 9.9973E-05 0.026863 0.789825 9.9973E-05 0.0791988 9.9973E-05
0.0923161 9.9955E-05 9.9955E-05 0.907184 9.9955E-05 9.9955E-05 9.9955E-05
0.115109 0.00356664 0.0364327 0.844592 9.9973E-05 9.9973E-05 9.9973E-05
0.0519777 9.9964E-05 9.9964E-05 0.911445 0.036178 9.9964E-05 9.9964E-05
0.117976 9.9973E-05 0.00738532 0.827231 0.0471077 9.9973E-05 9.9973E-05
0.0649697 9.9982E-05 0.0229467 0.842902 0.0330203 9.9982E-05 0.0359614
0.0522614 9.9964E-05 9.9964E-05 0.92942 9.9964E-05 9.9964E-05 0.0179183
0.504709 0.318899 0.00509647 0.109093 0.0187836 0.0433187 9.9991E-05
0.532909 0.0994978 0.0892047 0.0467252 0.0377794 0.193784 9.9991E-05
0.0577713 0.806088 9.9982E-05 0.051657 9.9982E-05 0.0685202 0.0157634
0.546981 0.125717 0.0763878 0.0986907 0.0452032 0.0666819 0.0403388
0.455029 0.423129 9.9973E-05 9.9973E-05 0.0190882 0.102454 9.9973E-05
0.577588 0.317604 0.00549311 0.0629222 9.9982E-05 9.9982E-05 0.0361931
0.48501 0.338003 0.00809487 0.0735072 0.0691655 9.9991E-05 0.0261197
0.379824 0.480709 0.0735718 9.9982E-05 0.00515395 9.9982E-05 0.0605415
9.9973E-05 0.727705 9.9973E-05 0.0572989 9.9973E-05 0.178683 0.0360131
0.548754 0.137592 0.0767759 0.130391 0.000941129 0.0803696 0.0251755
0.631682 0.221237 9.9982E-05 0.0931524 0.0482647 0.00546432 9.9982E-05
0.545823 0.122909 0.0913638 0.0576384 0.0249951 0.133623 0.0236482
0.19026 0.61101 0.0676961 0.0350008 0.0327053 9.9991E-05 0.0632285
0.562461 0.334977 9.9982E-05 0.020045 0.00697638 9.9982E-05 0.07534
0.439566 0.400526 9.9982E-05 0.0500154 0.0118503 0.0978428 9.9982E-05
0.208483 0.665477 0.12564 9.9964E-05 9.9964E-05 9.9964E-05 9.9964E-05
0.431293 0.349187 0.0331384 0.0225088 9.9991E-05 0.117209 0.0465644
0.542727 0.188026 0.0118153 0.128335 0.00498985 0.0102343 0.113872
0.27281 0.103899 0.0102742 0.0155191 0.0922992 0.377197 0.128001
0.398477 0.0509611 0.0629172 0.130229 0.0757936 0.281522 9.9991E-05
0.501861 0.0640552 0.049135 0.146904 9.9991E-05 0.147102 0.0908426
0.5585 0.0796195 0.0886135 0.0980794 9.9991E-05 0.093559 0.0815285
0.58315 0.00845437 9.9973E-05 0.0206029 9.9973E-05 0.387493 9.9973E-05
0.643794 0.0414471 9.9973E-05 0.0536797 9.9973E-05 0.260779 9.9973E-05
0.508765 0.00743646 9.9982E-05 0.0136436 9.9982E-05 0.396874 0.0730805
0.462446 0.0439891 9.9982E-05 0.158792 9.9982E-05 0.162876 0.171696
0.596273 0.0866416 0.0619393 9.9982E-05 0.0178947 0.237051 9.9982E-05
0.646107 0.0744467 9.9991E-05 0.0547291 0.0549137 0.131207 0.0384964
0.516384 9.9964E-05 9.9964E-05 9.9964E-05 9.9964E-05 0.387392 0.0958237
0.60494 0.025052 0.0622711 9.9991E-05 0.100877 0.113101 0.093659
0.550447 0.0108577 0.0794893 0.0366895 0.0485127 0.146199 0.127805
0.467859 0.0109321 0.120812 9.9982E-05 9.9982E-05 0.252215 0.147982
0.565454 0.0299486 0.0556601 0.0209753 0.148747 0.179114 9.9991E-05
0.579105 0.078712 0.0735702 9.9991E-05 0.0587862 0.147011 0.0627155
0.388656 0.0362452 0.00538457 0.0922444 0.0971688 0.285862 0.0944388
0.595559 0.0522183 0.0853434 9.9991E-05 0.025458 0.175536 0.0657856
0.677878 9.9991E-05 0.0297146 0.0937883 0.00530549 0.0522632 0.14095
0.223474 0.268846 0.0784397 0.0460318 9.9991E-05 0.34275 0.0403586
0.192133 0.0440716 0.0315908 9.9991E-05 0.193001 0.340088 0.199016
0.571054 0.0373701 0.00802668 9.9991E-05 0.156918 0.226093 0.000438022
0.0538961 0.180274 0.0323588 9.9991E-05 0.0785308 0.315992 0.338849
0.278963 0.108139 0.016672 9.9982E-05 9.9982E-05 0.452837 0.143189
0.465635 0.0773218 9.9982E-05 0.0262745 9.9982E-05 0.3421 0.0884686
0.365512 0.129069 9.9973E-05 0.0375984 9.9973E-05 0.467521 9.9973E-05
0.303996 0.0847204 0.0118377 0.0156432 0.0656266 0.449991 0.068185
0.608048 0.0667931 9.9991E-05 0.0612587 0.0532521 0.186241 0.0243073
0.593241 0.0183243 0.0636376 0.070414 0.0757067 0.109982 0.068694
0.518842 0.0658076 0.021762 0.125623 9.9991E-05 0.141728 0.126137
0.14927 0.176581 0.0326542 9.9991E-05 0.148343 0.352593 0.140459
0.564045 9.9991E-05 0.0023521 0.129139 0.119072 0.103295 0.0819955
0.440157 0.157532 0.0337512 0.0417684 0.235515 0.0911766 9.9991E-05
9.9982E-05 0.193949 9.9982E-05 0.0914148 0.373128 0.156682 0.184626
0.634547 0.0433595 0.028162 0.08599 0.12901 0.012409 0.0665225
0.312226 0.173274 0.0410728 0.111387 0.15031 0.0483792 0.16335
0.586484 0.0612191 0.029298 0.119572 0.0972841 9.9991E-05 0.106042
0.294682 0.14628 9.9991E-05 0.029924 0.375833 0.123052 0.0301292
0.172686 0.0953845 9.9991E-05 0.0111905 0.399902 0.177126 0.143611
0.421036 0.00669259 9.9991E-05 0.0482032 0.167059 0.223004 0.133906
0.581805 9.9991E-05 0.0259967 0.0543114 0.177176 0.0953199 0.0652911
0.431722 0.133425 0.046386 0.1166 0.0603204 0.0793305 0.132216
9.9991E-05 0.229878 0.162235 0.0134892 0.32721 0.133351 0.133737
0.51147 0.122235 0.040879 0.0737537 0.0522863 0.0454363 0.153939
0.399649 0.212398 9.9973E-05 9.9973E-05 0.288692 0.0989618 9.9973E-05
0.472613 0.182493 9.9982E-05 9.9982E-05 0.168751 0.110628 0.0653147
0.600988 0.0366563 0.0821353 0.129438 0.0306099 0.059434 0.0607388
0.150576 0.0935291 0.224765 0.274127 0.205916 0.0509867 9.9991E-05
9.9964E-05 9.9964E-05 0.119623 0.481478 0.3985 9.9964E-05 9.9964E-05
9.9964E-05 9.9964E-05 0.102736 0.373469 0.523395 9.9964E-05 9.9964E-05
0.106557 9.9973E-05 0.280937 0.323291 0.288916 9.9973E-05 9.9973E-05
0.629969 0.066819 9.9973E-05 9.9973E-05 0.243974 9.9973E-05 0.0589381
0.505646 0.144694 9.9982E-05 0.132912 0.025061 9.9982E-05 0.191488
0.247703 0.0416559 0.701222 9.9973E-05 9.9973E-05 0.00911834 9.9973E-05
0.403037 0.0291442 0.399197 9.9982E-05 9.9982E-05 0.0867031 0.0817186
0.364034 9.9982E-05 0.392813 9.9982E-05 0.0403016 0.124853 0.0777979
0.294303 0.0857066 9.9973E-05 9.9973E-05 0.344526 9.9973E-05 0.275165
0.469694 0.199128 0.115216 0.049935 0.0911367 0.0613375 0.0135522
0.185852 0.0748025 9.9973E-05 9.9973E-05 0.466203 9.9973E-05 0.272843
0.607356 0.0569464 9.9982E-05 9.9982E-05 0.189971 0.0848161 0.0607102
0.382398 0.122658 0.00788751 9.9991E-05 0.239315 0.00218092 0.245461
0.563381 0.0694514 9.9982E-05 0.0342987 0.227859 9.9982E-05 0.104811
0.176868 0.203492 9.9982E-05 9.9982E-05 0.351483 0.0568299 0.211128
0.571846 0.117606 0.147609 0.0156887 0.0535333 9.9991E-05 0.0936166
0.617838 0.0546552 9.9982E-05 0.0823611 0.161251 9.9982E-05 0.0836943
9.9955E-05 9.9955E-05 0.956878 9.9955E-05 9.9955E-05 9.9955E-05 0.0426222
0.115222 9.9982E-05 0.855604 9.9982E-05 0.00878023 0.0087969 0.0113969
0.347368 0.0130756 0.563147 0.0456193 9.9982E-05 0.03059 9.9982E-05
0.303514 9.9973E-05 0.608898 0.0182917 9.9973E-05 9.9973E-05 0.0689965
0.154676 0.0419989 0.802925 9.9964E-05 9.9964E-05 9.9964E-05 9.9964E-05
9.995E-05 9.995E-05 0.9994 9.995E-05 9.995E-05 9.995E-05 9.995E-05
9.9982E-05 0.00174508 0.947794 9.9982E-05 0.0201303 0.0183744 0.0117559
0.131274 9.9955E-05 0.868226 9.9955E-05 9.9955E-05 9.9955E-05 9.9955E-05
0.00656919 0.0148033 0.956819 9.9973E-05 9.9973E-05 0.0215089 9.9973E-05
9.995E-05 9.995E-05 0.9994 9.995E-05 9.995E-05 9.995E-05 9.995E-05
9.995E-05 9.995E-05 0.9994 9.995E-05 9.995E-05 9.995E-05 9.995E-05
0.118719 9.9982E-05 0.732871 0.0641228 9.9982E-05 0.0370367 0.0470511
0.165446 0.00783056 0.72971 0.0441129 9.9991E-05 0.0297636 0.0230374
9.9955E-05 0.0423449 0.957155 9.9955E-05 9.9955E-05 9.9955E-05 9.9955E-05
0.215798 0.0616385 0.45553 0.00946148 0.0471407 0.145699 0.0647328
0.133131 0.114272 0.65547 0.0544034 9.9982E-05 0.0425238 9.9982E-05
0.216616 9.9973E-05 0.714274 9.9973E-05 0.0215723 0.0472375 9.9973E-05
0.0476895 9.9973E-05 0.857172 0.0371061 9.9973E-05 0.0577323 9.9973E-05
9.9964E-05 9.9964E-05 0.950789 9.9964E-05 0.0430652 9.9964E-05 0.00574581
0.116772 0.00551512 0.848844 9.9982E-05 0.0207451 9.9982E-05 0.0079234
9.995E-05 9.995E-05 0.9994 9.995E-05 9.995E-05 9.995E-05 9.995E-05
0.234824 9.9973E-05 0.593345 0.0883912 9.9973E-05 9.9973E-05 0.0831398
0.0556821 0.0197266 0.889777 9.9982E-05 9.9982E-05 0.0185514 0.0160628
9.9982E-05 0.0552002 0.0414107 0.237374 0.567947 9.9982E-05 0.0978684
0.426695 9.9982E-05 0.0647995 0.079761 0.233421 0.195123 9.9982E-05
0.427045 0.0108378 0.031354 0.23507 0.239082 9.9991E-05 0.0565114
0.200846 9.9991E-05 0.0990174 0.152172 0.402202 0.1053 0.0403625
0.31268 0.00521797 0.173751 0.108632 0.14188 0.152902 0.104937
0.229488 0.0503119 0.101553 0.219121 0.349172 9.9991E-05 0.0502551
0.381953 9.9991E-05 0.0961064 0.142036 0.215787 0.0968168 0.0672013
0.33177 0.078963 0.151376 0.0488137 0.364215 9.9991E-05 0.0247623
0.537101 9.9982E-05 0.0814795 0.136643 0.175481 9.9982E-05 0.0690956
0.300234 9.9982E-05 0.209382 0.137673 0.291115 9.9982E-05 0.061396
0.451452 0.0576215 0.0849705 0.159236 0.182644 0.063976 9.9991E-05
0.0450419 9.9991E-05 0.0119101 0.788948 0.0641733 0.0437591 0.0460675
9.9973E-05 9.9973E-05 0.0377865 0.910338 0.00784395 9.9973E-05 0.0437317
0.00678008 9.9964E-05 9.9964E-05 0.944834 9.9964E-05 0.0479862 9.9964E-05
0.0435381 9.9964E-05 9.9964E-05 0.914233 9.9964E-05 0.0418288 9.9964E-05
0.04 9.9982E-05 0.0177761 0.871428 0.0530823 0.0175141 9.9982E-05
9.9964E-05 0.0366456 0.0869139 0.876041 9.9964E-05 9.9964E-05 9.9964E-05
0.0248337 0.0340198 0.0930331 0.847813 9.9973E-05 9.9973E-05 9.9973E-05
0.046435 9.9973E-05 9.9973E-05 0.852092 9.9973E-05 0.0453561 0.0558171
0.0389523 0.0241571 0.0403617 0.896229 9.9973E-05 9.9973E-05 9.9973E-05
9.9982E-05 9.9982E-05 0.120729 0.788236 0.0620936 0.0250183 0.00372262
9.9973E-05 0.101501 9.9973E-05 0.594599 9.9973E-05 0.255434 0.0481665
9.9973E-05 0.0528074 9.9973E-05 0.589734 9.9973E-05 0.299056 0.0581032
9.9982E-05 0.0100693 9.9982E-05 0.481138 0.121638 0.339087 0.0478679
9.9973E-05 0.153527 9.9973E-05 0.496469 9.9973E-05 0.27923 0.070474
0.525238 0.291113 0.0266576 0.038789 9.9991E-05 0.0851375 0.0329648
0.46835 0.310836 0.0189437 0.037457 9.9991E-05 0.00440779 0.159905
0.551777 0.221334 0.0645345 9.9973E-05 9.9973E-05 0.162055 9.9973E-05
0.368457 0.314461 9.9982E-05 0.0819579 0.0263371 0.208587 9.9982E-05
0.196064 0.163027 9.9982E-05 9.9982E-05 0.0170207 0.601096 0.0225929
0.602367 0.188093 0.0295908 0.036046 9.9991E-05 0.0435547 0.100248
0.595535 0.320004 0.0122888 9.9982E-05 9.9982E-05 0.0493711 0.022602
0.547862 0.279442 9.9982E-05 9.9982E-05 0.0467086 0.0883697 0.0374182
0.294116 0.601468 0.0775378 9.9982E-05 0.0110805 9.9982E-05 0.0155979
0.595287 0.143024 0.0521033 0.000612194 0.0143668 0.142833 0.0517732
0.373556 0.470847 9.9982E-05 0.00208438 9.9982E-05 0.0997331 0.0535792
9.9973E-05 0.752659 9.9973E-05 9.9973E-05 0.0418545 0.0398521 0.165334
0.548706 0.104867 0.0857296 0.0140591 0.0397376 0.134747 0.0721536
0.281566 0.530484 0.0103451 0.00141218 0.105174 0.00426274 0.0667563
0.463682 0.375218 0.0633412 0.0260334 9.9991E-05 0.0363564 0.0352685
0.0688212 0.714184 9.9973E-05 0.058255 9.9973E-05 0.158439 9.9973E-05
9.9973E-05 0.0369355 9.9973E-05 0.109049 0.104893 0.748822 9.9973E-05
0.0489092 9.9982E-05 9.9982E-05 0.0996831 0.0490759 0.733747 0.0683844
0.0103448 0.0109078 9.9982E-05 9.9982E-05 0.0440094 0.886836 0.0477017
9.9964E-05 9.9964E-05 9.9964E-05 0.115914 9.9964E-05 0.795571 0.0881148
0.0248608 0.0268105 0.0544518 0.0150565 0.0399248 0.80353 0.035366
0.122235 9.9991E-05 0.0112793 0.0555025 0.0394568 0.73106 0.0403666
0.117304 0.0268245 9.9964E-05 0.855472 9.9964E-05 9.9964E-05 9.9964E-05
0.0792436 9.9982E-05 0.0388827 0.778023 0.0481523 0.0554988 9.9982E-05
0.119853 9.9973E-05 0.0949392 0.739668 0.0452393 9.9973E-05 9.9973E-05
0.0509909 9.9973E-05 0.136108 0.717076 9.9973E-05 0.0955253 9.9973E-05
0.0877763 9.9973E-05 0.0751084 0.793903 9.9973E-05 0.0429127 9.9973E-05
9.9973E-05 9.9973E-05 9.9973E-05 0.40462 0.0488852 0.511049 0.0351456
9.9973E-05 0.0124244 9.9973E-05 0.48342 9.9973E-05 0.375196 0.128659
9.9973E-05 0.0462313 9.9973E-05 0.445232 9.9973E-05 0.457826 0.0504107
0.149638 9.9973E-05 0.000193451 0.808876 9.9973E-05 0.0409926 9.9973E-05
9.9973E-05 0.03017 9.9973E-05 0.390263 9.9973E-05 0.473095 0.106172
0.305704 9.9982E-05 0.320363 0.185032 0.164736 9.9982E-05 0.0239635
0.555682 0.00436752 0.148612 0.1787 0.0662143 0.0211792 0.0252437
0.556178 9.9964E-05 0.216065 0.227358 9.9964E-05 9.9964E-05 9.9964E-05
0.342376 0.0372899 0.249061 0.257424 0.113648 9.9982E-05 9.9982E-05
0.373484 9.9982E-05 0.278325 0.148321 0.117147 9.9982E-05 0.082522
9.9973E-05 9.9973E-05 0.319938 0.39145 0.261045 9.9973E-05 0.0272662
0.427737 0.148876 9.9982E-05 9.9982E-05 0.04536 0.368997 0.00883021
0.337847 0.187726 9.9982E-05 9.9982E-05 0.163726 0.145228 0.165273
0.273175 0.0818887 0.0483502 0.071398 9.9982E-05 0.524988 9.9982E-05
0.487651 0.135665 9.9982E-05 9.9982E-05 0.0609287 0.0958117 0.219745
9.9973E-05 0.159953 9.9973E-05 9.9973E-05 0.274227 0.187806 0.377715
0.560989 0.0677399 9.9991E-05 0.0686048 0.037775 0.151068 0.113723
0.489895 0.11554 9.9982E-05 9.9982E-05 0.0513789 0.145616 0.197371
0.318105 0.0877639 9.9991E-05 0.0782734 0.0528277 0.392629 0.0703007
0.541189 9.9982E-05 0.0256264 0.0275303 0.203448 0.202006 9.9982E-05
0.096889 0.303376 9.9982E-05 9.9982E-05 0.243206 0.240619 0.11571
0.450677 9.9973E-05 9.9973E-05 9.9973E-05 0.0919783 0.16542 0.291624
0.560182 0.106598 0.0549697 0.00261749 0.00208173 0.273451 9.9991E-05
0.351775 0.26334 0.203991 0.0982015 0.0700307 0.0125624 9.9991E-05
0.403079 0.0866859 9.9982E-05 9.9982E-05 0.0616644 0.272976 0.175395
0.489689 0.0703278 9.9991E-05 0.0556291 0.0334482 0.204834 0.145972
0.424539 0.165539 0.141175 9.9991E-05 0.0465113 0.0617593 0.160376
0.577646 0.125204 9.9973E-05 9.9973E-05 0.0768375 0.220013 9.9973E-05
0.656953 0.0297983 0.0278041 0.0149943 9.9991E-05 0.243999 0.0263515
0.491762 0.152901 0.0508135 0.120755 0.0195362 0.157549 0.00668279
0.548443 0.0274813 0.119166 0.0273003 0.0475989 0.151844 0.0781676
0.107201 0.0493355 0.0616067 0.781557 9.9973E-05 9.9973E-05 9.9973E-05
0.125147 0.0200635 0.00389502 0.824383 9.9982E-05 9.9982E-05 0.0263114
0.0905537 9.9982E-05 9.9982E-05 0.774584 0.042171 0.0332979 0.0591931
0.0508247 0.0911948 0.0191534 0.809599 9.9982E-05 0.0290284 9.9982E-05
0.0957123 0.0608219 0.0151986 0.827967 9.9973E-05 9.9973E-05 9.9973E-05
0.226637 0.0606991 0.0408478 9.9982E-05 0.0740511 0.597565 9.9982E-05
0.47118 0.032841 0.0422314 0.0783067 0.0543101 0.144676 0.176454
0.294402 0.0820991 0.191368 0.192202 0.137844 9.9991E-05 0.101985
0.636634 0.0180894 0.0716112 0.0293605 0.0290478 0.181715 0.0335426
0.483918 0.1125 0.0459959 0.0416809 9.9991E-05 0.27258 0.0432248
0.243853 9.9982E-05 0.0719917 9.9982E-05 0.181917 0.377714 0.124324
9.9973E-05 0.0827039 9.9973E-05 0.0918996 0.144002 0.681095 9.9973E-05
0.490316 9.9982E-05 0.029391 0.0264487 9.9982E-05 0.427376 0.0262677
0.138485 0.0795001 0.088049 0.00917181 0.0451775 0.487808 0.151809
0.391881 0.0761482 0.00750416 0.110442 0.0305284 0.231845 0.151652
0.102317 0.0267192 0.0419226 0.108501 9.9991E-05 0.546225 0.174216
0.545588 9.9973E-05 0.0861786 0.102474 9.9973E-05 0.26546 9.9973E-05
0.217301 0.0946119 0.0189161 0.030216 0.038833 0.538964 0.0611575
0.295404 0.0751333 0.0975357 0.00641065 0.109979 0.322256 0.0932819
0.48373 0.0297059 0.00562349 0.075026 0.0918424 0.162143 0.151929
0.30103 0.0505854 9.9982E-05 9.9982E-05 0.352008 0.110995 0.185182
0.57302 0.0716402 9.9991E-05 0.0178405 0.259522 0.0584193 0.0194581
0.449256 0.130025 0.0370871 0.0762885 0.150386 0.117573 0.0393839
0.341461 0.00984701 9.9982E-05 9.9982E-05 0.377724 0.135092 0.135677
0.485669 0.200009 9.9991E-05 0.0975594 0.135345 0.0444252 0.0368926
0.578328 0.0536176 9.9973E-05 9.9973E-05 0.248377 9.9973E-05 0.119377
0.0593731 0.196172 9.9982E-05 9.9982E-05 0.457488 0.0577241 0.229043
0.224648 0.146432 9.9982E-05 9.9982E-05 0.460297 0.0527117 0.115711
0.529671 0.00445246 9.9973E-05 9.9973E-05 0.257363 9.9973E-05 0.208213
0.131947 0.268722 9.9982E-05 9.9982E-05 0.3865 0.115503 0.0971284
0.42965 0.128599 9.9973E-05 9.9973E-05 0.274442 0.167009 9.9973E-05
0.127924 0.249463 0.0281235 9.9973E-05 9.9973E-05 0.594189 9.9973E-05
0.257709 0.0853133 9.9973E-05 9.9973E-05 9.9973E-05 0.373631 0.283047
0.398659 0.0785181 0.0452945 9.9982E-05 9.9982E-05 0.468949 0.00837904
0.661748 0.0105963 0.124502 0.000772784 9.9982E-05 0.202181 9.9982E-05
0.300308 0.210495 9.9973E-05 9.9973E-05 9.9973E-05 0.484809 0.00408772
0.444027 0.0399674 0.0390175 0.0230785 0.0505752 0.179864 0.223471
0.625478 0.0563747 0.0139854 0.0843256 0.0144412 0.190636 0.014759
0.549093 0.125482 9.9982E-05 9.9982E-05 0.122553 0.169264 0.0334077
0.536158 0.132622 0.0816138 0.00539912 9.9991E-05 0.204564 0.0395433
0.578174 0.0844483 0.00696126 0.0473804 9.9982E-05 0.282836 9.9982E-05
0.244119 0.13669 0.115263 9.9973E-05 9.9973E-05 0.503628 9.9973E-05
0.267344 0.0964107 0.12093 9.9982E-05 9.9982E-05 0.451732 0.063383
0.445417 0.183543 0.110051 9.9991E-05 0.0765518 0.16636 0.0179771
0.638308 0.000293529 9.9982E-05 9.9982E-05 0.071796 0.160782 0.12862
0.440056 0.120848 9.9991E-05 0.0663394 0.0878314 0.154657 0.130168
0.556621 9.9982E-05 0.0513786 9.9982E-05 0.0201047 0.223156 0.14854
0.348903 0.0177414 0.0617331 0.0174145 0.12608 0.428028 9.9991E-05
0.63374 0.064584 0.0182589 0.0184525 0.0230139 0.124751 0.1172
0.509802 0.0462228 0.116458 0.0195255 0.0283067 0.238072 0.0416137
0.516931 0.111976 0.0365168 0.0681337 9.9991E-05 0.160819 0.105524
0.406464 0.0187637 0.0859181 0.338265 0.150389 9.9982E-05 9.9982E-05
0.440158 0.10764 0.197376 0.0690108 0.066318 0.0332161 0.0862815
0.583222 0.0427791 0.12282 0.144906 0.0466809 0.0297273 0.0298646
0.619379 0.0254456 0.102533 0.0545134 0.0625791 0.0387483 0.0968007
0.44655 0.0784574 0.155264 0.24358 9.9982E-05 9.9982E-05 0.0759488
0.405325 0.0618108 0.0209135 9.9991E-05 0.0828155 0.219265 0.209771
0.437902 0.116184 0.0753509 0.196222 0.0350102 0.0883706 0.0509602
0.0262381 0.249385 0.12996 0.201628 0.392469 0.000219848 9.9991E-05
0.511264 9.9991E-05 0.166099 0.084246 0.116621 0.0933557 0.0283134
0.468098 0.120672 0.165973 0.0913573 0.0546654 0.0241597 0.0750755
0.577111 9.9991E-05 0.162211 0.0497163 0.0982455 0.092975 0.0196411
0.327917 0.155713 0.0891645 0.159626 0.183161 0.084319 9.9991E-05
0.577508 0.00543627 0.0627835 0.185549 0.121295 0.0473275 9.9991E-05
0.549742 9.9982E-05 0.1365 0.0982655 0.129753 9.9982E-05 0.08554
9.9982E-05 0.0184473 0.163134 0.426066 0.386183 9.9982E-05 0.00596894
0.462855 0.0642474 0.221139 0.158605 0.0716111 9.9991E-05 0.0214427
0.531545 0.0384809 0.213087 0.142111 0.0141179 9.9991E-05 0.060558
0.528361 9.9991E-05 0.141735 0.138682 0.0618008 0.0707532 0.0585685
0.609724 9.9982E-05 0.100396 0.234746 0.0490884 9.9982E-05 0.0058463
0.479679 9.9991E-05 0.124289 0.139385 0.0525872 0.167551 0.036409
0.347152 0.0799849 0.0137278 0.116713 9.9991E-05 0.0182445 0.424077
0.488493 0.0548594 0.0358218 0.167995 9.9982E-05 9.9982E-05 0.252631
9.9964E-05 0.118924 9.9964E-05 9.9964E-05 9.9964E-05 0.109095 0.771581
9.9955E-05 9.9955E-05 9.9955E-05 9.9955E-05 9.9955E-05 0.0240889 0.975411
0.484802 9.9982E-05 0.0628067 0.0335999 9.9982E-05 0.0562597 0.362331
0.373147 9.9991E-05 0.334455 0.10475 0.0738639 0.0288451 0.0848398
0.311009 9.9982E-05 0.297889 0.106659 0.00349634 9.9982E-05 0.280747
0.13513 0.0574957 0.288598 0.178189 0.132847 0.00858895 0.199151
0.383885 9.9982E-05 0.227221 0.195585 0.0282304 9.9982E-05 0.164879
0.0210973 9.9982E-05 0.0995572 0.0778157 0.110924 9.9982E-05 0.690406
0.118725 9.9982E-05 0.0806539 0.0915346 0.0635163 9.9982E-05 0.64537
0.478292 9.9982E-05 0.141515 0.00600988 0.015179 9.9982E-05 0.358804
0.38392 9.9973E-05 0.0983561 0.0330342 9.9973E-05 9.9973E-05 0.484389
0.0918281 9.9973E-05 0.128813 0.0742722 9.9973E-05 9.9973E-05 0.704786
0.358666 0.139729 0.161163 0.0310109 0.0136147 0.048407 0.247408
0.480396 0.0733096 0.147634 0.0473174 9.9982E-05 9.9982E-05 0.251144
0.422585 0.0246249 0.102258 0.110361 0.0150926 0.128172 0.196906
0.305786 9.9973E-05 9.9973E-05 0.0256764 9.9973E-05 0.0605788 0.607659
0.290504 0.0875502 0.0741992 9.9991E-05 0.00530173 0.0731048 0.46924
0.47115 0.0216382 0.103972 0.0357448 9.9991E-05 0.0475117 0.319883
0.313963 9.9991E-05 0.0386469 0.0383834 0.0432946 0.193028 0.372584
0.430543 9.9991E-05 0.0587263 0.0348518 0.11731 0.224095 0.134373
0.434944 0.0518708 9.9973E-05 9.9973E-05 0.160173 9.9973E-05 0.352713
0.125959 9.9964E-05 9.9964E-05 9.9964E-05 9.9964E-05 0.0885731 0.785068
0.588753 0.100567 9.9973E-05 0.0528578 9.9973E-05 9.9973E-05 0.257522
0.137318 0.12162 0.0136253 9.9973E-05 9.9973E-05 9.9973E-05 0.727137
0.415475 0.00186518 0.0243367 0.015328 9.9991E-05 0.00486327 0.538032
0.540413 0.110158 0.00794711 0.0943507 9.9982E-05 9.9982E-05 0.246931
0.495321 0.108845 0.00948544 0.0302094 0.0134933 9.9991E-05 0.342546
0.357274 9.9991E-05 0.228295 0.0957983 0.107096 0.0929459 0.118491
0.34683 0.0987263 0.159258 0.0495429 0.141067 0.147758 0.0568175
0.32717 9.9991E-05 0.236268 0.115716 0.146782 0.063954 0.11001
0.314438 9.9991E-05 0.179617 0.130942 0.0538985 0.145804 0.1752
0.578152 0.0431917 0.112467 0.190397 0.0574376 0.0182546 9.9991E-05
0.385808 9.9991E-05 0.180752 0.0982624 0.0782144 0.0814619 0.175401
9.9973E-05 9.9973E-05 0.108901 0.176872 0.0529872 9.9973E-05 0.66094
0.548192 9.9991E-05 0.165867 0.107714 0.0299247 0.0596776 0.0885245
9.9973E-05 9.9973E-05 0.0692593 0.372616 0.128705 9.9973E-05 0.42912
0.441997 9.9973E-05 0.172021 0.0950962 9.9973E-05 9.9973E-05 0.290586
0.0668661 0.143533 9.9973E-05 9.9973E-05 0.00535579 9.9973E-05 0.783946
9.9964E-05 0.11548 9.9964E-05 0.0501377 9.9964E-05 9.9964E-05 0.833983
0.46193 0.119653 9.9964E-05 9.9964E-05 9.9964E-05 9.9964E-05 0.418018
0.608629 9.9964E-05 9.9964E-05 0.0126743 9.9964E-05 9.9964E-05 0.378297
0.373343 0.0346678 9.9964E-05 9.9964E-05 9.9964E-05 9.9964E-05 0.591589
0.327522 0.107367 0.0583842 0.0526873 9.9982E-05 9.9982E-05 0.45384
0.512313 9.9964E-05 0.00205079 9.9964E-05 9.9964E-05 9.9964E-05 0.485237
0.0384086 9.9982E-05 0.0362791 0.784814 0.0160782 9.9982E-05 0.12422
9.9982E-05 0.0255857 0.110417 0.7205 9.9982E-05 0.112521 0.0307755
9.9964E-05 9.9964E-05 0.101215 0.869826 9.9964E-05 0.02856 9.9964E-05
0.0403174 9.9964E-05 9.9964E-05 0.950684 9.9964E-05 9.9964E-05 0.00859886
0.478551 0.378015 0.0517897 0.0491235 9.9982E-05 0.042321 9.9982E-05
0.453172 0.334043 0.0343507 0.0958621 9.9991E-05 0.0717337 0.0107389
0.447611 0.45356 9.9973E-05 0.0682463 9.9973E-05 0.0302831 9.9973E-05
0.528976 0.2894 9.9973E-05 0.108557 0.072767 9.9973E-05 9.9973E-05
0.535364 0.136592 0.0538535 0.0118344 0.17554 0.0516523 0.0351642
0.172658 0.586096 9.9991E-05 0.0465108 0.0395948 0.0866473 0.0683935
0.575403 0.347881 0.0272261 0.0185711 9.9982E-05 9.9982E-05 0.0307195
0.273022 0.551243 9.9982E-05 0.00164352 0.114397 9.9982E-05 0.0594949
0.507344 9.9982E-05 0.0888419 0.222923 9.9982E-05 0.0796685 0.101023
0.449842 0.354145 0.0245672 9.9991E-05 0.016316 0.0241053 0.130925
0.379282 0.54966 9.9973E-05 0.013172 9.9973E-05 0.0575858 9.9973E-05
0.616804 0.205613 9.9982E-05 0.0378669 9.9982E-05 0.0376102 0.101906
0.357762 0.57601 9.9964E-05 9.9964E-05 9.9964E-05 0.0658279 9.9964E-05
0.54034 0.429675 9.9964E-05 9.9964E-05 0.0295855 9.9964E-05 9.9964E-05
0.569343 0.350662 9.9973E-05 0.0724504 9.9973E-05 9.9973E-05 0.00724458
0.0906571 0.801922 9.9973E-05 9.9973E-05 0.0416075 9.9973E-05 0.0655133
0.239174 0.555452 0.0286645 9.9982E-05 0.167834 9.9982E-05 0.00867556
0.328435 0.574584 9.9982E-05 0.0301913 9.9982E-05 0.0228086 0.0437817
9.9964E-05 0.802007 9.9964E-05 9.9964E-05 0.133783 9.9964E-05 0.0638099
0.398826 0.370335 0.0630552 9.9982E-05 9.9982E-05 0.13169 0.0358937
0.0309993 0.708483 0.0243168 9.9991E-05 0.157484 0.0135079 0.0651091
9.9964E-05 0.790867 9.9964E-05 9.9964E-05 0.129561 9.9964E-05 0.0791716
0.508844 0.364008 0.0040806 0.0216825 9.9991E-05 0.00441093 0.0968742
0.172041 0.699547 9.9982E-05 0.0650131 9.9982E-05 0.0363187 0.0268806
0.39306 0.4291 0.0692231 9.9982E-05 0.0347813 0.0736361 9.9982E-05
0.625667 0.249946 0.00236529 0.0647855 9.9982E-05 9.9982E-05 0.0570359
0.566724 0.276663 9.9982E-05 0.0398786 0.0105167 0.106018 9.9982E-05
0.371564 9.9982E-05 0.0162576 9.9982E-05 0.0892173 0.253862 0.268899
0.54871 0.351071 9.9964E-05 9.9964E-05 9.9964E-05 9.9964E-05 0.0998187
0.394345 0.379653 0.0713008 0.0207083 9.9991E-05 0.124118 0.00977499
0.296207 0.669698 9.9973E-05 9.9973E-05 0.0202642 9.9973E-05 0.0135311
0.516764 0.254205 9.9982E-05 0.0930421 9.9982E-05 0.0260331 0.109756
9.9982E-05 0.0441289 0.00394707 0.614404 0.0694362 0.267884 9.9982E-05
0.043794 0.0831554 0.0205995 0.730033 0.0539016 0.0684162 9.9991E-05
9.9973E-05 9.9973E-05 9.9973E-05 0.816253 0.0562587 0.122902 0.00428654
9.9973E-05 9.9973E-05 9.9973E-05 0.762503 0.0786512 0.153203 0.00534221
0.059996 9.9982E-05 9.9982E-05 0.677617 0.0756346 0.158614 0.0279386
0.0652139 0.714465 0.0553933 0.0252491 9.9982E-05 0.139478 9.9982E-05
0.1081 0.663104 9.9982E-05 0.038283 9.9982E-05 0.162299 0.0280127
0.0998142 0.789117 0.000926949 9.9982E-05 0.0301403 9.9982E-05 0.0798017
0.417993 0.097733 0.13846 0.139875 9.9991E-05 0.049319 0.15652
0.533399 0.176907 0.00757858 0.161984 9.9991E-05 0.0267199 0.0933118
0.213533 0.610097 9.9973E-05 0.0288809 0.147189 9.9973E-05 9.9973E-05
0.556712 0.326889 0.0515191 9.9973E-05 9.9973E-05 9.9973E-05 0.0645798
0.281643 0.549847 0.0705818 0.0826064 9.9982E-05 9.9982E-05 0.0151214
0.585911 0.33878 9.9982E-05 0.0215162 9.9982E-05 0.017492 0.0361016
0.516717 0.302173 0.0587322 0.0153033 0.070895 0.0247082 0.0114714
0.168753 0.665311 0.0760262 9.9973E-05 9.9973E-05 0.0896092 9.9973E-05
0.29396 0.576432 9.9973E-05 0.0473972 9.9973E-05 0.0819117 9.9973E-05
0.275565 0.646469 9.9964E-05 9.9964E-05 9.9964E-05 0.0775658 9.9964E-05
0.663867 0.0188867 9.9991E-05 0.121042 0.138572 0.0330359 0.0244956
0.434499 0.525855 9.9982E-05 0.0132793 9.9982E-05 0.0143027 0.0118643
0.457444 0.400461 0.0230119 0.0597449 9.9991E-05 0.00583559 0.0534023
0.427203 9.9973E-05 0.367423 0.130808 9.9973E-05 9.9973E-05 0.0742661
0.393717 0.0617709 0.465607 0.0456057 0.0275744 9.9991E-05 0.0056252
0.470549 9.9982E-05 0.33638 0.128708 0.0441036 9.9982E-05 0.0200588
0.35453 9.9982E-05 0.455758 0.0747469 0.0612371 9.9982E-05 0.0535278
0.482085 9.9991E-05 0.222768 0.119183 0.0624968 0.0773455 0.0360217
0.44153 0.303689 0.0518947 0.010977 0.151599 9.9991E-05 0.0402109
0.0914419 9.9973E-05 0.601492 0.22261 0.084156 9.9973E-05 9.9973E-05
0.335971 0.0487576 0.399901 0.212785 9.9982E-05 9.9982E-05 0.00238561
0.444073 0.0821106 0.147021 0.0990272 0.19658 0.0310888 9.9991E-05
0.547394 9.9973E-05 9.9973E-05 0.111347 0.268611 0.0723482 9.9973E-05
0.478293 0.0149758 9.9991E-05 0.0339593 0.322231 0.123242 0.0271976
0.574778 0.13417 9.9982E-05 0.131731 0.100167 0.0589548 9.9982E-05
0.622218 0.0538647 9.9982E-05 0.0644344 0.189564 0.0697192 9.9982E-05
0.342594 9.9973E-05 0.464424 0.185788 0.00689459 9.9973E-05 9.9973E-05
0.429034 0.0204237 0.358659 0.101874 9.9982E-05 0.0898095 9.9982E-05
0.426414 9.9973E-05 0.486702 0.0702732 0.0163114 9.9973E-05 9.9973E-05
0.426909 0.0380256 0.302423 0.0978534 0.13418 0.000509283 9.9991E-05
0.309935 9.9982E-05 0.466867 0.0996126 0.0524949 9.9982E-05 0.0708905
0.395993 0.122343 0.34204 0.0766427 0.0260912 0.03679 9.9991E-05
0.191327 9.9982E-05 0.575751 0.125656 9.9982E-05 0.0148555 0.0922098
0.373005 9.9991E-05 0.352962 0.100826 0.0234752 0.00373327 0.145899
0.595826 0.014313 9.9982E-05 0.00701797 0.328904 0.0537392 9.9982E-05
0.362746 9.9982E-05 0.356627 0.136619 0.0606037 0.0832043 9.9982E-05
0.259493 9.9973E-05 0.530276 0.169399 0.0405314 9.9973E-05 9.9973E-05
0.359831 0.0601847 0.366307 0.101916 9.9991E-05 0.0456006 0.066061
0.225645 0.0728113 9.9982E-05 0.106864 0.345147 0.249333 9.9982E-05
0.567774 0.0953153 0.0755153 9.9982E-05 0.25556 0.00563538 9.9982E-05
0.390401 9.9991E-05 0.289827 0.131695 0.0863504 0.0687015 0.0329251
0.674464 9.9982E-05 0.00224841 0.116853 0.087914 0.11832 9.9982E-05
0.468033 0.0807595 9.9991E-05 0.137111 0.24378 0.0531045 0.0171118
0.422501 0.107966 0.148323 0.270552 0.0504583 9.9982E-05 9.9982E-05
0.34465 0.00103123 0.284496 0.221577 0.014572 9.9991E-05 0.133574
0.550727 0.0487096 0.0823806 0.147415 0.0521021 0.0294955 0.0891701
0.361535 0.112568 0.406094 0.0990065 0.00448507 0.0162116 9.9991E-05
0.39105 0.0015847 0.422239 0.131782 0.0531444 9.9982E-05 9.9982E-05
0.151333 9.9973E-05 0.589191 0.155805 0.103371 9.9973E-05 9.9973E-05
0.641602 0.015567 0.0878088 9.9982E-05 0.194503 0.060319 9.9982E-05
0.484861 0.0341398 9.9982E-05 0.0356393 0.346795 0.0983646 9.9982E-05
0.193049 0.151889 0.00627739 0.00177086 0.594589 0.00255706 0.0498672
0.582547 0.0527876 0.00319847 0.104158 0.205072 0.0521367 9.9991E-05
0.438669 0.06762 0.0285814 0.0780877 0.124532 0.173464 0.0890457
0.49246 0.0477446 0.165168 0.0753913 0.219037 9.9982E-05 9.9982E-05
0.562326 0.0267885 0.0293305 0.191898 0.0835426 0.10215 0.00396491
9.9973E-05 0.0249299 0.167558 0.210303 0.596909 9.9973E-05 9.9973E-05
9.9964E-05 9.9964E-05 0.0944973 0.158127 0.746976 9.9964E-05 9.9964E-05
0.354572 9.9991E-05 0.04678 0.10839 0.351106 0.0593386 0.0797131
0.0288647 9.9973E-05 0.177988 0.198307 0.59454 9.9973E-05 9.9973E-05
9.9964E-05 9.9964E-05 0.20061 0.28501 0.513979 9.9964E-05 9.9964E-05
0.40755 9.9982E-05 0.141462 0.0760696 0.293476 9.9982E-05 0.081243
0.408758 0.0359952 0.102133 0.186617 0.214726 9.9991E-05 0.0516708
0.246587 0.0553746 0.14368 0.189543 0.364616 9.9982E-05 9.9982E-05
0.150656 9.9973E-05 0.0779095 0.136844 0.634291 9.9973E-05 9.9973E-05
0.606376 9.9973E-05 0.0226764 0.11557 0.255078 9.9973E-05 9.9973E-05
0.237443 0.0907619 0.0231258 0.124776 0.523694 9.9982E-05 9.9982E-05
9.9964E-05 9.9964E-05 0.0187594 0.272703 0.708138 9.9964E-05 9.9964E-05
0.583739 9.9982E-05 0.149154 0.131883 0.0983701 0.0366532 9.9982E-05
0.301757 9.9982E-05 0.248255 0.101832 0.221251 0.126705 9.9982E-05
0.338074 0.080546 0.164972 0.281176 0.0680364 0.0670966 9.9991E-05
0.574628 9.9973E-05 0.205359 0.197265 9.9973E-05 9.9973E-05 0.0224477
0.500854 0.0324032 0.201695 0.13014 0.122103 9.9991E-05 0.0127047
0.452866 9.9982E-05 0.235135 0.125939 0.0793198 9.9982E-05 0.106541
0.359487 9.9982E-05 0.214737 0.330857 0.0652737 0.0294448 9.9982E-05
0.531708 9.9982E-05 0.0975522 0.257034 0.00276574 9.9982E-05 0.110741
0.437129 0.0544647 0.265974 0.218385 0.014943 0.00900475 9.9991E-05
0.384432 0.0389717 0.204113 0.261036 0.110632 9.9991E-05 0.000715238
0.238805 0.292014 0.14778 0.167905 0.0494785 0.103917 9.9991E-05
0.493642 0.0531357 0.0621246 0.169173 0.0858035 0.136022 9.9991E-05
0.47292 0.0615223 0.203995 0.136501 0.0759569 0.0490043 9.9991E-05
0.555453 0.131675 0.115976 0.13931 9.9982E-05 9.9982E-05 0.0573859
0.416323 9.9982E-05 0.159709 0.315178 0.0990857 0.00950446 9.9982E-05
0.530295 0.0538319 0.101115 0.26629 0.0103942 9.9991E-05 0.0379734
0.225863 9.9982E-05 0.169914 0.321973 0.257916 9.9982E-05 0.0241345
0.567751 9.9973E-05 0.207028 0.109568 9.9973E-05 0.115353 9.9973E-05
0.282663 9.9982E-05 0.213812 0.207351 0.27058 9.9982E-05 0.0253942
9.9982E-05 0.0639576 9.9982E-05 0.767947 0.0159661 0.148979 0.00294996
0.0490181 0.0320684 0.0866747 0.0261683 9.9991E-05 0.787897 0.0180734
9.9955E-05 9.9955E-05 9.9955E-05 0.0128563 9.9955E-05 0.986644 9.9955E-05
9.995E-05 9.995E-05 9.995E-05 9.995E-05 9.995E-05 0.9994 9.995E-05
0.0404576 9.9955E-05 9.9955E-05 9.9955E-05 9.9955E-05 0.959043 9.9955E-05
0.0820749 9.9973E-05 0.0128688 0.0224512 9.9973E-05 0.882305 9.9973E-05
0.0905632 9.9955E-05 9.9955E-05 9.9955E-05 9.9955E-05 0.908937 9.9955E-05
9.9955E-05 9.9955E-05 9.9955E-05 0.0467027 9.9955E-05 0.952798 9.9955E-05
0.0186378 9.9964E-05 9.9964E-05 0.216273 9.9964E-05 0.764689 9.9964E-05
0.0401949 9.9982E-05 0.0316863 0.841872 0.0459018 0.0401453 9.9982E-05
0.0885136 9.9964E-05 9.9964E-05 0.799905 9.9964E-05 0.111182 9.9964E-05
9.9973E-05 0.0592144 0.0556939 0.881854 0.00293757 9.9973E-05 9.9973E-05
9.9973E-05 9.9973E-05 9.9973E-05 0.78381 0.0362149 0.130403 0.049272
0.00800221 0.00705284 0.0763025 0.846101 0.0370639 0.0253777 9.9991E-05
9.9964E-05 9.9964E-05 0.0477161 0.88196 9.9964E-05 0.0699244 9.9964E-05
9.9973E-05 9.9973E-05 0.208623 0.729675 0.0108947 0.0505073 9.9973E-05
0.0190705 9.9973E-05 0.0922423 0.862306 9.9973E-05 9.9973E-05 0.0260816
0.041633 0.0143669 0.0600907 0.74925 0.030686 0.100554 0.00342003
0.0173694 0.0232377 0.0487369 0.910356 9.9973E-05 9.9973E-05 9.9973E-05
9.9964E-05 9.9964E-05 9.9964E-05 0.963441 9.9964E-05 0.00855444 0.0276044
0.0265387 0.0199594 0.038888 0.850918 0.0217338 0.0324026 0.00955951
0.000666864 9.9982E-05 0.0283115 0.913339 0.00465531 0.0528272 9.9982E-05
0.0722255 9.9973E-05 9.9973E-05 0.891546 0.0134439 9.9973E-05 0.0224845
0.0413715 0.0922291 0.0220548 0.844045 9.9973E-05 9.9973E-05 9.9973E-05
0.108038 9.9973E-05 0.0219621 0.851164 0.0185353 9.9973E-05 9.9973E-05
0.112852 9.9973E-05 0.100221 0.778274 0.00835286 9.9973E-05 9.9973E-05
0.100972 9.9964E-05 0.111606 0.787022 9.9964E-05 9.9964E-05 9.9964E-05
0.130637 9.9964E-05 0.0300684 0.838894 9.9964E-05 9.9964E-05 9.9964E-05
0.432267 0.107868 9.9991E-05 0.106141 0.248761 0.0832519 0.0216107
0.673888 0.0846567 9.9982E-05 0.0215868 0.127716 0.0919533 9.9982E-05
0.568974 0.127961 0.0497545 0.115481 0.0395187 0.0689482 0.0293622
0.122997 0.187519 9.9973E-05 9.9973E-05 0.626628 9.9973E-05 0.0625571
0.583729 9.9982E-05 9.9982E-05 0.0543794 0.176739 0.162421 0.0225315
0.201115 0.0473198 9.9991E-05 0.0341468 0.652652 0.016884 0.047782
0.685384 9.9973E-05 9.9973E-05 0.100205 0.197455 9.9973E-05 0.0166563
0.475501 0.114718 9.9982E-05 0.0241903 0.233451 0.15194 9.9982E-05
0.57856 0.0760656 9.9982E-05 0.0352848 0.195663 0.114226 9.9982E-05
0.474138 0.359065 0.0195677 0.0709526 0.00718972 9.9991E-05 0.0689876
0.47479 9.9973E-05 9.9973E-05 0.0286273 0.342082 0.1542 9.9973E-05
0.620699 0.0874773 0.0883335 9.9973E-05 0.20319 9.9973E-05 9.9973E-05
0.606009 0.0575949 9.9991E-05 0.0214164 0.195472 0.117449 0.00195907
0.0465166 0.0663493 9.9982E-05 9.9982E-05 0.131281 0.516288 0.239366
9.9973E-05 0.0965534 9.9973E-05 9.9973E-05 0.64053 0.107339 0.155278
0.223734 0.0106884 9.9973E-05 9.9973E-05 0.72139 0.0438877 9.9973E-05
0.608796 0.0614313 0.0619499 9.9982E-05 0.232313 0.0353101 9.9982E-05
0.564329 0.0115936 9.9991E-05 0.109905 0.256523 0.0507157 0.00683373
0.606807 0.026141 9.9982E-05 0.0754255 0.277129 9.9982E-05 0.0142971
0.532196 0.0949811 0.0519578 0.130028 0.118788 9.9991E-05 0.0719495
0.49656 9.9982E-05 0.136104 0.170773 0.187759 9.9982E-05 0.00860367
