9.9964E-05 9.9964E-05 0.0412599 0.0477968 0.814164 0.0310613 9.9964E-05 9.9964E-05 0.0188411 0.0464776
0.0360678 0.0295933 9.9955E-05 9.9955E-05 0.922709 9.9955E-05 9.9955E-05 0.00832656 0.00280403 9.9955E-05
9.9946E-05 9.9946E-05 0.0678763 9.9946E-05 0.765497 0.0300065 0.13602 9.9946E-05 9.9946E-05 9.9946E-05
9.9964E-05 9.9964E-05 0.00378321 0.0426343 0.770597 0.0165914 0.132916 9.9964E-05 9.9964E-05 0.0330783
9.9955E-05 9.9955E-05 9.9955E-05 9.9955E-05 0.811697 0.0303252 0.0289303 9.9955E-05 0.058141 0.0704069
0.317523 9.9946E-05 9.9946E-05 9.9946E-05 0.605199 9.9946E-05 9.9946E-05 0.0192796 9.9946E-05 0.0573988
0.197935 9.99371E-05 9.99371E-05 9.99371E-05 0.788039 0.0133273 9.99371E-05 9.99371E-05 9.99371E-05 9.99371E-05
0.242927 9.9946E-05 9.9946E-05 9.9946E-05 0.714298 0.027597 9.9946E-05 9.9946E-05 9.9946E-05 0.0145782
9.99639E-05 0.0734605 0.0340579 0.0232977 0.808113 0.0439842 9.99639E-05 9.99639E-05 0.0166863 9.99639E-05
0.186267 9.9955E-05 9.9955E-05 9.9955E-05 0.62119 0.0496455 0.0529604 9.9955E-05 9.9955E-05 0.0894376
0.256859 9.9946E-05 9.9946E-05 0.0403249 0.700598 9.9946E-05 0.00161872 9.9946E-05 9.9946E-05 9.9946E-05
0.0173246 9.9955E-05 9.9955E-05 0.0441213 9.9955E-05 9.9955E-05 0.0609695 0.831437 9.9955E-05 0.0456473
9.9964E-05 9.9964E-05 0.0242391 0.0105421 9.9964E-05 0.00340894 0.443516 0.484435 9.9964E-05 0.0334589
9.9955E-05 9.9955E-05 0.0373821 9.9955E-05 9.9955E-05 9.9955E-05 0.0502956 0.790399 0.0514198 0.070004
9.9964E-05 9.9964E-05 0.00572069 9.9964E-05 0.000958317 9.9964E-05 0.0768074 0.734383 0.04767 0.134061
0.039181 0.0186421 9.9964E-05 9.9964E-05 0.0920143 9.9964E-05 0.245219 0.472645 9.9964E-05 0.131899
0.048216 0.021858 9.9982E-05 9.9982E-05 0.0167263 0.00836285 0.40102 0.38824 0.00382274 0.111554
0.0498444 0.0127691 0.0516498 9.9982E-05 9.9982E-05 0.0358224 0.333809 0.436777 0.00203461 0.0770933
9.9955E-05 9.9955E-05 0.0159213 9.9955E-05 0.133203 9.9955E-05 0.197502 0.593844 9.9955E-05 0.0590308
0.0935322 9.9955E-05 9.9955E-05 0.083492 0.0415623 0.0189123 9.9955E-05 0.762002 9.9955E-05 9.9955E-05
9.9973E-05 0.0479627 0.0682979 0.00585508 9.9973E-05 0.0333688 0.321796 0.449228 9.9973E-05 0.0731915
0.174196 9.9982E-05 0.0521528 9.9982E-05 0.0129038 0.0168797 0.38013 0.259194 0.0454403 0.0589036
0.0886078 0.104997 9.9964E-05 0.00840516 9.9964E-05 0.0186785 0.515333 0.263579 9.9964E-05 9.9964E-05
0.071231 0.00103259 9.9955E-05 9.9955E-05 9.9955E-05 9.9955E-05 0.15633 0.688799 9.9955E-05 0.0821074
0.0468777 0.00781057 9.9982E-05 9.9982E-05 0.00176871 0.0743151 0.481918 0.271839 0.0642028 0.0510689
0.0280203 9.9973E-05 0.00014141 0.0436042 0.0216061 9.9973E-05 0.354053 0.423372 9.9973E-05 0.128903
0.00282438 0.0304912 9.9955E-05 9.9955E-05 0.00336202 9.9955E-05 9.9955E-05 0.846467 9.9955E-05 0.116355
9.9928E-05 9.9928E-05 9.9928E-05 9.9928E-05 9.9928E-05 9.9928E-05 9.9928E-05 0.826672 9.9928E-05 0.172529
0.157649 9.9946E-05 9.9946E-05 9.9946E-05 9.9946E-05 9.9946E-05 9.9946E-05 0.81361 0.0117123 0.0164284
9.9946E-05 9.9946E-05 9.9946E-05 9.9946E-05 0.809232 9.9946E-05 0.0844528 0.0668328 9.9946E-05 0.0388827
9.9937E-05 9.9937E-05 9.9937E-05 9.9937E-05 0.82309 9.9937E-05 0.141475 0.0347357 9.9937E-05 9.9937E-05
9.9955E-05 9.9955E-05 0.00719684 0.0122928 0.781236 9.9955E-05 0.195899 9.9955E-05 9.9955E-05 0.00287542
9.9955E-05 0.0606306 0.0387212 9.9955E-05 0.706643 9.9955E-05 0.151132 9.9955E-05 9.9955E-05 0.0423737
0.102681 0.221048 9.9973E-05 0.0146914 0.0139488 0.0469166 0.472107 0.128308 9.9973E-05 9.9973E-05
9.9973E-05 0.283366 0.0462201 0.0920241 0.0614173 9.9973E-05 0.454984 0.0245082 9.9973E-05 0.0371805
9.9946E-05 0.409643 9.9946E-05 9.9946E-05 0.0179662 9.9946E-05 0.569636 9.9946E-05 9.9946E-05 0.00215545
0.0416493 0.0551602 0.0153561 0.235816 0.0703387 0.0274608 0.0955551 0.458464 9.9982E-05 9.9982E-05
0.0672169 0.55953 9.9964E-05 0.0301945 9.9964E-05 9.9964E-05 0.261869 9.9964E-05 0.0447729 0.0360167
9.9964E-05 0.122424 9.9964E-05 0.0170602 0.0870287 9.9964E-05 0.496518 0.215172 0.0613975 9.9964E-05
0.00736772 0.226922 0.0467706 9.9955E-05 9.9955E-05 9.9955E-05 0.656231 9.9955E-05 0.0622095 9.9955E-05
0.2866 0.0433415 9.9964E-05 0.0179566 0.068997 0.0349992 0.547706 9.9964E-05 9.9964E-05 9.9964E-05
0.0512322 0.0816897 0.00167745 9.9973E-05 0.0998686 0.0555677 0.583258 0.126406 9.9973E-05 9.9973E-05
9.9955E-05 0.629464 0.0764254 9.9955E-05 9.9955E-05 0.00145595 0.0904559 0.201699 9.9955E-05 9.9955E-05
0.294215 0.0106832 0.0336975 0.0233435 0.00992756 9.9982E-05 0.48438 0.0996683 9.9982E-05 0.0438851
9.9964E-05 0.308277 0.029831 0.0143111 0.0402771 9.9964E-05 0.526719 9.9964E-05 9.9964E-05 0.0801843
0.105295 0.051529 0.0396861 0.0122128 0.110223 0.0570674 0.531963 9.9991E-05 0.0446637 0.0472604
9.9946E-05 0.604822 0.0510816 9.9946E-05 9.9946E-05 9.9946E-05 0.334362 9.9946E-05 0.00913428 9.9946E-05
9.9973E-05 0.212647 0.0444464 0.0391125 9.9973E-05 0.0483548 0.59651 0.0177281 9.9973E-05 0.0409013
0.0533062 0.234836 0.0255419 0.0393838 0.166248 9.9964E-05 0.480284 9.9964E-05 9.9964E-05 9.9964E-05
0.0517368 0.67178 0.152121 0.0745809 0.0413755 9.9964E-05 9.9964E-05 9.9964E-05 0.0080058 9.9964E-05
0.0496785 0.246592 9.99875E-05 0.235122 9.99875E-05 0.0493582 0.0997931 0.303237 0.0058167 0.0102031
0.147554 0.165556 0.176209 9.9973E-05 9.9973E-05 0.0513912 0.00818634 0.340066 0.110738 9.9973E-05
0.0377384 9.9982E-05 0.109033 0.0425208 0.0165068 0.0611395 0.452226 0.219687 9.9982E-05 0.0609492
0.19745 9.9982E-05 0.0149326 0.0195815 0.0375168 9.9982E-05 0.574852 0.101914 0.030647 0.0229064
0.168374 0.0297335 0.0498505 0.0852954 9.9991E-05 0.078611 0.540444 0.0109365 0.0326219 0.00403365
0.0290002 0.189195 0.0130974 0.114131 0.0728852 0.0607261 0.140912 0.288339 0.0916148 9.9991E-05
9.9973E-05 0.0279903 0.0629768 0.0953693 9.9973E-05 0.0517554 0.535497 0.136221 0.08989 9.9973E-05
0.118238 9.9955E-05 0.00205066 9.9955E-05 9.9955E-05 9.9955E-05 0.448197 0.322709 9.9955E-05 0.108305
0.11034 0.0767659 9.9991E-05 0.0728701 0.0764931 0.0170561 0.203691 0.307841 0.0676105 0.0672323
0.0330947 0.0746275 0.173155 9.9991E-05 0.106802 0.13732 0.0435192 0.411797 0.00418285 0.0154018
0.000327564 0.0498151 0.0566468 0.035812 0.0232205 0.0728743 0.595275 0.092428 0.0735009 9.9991E-05
9.9982E-05 9.9982E-05 0.124424 0.0635974 0.00605182 0.0893309 0.355301 0.321725 0.0362666 0.00310313
0.0349652 0.0721563 0.0374564 0.0188756 0.0649567 0.121427 9.9982E-05 0.622033 0.02793 9.9982E-05
0.00191976 0.0450801 0.00468075 0.0945735 9.9991E-05 0.0293263 0.394207 0.331512 0.0468149 0.0517858
9.9973E-05 0.0767811 0.00833036 9.9973E-05 0.0823812 0.036119 0.624127 0.0412472 0.130715 9.9973E-05
9.9973E-05 0.0540753 0.123859 0.0828106 9.9973E-05 9.9973E-05 0.537673 0.0947631 0.104454 0.00206457
0.0189923 0.123131 0.120192 0.00880565 0.00180557 0.00155873 0.140455 0.525079 0.0077295 0.0522521
0.036725 0.0111094 0.0561507 9.9973E-05 9.9973E-05 0.00938332 0.407522 0.407704 0.0711061 9.9973E-05
9.9973E-05 0.0870768 0.139026 0.0207059 9.9973E-05 0.119069 0.532484 0.066632 0.0347057 9.9973E-05
9.9973E-05 0.114639 0.0165368 0.0271003 9.9973E-05 0.0761744 0.10716 0.565402 0.0926876 9.9973E-05
0.0269717 0.405262 9.9964E-05 0.0730725 9.9964E-05 9.9964E-05 0.456466 0.0234985 0.0143289 9.9964E-05
9.9955E-05 0.619293 9.9955E-05 9.9955E-05 0.0118292 9.9955E-05 0.112305 0.244126 9.9955E-05 0.0119473
0.0206267 0.148704 0.0703272 0.0562238 0.0717962 0.0104505 0.417375 0.075265 0.0829329 0.0462985
0.0159698 0.878755 0.0579182 9.9946E-05 9.9946E-05 0.0467579 9.9946E-05 9.9946E-05 9.9946E-05 9.9946E-05
0.101958 0.786757 9.9955E-05 9.9955E-05 9.9955E-05 0.0218021 9.9955E-05 0.0431256 0.0458578 9.9955E-05
9.9946E-05 0.706501 9.9946E-05 9.9946E-05 9.9946E-05 0.0228073 0.269986 9.9946E-05 9.9946E-05 0.000105906
9.9964E-05 0.390148 9.9964E-05 0.0040037 0.0140364 0.0647399 0.439985 0.0866868 9.9964E-05 9.9964E-05
0.0977795 0.170053 0.0265195 0.0233891 0.10345 9.9982E-05 0.48793 0.0356479 9.9982E-05 0.0550304
9.9964E-05 0.373691 0.0719731 0.0534983 9.9964E-05 9.9964E-05 0.35654 0.133062 9.9964E-05 0.010835
9.9973E-05 0.579832 9.9973E-05 0.0293993 0.0295272 0.0762377 0.131144 0.1182 9.9973E-05 0.0353606
9.9973E-05 0.449357 9.9973E-05 0.105673 0.00702747 0.118848 0.212701 0.0571106 0.0489834 9.9973E-05
0.0167174 0.139283 0.027806 0.0497111 0.0732749 0.0633837 0.502643 9.9991E-05 0.0734398 0.0536413
0.0498164 0.420898 9.9973E-05 9.9973E-05 0.0108694 9.9973E-05 0.265438 0.151877 0.0940115 0.00679014
9.9964E-05 0.489811 0.0199881 9.9964E-05 0.0378877 0.0505218 0.347101 0.0542909 9.9964E-05 9.9964E-05
0.0387064 0.546587 0.029994 9.9946E-05 9.9946E-05 9.9946E-05 0.384113 9.9946E-05 9.9946E-05 9.9946E-05
0.037566 0.722859 0.116725 0.0356702 9.9955E-05 9.9955E-05 9.9955E-05 9.9955E-05 0.0866799 9.9955E-05
0.0637071 0.132827 0.0620231 0.000655478 9.9982E-05 0.074699 0.579898 0.0772029 9.9982E-05 0.00878821
9.9964E-05 9.9964E-05 9.9964E-05 0.00734397 0.80285 0.0073456 0.122498 0.034015 9.9964E-05 0.0255475
9.99281E-05 9.99281E-05 9.99281E-05 9.99281E-05 0.877563 9.99281E-05 0.121637 9.99281E-05 9.99281E-05 9.99281E-05
9.9946E-05 9.9946E-05 0.0494503 0.0209362 0.797123 9.9946E-05 0.13189 9.9946E-05 9.9946E-05 9.9946E-05
9.9937E-05 9.9937E-05 0.141865 9.9937E-05 0.822402 9.9937E-05 0.0350339 9.9937E-05 9.9937E-05 9.9937E-05
9.9937E-05 9.9937E-05 0.11324 9.9937E-05 0.799081 9.9937E-05 0.0869803 9.9937E-05 9.9937E-05 9.9937E-05
9.9955E-05 9.9955E-05 0.0431034 9.9955E-05 0.793282 0.051857 0.0617231 9.9955E-05 9.9955E-05 0.0495351
9.99371E-05 9.99371E-05 0.0584119 9.99371E-05 0.86244 9.99371E-05 0.0784485 9.99371E-05 9.99371E-05 9.99371E-05
0.0227691 0.260859 9.9973E-05 9.9973E-05 0.0686431 0.0592799 0.444461 0.0837106 9.9973E-05 0.0599771
9.9973E-05 0.17137 0.0693939 0.0701589 0.0539714 9.9973E-05 0.572906 0.0359506 9.9973E-05 0.0259496
9.9955E-05 0.775662 9.9955E-05 0.0125199 0.0160837 9.9955E-05 0.0153994 0.179835 9.9955E-05 9.9955E-05
0.106837 0.0383755 9.9982E-05 9.9982E-05 0.0887778 0.0498184 0.421848 0.16293 0.070091 0.0611229
0.10584 0.324994 9.9964E-05 9.9964E-05 0.0128291 9.9964E-05 0.373854 0.174785 9.9964E-05 0.00729779
0.0307926 0.316962 9.9955E-05 9.9955E-05 0.0638319 9.9955E-05 0.507263 9.9955E-05 0.0806504 9.9955E-05
0.105826 0.170391 9.9973E-05 0.0210649 0.0370467 9.9973E-05 0.506228 0.121444 0.0376994 9.9973E-05
0.0288723 0.410882 9.9964E-05 9.9964E-05 0.00604652 0.013117 0.491659 9.9964E-05 9.9964E-05 0.0490231
9.9955E-05 0.630615 0.0233957 9.9955E-05 0.019917 0.096713 9.9955E-05 0.228859 9.9955E-05 9.9955E-05
9.9973E-05 0.0460851 9.9973E-05 0.000832214 0.163694 0.0528741 0.48298 0.174097 0.0791375 9.9973E-05
0.0827914 0.152761 0.00454895 0.0900261 0.0545136 9.9973E-05 0.606073 9.9973E-05 0.0089863 9.9973E-05
0.0255344 0.156028 0.0508981 0.0698979 9.9982E-05 0.0889637 0.539368 0.0354784 9.9982E-05 0.0336308
0.0891141 0.568921 9.9964E-05 9.9964E-05 9.9964E-05 9.9964E-05 0.182886 0.047406 0.0604679 0.0508044
0.0113085 0.420071 9.9982E-05 0.0023942 0.0381999 0.0199537 0.486742 9.9982E-05 0.0154085 0.0057226
9.9955E-05 0.372708 9.9955E-05 9.9955E-05 0.053677 0.00748036 0.392835 0.1728 9.9955E-05 9.9955E-05
9.9946E-05 0.635182 9.9946E-05 9.9946E-05 9.9946E-05 9.9946E-05 0.198678 9.9946E-05 0.0670381 0.0985026
9.9955E-05 0.376835 9.9955E-05 0.152448 0.041941 9.9955E-05 0.401011 9.9955E-05 9.9955E-05 0.0272654
9.9964E-05 0.152378 9.9964E-05 0.0546142 0.156111 0.0324422 0.544763 0.0592917 9.9964E-05 9.9964E-05
9.9964E-05 9.9964E-05 0.144474 0.0848124 9.9964E-05 0.0153262 0.185052 0.281774 0.288162 9.9964E-05
0.125827 9.9973E-05 9.9973E-05 0.0359202 0.0905916 0.158648 0.284602 0.231866 9.9973E-05 0.0722458
0.0852128 9.9973E-05 0.0113703 0.116148 0.132326 9.9973E-05 0.497791 0.0434095 0.113442 9.9973E-05
0.0457116 0.104309 0.0233337 0.102962 0.0448377 0.011196 0.569473 0.0534787 0.0445988 9.9991E-05
9.9946E-05 9.9946E-05 0.0722688 0.120591 9.9946E-05 9.9946E-05 0.384172 0.422369 9.9946E-05 9.9946E-05
9.9973E-05 0.01123 9.9973E-05 0.155676 9.9973E-05 0.0114577 0.458379 0.172625 0.0849049 0.105428
9.9973E-05 0.00261359 9.9973E-05 0.177302 0.00395283 0.0708843 0.439756 0.168922 0.136269 9.9973E-05
0.0105508 0.128159 0.0962702 0.135696 9.9973E-05 0.0626339 0.535949 9.9973E-05 0.0304411 9.9973E-05
0.0460912 0.0863945 0.00661175 0.132618 0.0131137 0.0379119 0.470897 0.0858556 9.9991E-05 0.120406
0.0540505 0.0486455 0.047068 0.140874 9.9973E-05 9.9973E-05 0.468123 0.226691 0.0142473 9.9973E-05
9.9955E-05 9.9955E-05 9.9955E-05 0.234187 9.9955E-05 0.0945536 0.435197 0.130306 0.105256 9.9955E-05
0.115463 9.9964E-05 9.9964E-05 0.0752013 0.0176972 0.113117 0.622376 9.9964E-05 0.055746 9.9964E-05
0.059692 9.9973E-05 9.9973E-05 0.0609012 0.0852512 0.0309237 0.576733 9.9973E-05 0.110128 0.0760708
9.9973E-05 0.00376349 0.00219986 0.0663225 9.9973E-05 9.9973E-05 0.470641 0.383657 0.00500817 0.0681083
0.124661 9.9982E-05 0.0611786 0.123676 0.0283709 0.0381134 0.549484 9.9982E-05 0.0605833 0.0137334
0.0217863 9.9982E-05 0.0665494 0.0783178 9.9982E-05 0.0460697 0.527 0.147427 0.0769966 0.0356528
0.0318585 9.9982E-05 0.0860146 0.133845 0.0268969 0.00870162 0.301916 0.289892 0.120676 9.9982E-05
0.00613097 0.0584971 0.033611 0.103643 9.9982E-05 9.9982E-05 0.623963 0.118183 0.00350752 0.0522644
9.9955E-05 9.9955E-05 0.0376193 0.0987406 9.9955E-05 9.9955E-05 0.628519 0.147163 0.0874586 9.9955E-05
9.9973E-05 0.111198 0.0145027 0.273454 9.9973E-05 9.9973E-05 0.124606 0.247712 0.13212 0.0961074
0.0880575 0.0114218 0.156596 0.00265255 9.9982E-05 0.0303799 0.116541 0.398285 0.195866 9.9982E-05
9.9973E-05 0.118636 9.9973E-05 0.0701672 0.00056694 0.0129341 0.442151 0.280932 9.9973E-05 0.0743128
0.122136 0.123518 0.0290888 0.194025 9.9982E-05 0.0589833 9.9982E-05 0.13495 0.258602 0.0784973
0.070159 0.00188303 9.9973E-05 0.159501 0.0351576 9.9973E-05 0.19342 0.467176 0.0724029 9.9973E-05
9.9973E-05 0.132502 9.9973E-05 0.140522 0.0249125 0.0206903 0.383532 0.250299 0.0472431 9.9973E-05
9.9982E-05 0.200581 0.00350876 0.141707 0.0697814 0.00145595 0.215694 0.355719 0.0113532 9.9982E-05
0.00700389 0.05008 9.9973E-05 0.206389 0.0295046 9.9973E-05 0.183442 0.42224 0.101041 9.9973E-05
0.0589275 0.0294303 9.9982E-05 0.066135 0.0850401 9.9982E-05 0.533242 0.181458 0.0028795 0.042688
0.0578266 0.080849 0.167026 9.9982E-05 0.0343304 0.032819 0.577375 0.0224905 9.9982E-05 0.0270842
0.0636732 0.0968116 9.9982E-05 0.0830073 0.0676618 9.9982E-05 0.353136 0.250207 0.0596351 0.0256683
0.0851421 0.101613 0.129079 0.257098 9.9982E-05 0.0242102 0.154249 0.106606 0.141804 9.9982E-05
0.0271968 0.0407574 0.0492921 0.0729927 0.133478 0.0216654 0.534024 0.0711678 0.0493256 9.9991E-05
0.19817 0.0643581 0.094986 9.9973E-05 9.9973E-05 9.9973E-05 0.33643 0.167812 0.0256315 0.112313
0.385622 0.0320875 0.180098 0.0430425 0.0661772 0.0051575 9.9982E-05 0.127092 0.160523 9.9982E-05
0.137223 0.113397 9.9964E-05 9.9964E-05 0.068031 9.9964E-05 0.594456 0.021496 9.9964E-05 0.0649971
0.142082 0.152143 0.136447 0.014044 0.00114929 0.0986984 0.320774 0.0941631 0.0403992 9.9991E-05
0.169514 0.0725156 0.118865 9.9982E-05 0.0585891 0.0324742 0.50238 0.00782369 0.0376385 9.9982E-05
0.292659 0.0485532 0.219103 0.00627721 9.9982E-05 0.0825072 0.221312 0.108463 0.0209262 9.9982E-05
0.436938 0.00633169 0.04999 0.0803405 0.037702 9.9982E-05 0.0807296 0.226129 0.081639 9.9982E-05
0.210412 0.0758972 0.0299513 9.9982E-05 0.0124976 0.00462698 0.391665 0.123252 0.151498 9.9982E-05
0.189156 0.00768927 9.9982E-05 9.9982E-05 0.168776 0.0224605 0.511777 0.0749903 0.000867648 0.0240831
0.25126 0.0664275 0.0131402 0.101061 0.0820255 9.9982E-05 0.353778 0.127529 9.9982E-05 0.00457728
0.319181 0.157578 0.123884 0.0671154 9.9982E-05 0.0549656 9.9982E-05 0.0669576 0.0711785 0.138941
0.105205 0.0706118 0.0282551 0.0547259 0.0612116 9.9991E-05 0.359285 0.0987275 0.0803454 0.141532
0.307045 0.0930833 0.0603029 9.9964E-05 9.9964E-05 0.0269596 0.265186 0.247023 9.9964E-05 9.9964E-05
0.175456 0.0740591 0.0175188 0.048921 9.9973E-05 9.9973E-05 0.415453 0.231932 0.0363605 9.9973E-05
0.155188 9.9964E-05 9.9964E-05 9.9964E-05 0.0434152 9.9964E-05 0.52435 0.0612092 0.163743 0.0516951
0.247371 9.9973E-05 0.0961884 0.000787271 0.22346 9.9973E-05 0.076124 0.0743347 9.9973E-05 0.281434
0.106386 9.9946E-05 0.397325 9.9946E-05 0.398101 9.9946E-05 9.9946E-05 9.9946E-05 9.9946E-05 0.0975891
0.110467 9.9955E-05 0.513563 9.9955E-05 0.273789 9.9955E-05 9.9955E-05 9.9955E-05 0.0257026 0.0759792
0.116728 9.9964E-05 0.208782 0.0127681 0.293953 9.9964E-05 0.0970559 9.9964E-05 9.9964E-05 0.270314
0.388911 9.9946E-05 9.9946E-05 0.0397868 9.9946E-05 9.9946E-05 0.562917 9.9946E-05 0.00778606 9.9946E-05
0.164214 0.0813954 9.9991E-05 0.00717133 0.0537732 0.0873475 0.426873 0.00147931 0.0833886 0.0942578
9.9937E-05 9.9937E-05 9.9937E-05 9.9937E-05 9.9937E-05 9.9937E-05 0.336401 0.0531209 9.9937E-05 0.609779
9.9973E-05 0.0433511 0.0344064 0.0413163 0.00732971 9.9973E-05 0.316807 0.0992508 9.9973E-05 0.457239
9.9982E-05 0.0216785 9.9982E-05 0.0505954 0.106669 0.0200857 0.3451 0.0353722 0.0019479 0.418352
0.512217 0.0687974 0.00820865 0.0117417 9.9982E-05 9.9982E-05 0.244173 0.0104253 0.128868 0.0153688
0.246713 0.0680544 0.0086743 9.9973E-05 0.0703193 9.9973E-05 0.467785 9.9973E-05 0.0553643 0.0827894
0.511387 0.031608 0.0747223 9.9973E-05 9.9973E-05 0.00945745 0.14999 0.0482249 0.17431 9.9973E-05
0.348816 0.0585239 9.9964E-05 9.9964E-05 9.9964E-05 0.00559027 0.560446 0.0209194 0.00530394 9.9964E-05
0.333194 9.9973E-05 9.9973E-05 0.0463487 9.9973E-05 0.00102697 0.4112 0.0550545 0.142912 0.00996396
0.25839 0.00666301 0.111187 0.015771 9.9982E-05 0.0457365 0.512784 0.0236409 0.0256279 9.9982E-05
0.521672 0.0996338 0.0624254 9.9964E-05 9.9964E-05 9.9964E-05 0.124307 0.109303 0.0822593 9.9964E-05
0.144468 0.0969767 9.9964E-05 0.0339489 0.0319334 9.9964E-05 0.61932 9.9964E-05 9.9964E-05 0.0729535
0.168566 0.1252 0.0536116 9.9964E-05 0.097402 9.9964E-05 0.511055 9.9964E-05 9.9964E-05 0.0437662
9.9937E-05 0.0545167 9.9937E-05 9.9937E-05 9.9937E-05 9.9937E-05 9.9937E-05 9.9937E-05 0.000663147 0.944121
9.9937E-05 9.9937E-05 9.9937E-05 9.9937E-05 9.9937E-05 9.9937E-05 0.0537844 9.9937E-05 0.061979 0.883537
0.0479236 9.9973E-05 9.9973E-05 9.9973E-05 0.0498659 0.00503311 0.158387 0.139261 0.00310307 0.596127
9.9946E-05 9.9946E-05 9.9946E-05 0.0210599 9.9946E-05 0.00630579 0.278923 9.9946E-05 9.9946E-05 0.693112
9.9955E-05 0.0815071 9.9955E-05 0.0216558 0.00841232 9.9955E-05 0.127963 9.9955E-05 9.9955E-05 0.759962
9.9928E-05 9.9928E-05 0.00367053 9.9928E-05 9.9928E-05 9.9928E-05 9.9928E-05 9.9928E-05 9.9928E-05 0.99553
9.9955E-05 9.9955E-05 9.9955E-05 0.0172531 0.00399378 0.00930836 9.9955E-05 9.9955E-05 0.0446431 0.924302
9.9928E-05 9.9928E-05 9.9928E-05 9.9928E-05 9.9928E-05 9.9928E-05 0.176548 9.9928E-05 9.9928E-05 0.822653
9.9937E-05 9.9937E-05 9.9937E-05 9.9937E-05 9.9937E-05 0.0179269 9.9937E-05 0.0359197 9.9937E-05 0.945454
9.99201E-05 9.99201E-05 9.99201E-05 9.99201E-05 9.99201E-05 9.99201E-05 9.99201E-05 9.99201E-05 9.99201E-05 0.999101
9.99201E-05 9.99201E-05 9.99201E-05 9.99201E-05 9.99201E-05 9.99201E-05 9.99201E-05 9.99201E-05 9.99201E-05 0.999101
0.00287908 9.9955E-05 9.9955E-05 9.9955E-05 0.0596174 9.9955E-05 0.214539 0.0018461 9.9955E-05 0.720619
9.9964E-05 9.9964E-05 0.027509 0.00783878 0.0799677 0.0121637 0.105473 9.9964E-05 9.9964E-05 0.766648
9.9928E-05 0.0272868 9.9928E-05 9.9928E-05 9.9928E-05 9.9928E-05 9.9928E-05 9.9928E-05 9.9928E-05 0.971914
9.9964E-05 0.0568438 9.9964E-05 0.0660198 0.0507504 9.9964E-05 0.366711 0.103644 9.9964E-05 0.355632
0.0847068 0.018632 0.0126927 0.053838 0.0197682 9.9973E-05 0.227513 9.9973E-05 9.9973E-05 0.58255
9.9946E-05 9.9946E-05 0.0627813 0.0342416 9.9946E-05 9.9946E-05 0.160262 9.9946E-05 9.9946E-05 0.742116
9.9928E-05 9.9928E-05 9.9928E-05 9.9928E-05 9.9928E-05 9.9928E-05 9.9928E-05 0.0831256 9.9928E-05 0.916075
0.0100307 0.00608418 9.9946E-05 9.9946E-05 9.9946E-05 9.9946E-05 0.0280314 9.9946E-05 9.9946E-05 0.955254
9.9955E-05 9.9955E-05 0.0208199 9.9955E-05 0.0345739 0.0005166 0.112788 9.9955E-05 9.9955E-05 0.830801
9.99201E-05 9.99201E-05 9.99201E-05 9.99201E-05 9.99201E-05 9.99201E-05 9.99201E-05 9.99201E-05 9.99201E-05 0.999101
9.9955E-05 0.0556573 9.9955E-05 9.9955E-05 0.0768293 9.9955E-05 0.250969 0.0504103 9.9955E-05 0.565634
9.99534E-05 0.0232887 9.99534E-05 9.99534E-05 0.0267015 9.99534E-05 9.99534E-05 0.0543757 9.99534E-05 0.895034
0.493921 9.9946E-05 0.286428 9.9946E-05 0.217872 9.9946E-05 9.9946E-05 9.9946E-05 9.9946E-05 0.00117943
0.236838 9.9991E-05 0.0912947 0.0146613 0.157869 0.0369862 0.346128 0.0698304 0.0335521 0.012741
0.170118 9.9991E-05 0.0983346 0.0173224 0.116446 0.115286 0.327093 0.016825 0.0323395 0.106135
0.37392 0.0274148 0.20161 9.9982E-05 0.16409 0.000813946 0.170527 9.9982E-05 0.0272254 0.0341989
0.135316 0.0244545 0.0792469 0.0658808 0.0921435 9.9982E-05 0.534117 9.9982E-05 0.0409544 0.0276868
0.352913 9.9973E-05 0.13894 9.9973E-05 0.200548 9.9973E-05 0.159366 0.0446668 0.0308557 0.0724095
0.0923789 9.9991E-05 0.033362 0.0446015 0.180568 0.0471798 0.338058 0.0529435 0.11778 0.0930278
0.402974 0.0250687 0.0903868 9.9973E-05 0.0705618 9.9973E-05 0.178787 9.9973E-05 0.0507869 0.181135
0.26371 9.9973E-05 0.00686934 0.0076636 0.122812 9.9973E-05 0.42001 9.9973E-05 0.047745 0.13089
0.350844 9.9964E-05 0.0448228 9.9964E-05 0.121409 9.9964E-05 0.233095 0.0425517 9.9964E-05 0.206878
0.264349 0.0145683 0.0153 0.00547723 0.203692 9.9982E-05 0.318759 0.0720449 9.9982E-05 0.105609
0.0729368 9.9946E-05 9.9946E-05 0.0745099 0.804586 9.9946E-05 0.0473672 9.9946E-05 9.9946E-05 9.9946E-05
9.9946E-05 9.9946E-05 0.0584875 0.0120808 0.883039 9.9946E-05 9.9946E-05 9.9946E-05 9.9946E-05 0.0457931
0.0285594 0.0101357 0.0311774 0.0211889 0.908439 9.9955E-05 9.9955E-05 9.9955E-05 9.9955E-05 9.9955E-05
9.9946E-05 9.9946E-05 0.050286 0.0017654 0.904905 9.9946E-05 0.0424441 9.9946E-05 9.9946E-05 9.9946E-05
9.9964E-05 9.9964E-05 0.11726 0.0725711 0.795558 9.9964E-05 0.00546091 0.00157163 9.9964E-05 0.0071787
9.9946E-05 9.9946E-05 0.0323596 9.9946E-05 0.85501 9.9946E-05 9.9946E-05 9.9946E-05 0.0443084 0.0677228
9.9955E-05 9.9955E-05 0.00534114 9.9955E-05 0.837145 0.0387761 0.0626289 9.9955E-05 9.9955E-05 0.0556088
0.00749405 0.0357936 0.044083 0.0166893 0.81524 0.00119338 9.9973E-05 9.9973E-05 0.0792063 9.9973E-05
9.9955E-05 0.031641 0.0694502 9.9955E-05 0.843885 9.9955E-05 0.0512641 9.9955E-05 0.00326039 9.9955E-05
0.042636 9.9964E-05 0.0611356 9.9964E-05 0.816548 9.9964E-05 0.0444433 9.9964E-05 0.0113171 0.0235198
9.9955E-05 0.0660137 9.9955E-05 9.9955E-05 0.651976 0.0726112 9.9955E-05 0.184425 0.0244743 9.9955E-05
9.9955E-05 9.9955E-05 9.9955E-05 0.0134254 0.56382 0.171425 9.9955E-05 0.194989 0.0558402 9.9955E-05
0.015612 9.9973E-05 0.0864816 0.00193773 0.460191 0.0927049 9.9973E-05 0.342142 0.00063119 9.9973E-05
0.0586786 0.0162271 9.9964E-05 9.9964E-05 0.483732 0.128142 9.9964E-05 0.29967 0.01315 9.9964E-05
9.9964E-05 0.28338 0.00949473 0.0768758 0.107319 9.9964E-05 0.47462 0.0479097 9.9964E-05 9.9964E-05
9.9973E-05 0.243154 0.01006 9.9973E-05 9.9973E-05 0.115105 0.518285 0.0734584 0.00929485 0.0303425
0.0355011 0.169889 9.9973E-05 0.0926837 9.9973E-05 0.0080758 0.504137 0.156922 0.0324904 9.9973E-05
9.9964E-05 0.13034 0.120581 0.083243 9.9964E-05 0.00992832 0.382687 0.272821 9.9964E-05 9.9964E-05
0.0025088 0.0768817 9.9973E-05 0.41242 9.9973E-05 0.00119114 0.109755 0.323823 0.0731204 9.9973E-05
9.9964E-05 0.108168 9.9964E-05 9.9964E-05 0.0459034 9.9964E-05 0.589822 0.0225263 0.203716 0.0294631
9.9964E-05 0.27459 0.0060196 0.0970677 9.9964E-05 0.0220143 0.578529 0.0213801 9.9964E-05 9.9964E-05
0.0830182 0.247316 0.00112781 0.00634695 9.9982E-05 0.0497869 0.48034 0.102874 0.0289899 9.9982E-05
0.114994 0.545852 9.9946E-05 9.9946E-05 9.9946E-05 9.9946E-05 0.294531 9.9946E-05 9.9946E-05 0.0440241
0.103013 0.121955 9.9982E-05 0.0606134 0.032445 0.0478813 0.599215 9.9982E-05 0.0257127 0.00896418
9.9982E-05 0.275804 9.9982E-05 0.0101065 0.00712998 0.10713 0.369058 0.175355 0.0158901 0.0393269
0.109501 0.659445 9.9955E-05 0.0220441 9.9955E-05 9.9955E-05 9.9955E-05 0.0260217 0.182488 9.9955E-05
9.9982E-05 0.0472678 0.108742 0.0251875 0.0323079 0.0717176 0.51368 0.122941 0.0779558 9.9982E-05
0.120904 0.482764 0.07502 9.9964E-05 9.9964E-05 0.0289753 0.224637 9.9964E-05 0.0672999 9.9964E-05
0.00769443 0.375608 0.0567689 0.0299547 0.0130843 9.9982E-05 0.500794 0.00395357 0.0119419 9.9982E-05
9.9964E-05 0.653054 9.9964E-05 0.069941 0.0549111 0.0117115 0.0561521 0.15383 9.9964E-05 9.9964E-05
9.9955E-05 0.00294071 9.9955E-05 0.0608471 0.034236 0.889007 9.9955E-05 9.9955E-05 9.9955E-05 0.0124696
9.9928E-05 9.9928E-05 9.9928E-05 9.9928E-05 9.9928E-05 0.997694 9.9928E-05 9.9928E-05 9.9928E-05 0.00150619
9.99201E-05 9.99201E-05 9.99201E-05 9.99201E-05 9.99201E-05 0.999101 9.99201E-05 9.99201E-05 9.99201E-05 9.99201E-05
9.9955E-05 9.9955E-05 9.9955E-05 0.0222328 0.00932772 0.9064 9.9955E-05 0.0355137 0.0260263 9.9955E-05
9.9946E-05 9.9946E-05 9.9946E-05 9.9946E-05 9.9946E-05 0.857772 0.0164171 0.114955 9.9946E-05 0.0102563
9.9937E-05 9.9937E-05 9.9937E-05 9.9937E-05 9.9937E-05 0.90268 0.0650058 9.9937E-05 9.9937E-05 0.0316149
9.9964E-05 0.0210169 0.0248592 9.9964E-05 0.827429 0.0088758 0.101967 9.9964E-05 9.9964E-05 0.0154525
9.9973E-05 9.9973E-05 0.0355837 0.0706979 0.776632 0.0112956 0.0257509 0.0263898 9.9973E-05 0.0533506
9.9955E-05 9.9955E-05 0.0154782 9.9955E-05 0.712684 9.9955E-05 0.124847 9.9955E-05 0.0432234 0.103267
9.9964E-05 9.9964E-05 9.9964E-05 0.0515068 0.704544 0.0110327 0.0103714 0.0836235 9.9964E-05 0.138522
0.0496066 9.9964E-05 9.9964E-05 0.049885 0.746304 9.9964E-05 0.0724154 0.0078656 9.9964E-05 0.073524
0.0362887 9.9964E-05 0.00806669 0.33975 0.375312 0.145661 9.9964E-05 0.0945216 9.9964E-05 9.9964E-05
0.101515 0.0370728 9.9964E-05 0.186224 0.442146 0.164019 9.9964E-05 9.9964E-05 0.068623 9.9964E-05
9.9955E-05 0.0611284 9.9955E-05 0.129008 0.398897 0.31188 9.9955E-05 9.9955E-05 0.0985861 9.9955E-05
9.9946E-05 9.9946E-05 9.9946E-05 9.9946E-05 0.783152 0.0125518 0.108454 0.0952426 9.9946E-05 9.9946E-05
0.0518276 0.0675053 9.9964E-05 0.208865 0.360012 0.291499 9.9964E-05 9.9964E-05 0.0198914 9.9964E-05
0.0527917 9.9973E-05 0.165825 0.00677995 0.135873 9.9973E-05 0.299179 9.9973E-05 0.0419489 0.297302
0.0580043 0.0129772 0.0673777 9.9982E-05 0.0986384 0.0303466 0.450001 0.0329907 9.9982E-05 0.249464
9.9964E-05 9.9964E-05 0.0156984 9.9964E-05 0.186384 0.00761404 0.568335 0.0133481 9.9964E-05 0.208221
0.0262758 0.109712 0.0531871 9.9973E-05 0.166522 0.0923864 0.294153 9.9973E-05 9.9973E-05 0.257465
0.0478122 9.9982E-05 0.0108298 0.102401 0.123435 0.00145323 0.551021 9.9982E-05 0.0183939 0.144454
0.10859 9.9955E-05 0.283708 9.9955E-05 0.335415 0.00302308 9.9955E-05 9.9955E-05 9.9955E-05 0.268765
0.144918 9.9964E-05 9.9964E-05 0.0981901 9.9964E-05 0.0343302 0.416491 0.237521 0.0681501 9.9964E-05
0.00957808 0.0721229 0.0803467 0.169952 9.9973E-05 9.9973E-05 0.327155 0.158662 0.181883 9.9973E-05
9.9964E-05 9.9964E-05 9.9964E-05 0.0968359 0.0914639 0.0530897 0.172482 0.582111 0.00361698 9.9964E-05
9.9973E-05 0.145941 0.0218498 0.0585997 9.9973E-05 0.0545359 0.428461 0.0785921 0.21172 9.9973E-05
0.0604605 0.2304 0.166576 0.0211704 9.9973E-05 0.0760196 9.9973E-05 0.093665 0.351409 9.9973E-05
9.9982E-05 0.114861 0.0573394 0.0983085 0.0471234 0.0198669 0.489729 0.103674 0.0688969 9.9982E-05
0.00999761 0.0954438 0.00656352 0.0712968 0.0201488 9.9991E-05 0.384247 0.206781 0.185505 0.0199167
9.9964E-05 9.9964E-05 0.0502381 0.131091 0.00694268 0.0276071 0.221648 0.562073 9.9964E-05 9.9964E-05
0.0436871 0.0368944 0.083291 0.124938 0.0223651 0.00984489 0.431651 0.174491 0.0194531 0.0533833
0.149847 0.128749 0.123577 0.0162037 9.9982E-05 0.0148923 0.0151655 0.419856 0.13151 9.9982E-05
0.104776 0.0617253 9.9982E-05 0.0578196 9.9982E-05 0.116771 0.357031 0.0895914 0.174822 0.0372626
0.0303844 0.0941472 9.9991E-05 0.136848 0.00352575 0.0419915 0.43978 0.170295 0.0554874 0.0274399
9.9982E-05 0.067713 0.128557 0.00479943 0.118108 0.0651864 0.451422 0.061812 9.9982E-05 0.102202
0.037564 0.0144007 0.040327 9.9982E-05 9.9982E-05 0.0391748 0.233622 0.392837 0.225406 0.0164683
9.9973E-05 0.0708403 0.0348227 0.132625 9.9973E-05 0.11985 0.392334 0.20381 0.0454177 9.9973E-05
0.130246 0.0672119 9.9982E-05 0.0649692 9.9982E-05 0.0143891 0.348554 0.112631 0.184275 0.0775236
0.113081 0.188751 9.9964E-05 0.12958 9.9964E-05 0.0303113 0.488534 9.9964E-05 0.0493432 9.9964E-05
9.9991E-05 0.0933519 0.00754625 0.0624743 0.0130675 0.0513545 0.56417 0.0890776 0.0179821 0.100876
9.9964E-05 9.9964E-05 0.11454 0.0841445 9.9964E-05 0.10941 0.616643 0.0737203 0.00114296 9.9964E-05
9.9973E-05 0.0640824 0.0604176 9.9973E-05 0.048786 0.0662766 0.482126 0.260443 0.0175687 9.9973E-05
0.0501536 9.9946E-05 9.9946E-05 9.9946E-05 0.721362 9.9946E-05 0.1285 9.9946E-05 9.9946E-05 0.0993842
0.0203267 9.9955E-05 9.9955E-05 9.9955E-05 0.82279 9.9955E-05 0.0794279 9.9955E-05 0.031911 0.0450444
0.0515017 0.00970491 0.0660082 0.0803334 0.713923 9.9973E-05 0.0731392 9.9973E-05 0.00509016 9.9973E-05
9.9973E-05 0.108754 9.9973E-05 0.015276 0.760856 0.05261 0.00568021 9.9973E-05 0.0121502 0.0443742
0.0246162 9.9946E-05 9.9946E-05 9.9946E-05 0.828032 9.9946E-05 0.117393 9.9946E-05 9.9946E-05 0.0293591
9.9964E-05 9.9964E-05 0.0576518 0.132077 9.9964E-05 0.0612264 0.0625369 0.640367 9.9964E-05 0.0457413
0.0681396 9.9973E-05 0.117618 0.0618545 9.9973E-05 0.0130774 0.486054 0.13939 0.113566 9.9973E-05
0.0965512 9.9982E-05 0.183293 9.9982E-05 0.136252 0.02077 0.390649 0.0235308 0.0446336 0.104121
0.0282801 0.00150218 0.0379474 0.0777477 9.9982E-05 9.9982E-05 0.617382 0.0896087 0.0534676 0.0938642
9.9973E-05 0.0644802 0.0356135 0.121566 0.0674468 9.9973E-05 0.483128 0.165249 0.0622168 9.9973E-05
0.191879 9.9982E-05 0.0589192 0.181791 9.9982E-05 0.0135409 0.172742 0.224437 0.0890241 0.0674662
9.9973E-05 0.0490826 0.113095 0.259655 0.0927367 0.0827675 9.9973E-05 0.395286 0.00707761 9.9973E-05
0.0273554 9.9982E-05 0.0168127 0.142742 0.0104279 0.0785622 0.437282 0.234046 0.0525715 9.9982E-05
0.00345439 0.0254978 9.9982E-05 0.283331 0.059604 9.9982E-05 0.107695 0.26023 0.21833 0.0416575
9.9964E-05 0.0715412 0.228893 0.169204 9.9964E-05 0.0843527 0.404409 9.9964E-05 0.0412001 9.9964E-05
9.9973E-05 9.9973E-05 0.0281293 0.140225 0.115689 0.0955367 0.0442203 0.437597 0.138303 9.9973E-05
0.0124627 9.9982E-05 0.0100036 0.208142 0.0516751 0.0665854 0.529875 0.0662818 9.9982E-05 0.0547748
0.00978634 9.9964E-05 9.9964E-05 0.178679 0.0994764 9.9964E-05 0.123188 0.510912 0.0775582 9.9964E-05
0.160709 0.0226071 0.0145011 0.137469 0.0252968 0.0412076 0.27929 0.163616 0.0814911 0.0738121
0.298906 0.00138102 0.0325076 0.0231819 9.9982E-05 0.00118899 0.490334 0.0858272 0.0664729 9.9982E-05
0.630353 0.00326807 9.9973E-05 0.108514 9.9973E-05 0.00971915 0.20852 0.0330294 0.00629622 9.9973E-05
0.362502 9.9964E-05 9.9964E-05 9.9964E-05 0.0691667 0.0151823 0.396199 0.101411 9.9964E-05 0.0551386
0.19726 0.062463 9.9982E-05 9.9982E-05 0.124386 0.0709715 0.434153 0.0620026 0.0274484 0.0211158
0.571057 9.9955E-05 9.9955E-05 9.9955E-05 9.9955E-05 0.00144618 0.262318 0.0880568 0.0766226 9.9955E-05
0.118904 0.0776426 9.9991E-05 0.0265884 0.0424074 0.0429165 0.384875 0.108604 0.0890219 0.10894
0.306279 0.111017 9.9973E-05 0.00346896 0.0111907 0.0269705 0.511844 9.9973E-05 0.0289298 9.9973E-05
0.707429 0.12837 9.9955E-05 0.0848959 9.9955E-05 9.9955E-05 0.0116245 9.9955E-05 0.0671809 9.9955E-05
0.605988 0.0432403 0.0628653 0.039318 9.9982E-05 0.0095874 0.222229 0.00447321 0.0120989 9.9982E-05
0.422839 0.00735493 9.9964E-05 0.0579729 9.9964E-05 0.00903283 0.409147 9.9964E-05 0.0932537 9.9964E-05
0.599844 0.102661 0.0170194 0.0642148 0.00102771 0.0367472 0.0732548 0.0453031 0.0598282 9.9991E-05
0.305657 9.9964E-05 0.0334757 9.9964E-05 0.00524608 0.0180654 0.411209 0.225947 9.9964E-05 9.9964E-05
9.9955E-05 0.109766 0.130353 0.285054 9.9955E-05 9.9955E-05 0.0422777 0.43205 9.9955E-05 9.9955E-05
9.9973E-05 0.0552895 0.0276581 0.267889 9.9973E-05 0.00942821 0.154049 0.130267 0.35512 9.9973E-05
9.9991E-05 0.106011 0.0241532 0.213667 0.0107396 0.00128383 0.270946 0.241433 0.0575399 0.0741254
0.00822361 0.122891 0.0829354 0.117862 9.9973E-05 0.0081573 0.614883 9.9973E-05 9.9973E-05 0.0447475
0.0215236 0.116028 9.9973E-05 0.231702 9.9973E-05 0.011171 0.205631 0.382742 0.0309017 9.9973E-05
0.0134305 0.0485419 0.0667738 0.0449947 0.0731528 0.079223 0.448308 0.142605 0.0828703 9.9991E-05
0.073359 0.040765 0.0638315 0.177564 9.9973E-05 0.0312974 0.557733 0.0551501 9.9973E-05 9.9973E-05
9.9982E-05 0.0939278 0.0631917 0.184819 9.9982E-05 0.0160316 0.450593 0.168746 0.0209886 0.00150276
9.9982E-05 0.0166396 0.0141815 0.143815 9.9982E-05 0.0364622 0.431796 0.159841 0.107967 0.0890973
0.00350844 0.113058 9.9973E-05 0.192288 9.9973E-05 0.0654445 0.373236 0.185378 9.9973E-05 0.0667866
9.9964E-05 0.167325 9.9964E-05 0.301565 9.9964E-05 0.0645145 0.143631 0.234207 9.9964E-05 0.0883572
0.0721796 0.0375897 9.9982E-05 0.352406 9.9982E-05 0.00131712 0.251389 0.116401 0.0750595 0.0934581
9.9964E-05 9.9964E-05 0.0235151 0.143146 9.9964E-05 9.9964E-05 0.582113 0.120432 0.0927794 0.0376147
0.110358 9.9982E-05 0.0209999 0.135353 0.0256107 0.00695163 0.589947 0.03212 0.0784602 9.9982E-05
9.99775E-05 0.0695918 0.0681601 0.152199 9.99775E-05 9.99775E-05 0.377065 0.165442 0.156052 0.0111902
9.9973E-05 9.9973E-05 0.0747293 0.0476397 9.9973E-05 0.0821336 0.364578 0.145023 0.212338 0.0732583
0.070637 9.9982E-05 0.0733717 0.257963 0.00607589 0.0242771 0.276134 0.239863 9.9982E-05 0.0514786
0.0455258 0.109818 0.0135177 0.107734 9.9973E-05 9.9973E-05 0.579204 0.13507 0.00883078 9.9973E-05
9.9982E-05 0.0149627 9.9982E-05 0.116074 0.0376819 0.0632533 0.488892 0.148774 0.0497001 0.0804618
0.0041641 0.121669 0.000605752 0.157352 0.0547767 9.9991E-05 0.412625 0.0639572 0.0697419 0.115009
9.9955E-05 9.9955E-05 0.152781 9.9955E-05 0.229843 9.9955E-05 0.465526 0.0881218 9.9955E-05 0.0632278
0.0213902 0.00759247 0.0573587 0.0581958 0.119068 9.9991E-05 0.38749 0.0242332 0.0746972 0.249875
0.0316712 9.9964E-05 0.149774 9.9964E-05 0.131755 0.0622609 0.58864 0.0354994 9.9964E-05 9.9964E-05
9.9982E-05 0.00265378 0.0479537 9.9982E-05 0.0558243 0.0783302 0.558112 0.0615633 0.0953949 0.0999679
9.9964E-05 9.9964E-05 0.066746 9.9964E-05 0.135274 9.9964E-05 0.422467 0.130229 0.0803491 0.164536
0.158546 9.9973E-05 9.9973E-05 0.0256666 9.9973E-05 0.0107392 0.342785 0.270519 0.175352 0.0160924
9.9982E-05 0.0393173 0.0732344 0.0584985 0.135586 9.9982E-05 0.506183 0.0570799 0.0254215 0.104479
0.175476 0.10922 0.313913 9.9973E-05 0.141653 9.9973E-05 9.9973E-05 0.132088 0.0014957 0.125854
9.9991E-05 0.000530088 0.0464878 0.00849115 0.108132 0.0439271 0.438158 0.193811 0.023442 0.136921
9.9991E-05 0.0163251 0.101763 0.0106254 0.0506161 0.0249727 0.55271 0.0913609 0.0534798 0.0980466
0.0526151 0.00454551 0.00833685 0.00158346 0.0486265 9.9991E-05 0.463097 0.113806 0.0683739 0.238915
0.0514731 9.9991E-05 0.236855 0.0385178 0.0745603 0.0154611 0.267595 0.137175 0.0627925 0.115471
0.0088358 9.9973E-05 0.0360751 9.9973E-05 0.187718 9.9973E-05 0.474469 0.0974614 0.017415 0.177726
0.0409518 9.9991E-05 0.0482989 0.0469948 0.146695 0.0616538 0.494334 0.0250666 0.0139947 0.12191
9.9946E-05 0.0928288 0.480171 9.9946E-05 0.308663 9.9946E-05 9.9946E-05 9.9946E-05 9.9946E-05 0.117737
9.9964E-05 0.0148153 0.198088 9.9964E-05 0.0964589 9.9964E-05 0.485291 9.9964E-05 0.0546707 0.150276
0.0028122 9.9973E-05 0.159526 9.9973E-05 0.0968994 9.9973E-05 0.510189 0.0257023 0.0521501 0.152422
0.0495321 0.0596876 0.0766511 9.9973E-05 0.06364 9.9973E-05 0.585608 9.9973E-05 0.0245446 0.140037
9.9955E-05 9.9955E-05 0.145673 9.9955E-05 0.138452 0.0185258 0.630906 9.9955E-05 9.9955E-05 0.0659434
0.0517502 0.0630574 0.0992502 0.0310696 0.138215 9.9973E-05 0.572753 9.9973E-05 9.9973E-05 0.0436052
0.00625924 0.028402 9.9991E-05 0.00193647 0.0137468 0.016042 0.455293 0.0838541 0.387429 0.00693745
0.0393149 0.0312755 0.00397422 0.112659 0.0685077 9.9982E-05 0.422554 9.9982E-05 0.269198 0.0523169
9.9937E-05 0.0328986 9.9937E-05 9.9937E-05 9.9937E-05 9.9937E-05 9.9937E-05 0.134725 0.831677 9.9937E-05
9.99459E-05 9.99459E-05 9.99459E-05 0.0337684 0.0091726 9.99459E-05 9.99459E-05 0.000502703 0.955957 9.99459E-05
9.9973E-05 0.00237191 9.9973E-05 0.023142 0.0201303 9.9973E-05 0.439413 0.078687 0.371788 0.0641679
0.0616554 9.9973E-05 0.0642807 0.00263294 0.109393 9.9973E-05 0.423574 9.9973E-05 0.128295 0.209869
9.9955E-05 9.9955E-05 0.22384 9.9955E-05 0.0240684 9.9955E-05 0.365172 9.9955E-05 0.147605 0.238815
0.00594824 0.0367554 0.225141 9.9973E-05 0.137579 9.9973E-05 0.165999 9.9973E-05 0.185869 0.242409
9.9964E-05 9.9964E-05 0.122438 9.9964E-05 0.108467 9.9964E-05 0.350882 0.0626984 0.151049 0.204066
0.0258319 9.9973E-05 0.197225 9.9973E-05 0.00839913 0.0146513 0.0886848 9.9973E-05 0.624184 0.0407242
9.9946E-05 9.9946E-05 0.162461 9.9946E-05 0.0571732 9.9946E-05 0.204277 9.9946E-05 0.575488 9.9946E-05
9.9964E-05 9.9964E-05 0.0523108 9.9964E-05 9.9964E-05 0.0134922 0.577115 0.0223775 0.298596 0.0357085
9.9955E-05 9.9955E-05 9.9955E-05 9.9955E-05 0.093617 0.00910898 0.464953 9.9955E-05 0.392467 0.0393539
9.9955E-05 9.9955E-05 0.134963 9.9955E-05 9.9955E-05 0.00854533 0.187873 9.9955E-05 0.606736 0.0613829
9.9973E-05 0.0636255 0.0521296 0.0476345 0.0479602 9.9973E-05 0.490229 9.9973E-05 0.229443 0.0686779
0.0278737 0.00449024 9.9955E-05 9.9955E-05 9.9955E-05 9.9955E-05 0.468659 9.9955E-05 0.383143 0.115335
0.0842272 9.9982E-05 0.0801994 0.0380858 0.0346068 9.9982E-05 0.455185 0.065608 0.21156 0.0303279
0.0393164 0.00555347 9.9973E-05 9.9973E-05 0.0112827 0.050321 0.278261 0.0364646 0.578501 9.9973E-05
0.107523 0.0261885 9.9973E-05 0.0595867 0.0119695 9.9973E-05 0.337784 0.0503483 0.406301 9.9973E-05
0.135041 9.9964E-05 9.9964E-05 0.0564035 9.9964E-05 0.01511 0.489334 9.9964E-05 0.298377 0.00533453
0.133118 0.0133212 9.9973E-05 0.0599502 9.9973E-05 0.0498376 0.349301 9.9973E-05 0.341164 0.0530079
0.0665601 9.9982E-05 0.144949 9.9982E-05 0.0728102 0.0328096 0.353302 0.220036 0.0908812 0.0184521
0.0543897 0.0247825 0.0363951 9.9955E-05 9.9955E-05 9.9955E-05 0.439841 9.9955E-05 0.444092 9.9955E-05
0.0609177 9.9955E-05 9.9955E-05 0.0345194 9.9955E-05 0.0265394 0.147211 9.9955E-05 0.730313 9.9955E-05
9.9955E-05 0.0129655 0.0284378 9.9955E-05 0.0259653 9.9955E-05 0.596535 9.9955E-05 0.335597 9.9955E-05
9.9937E-05 9.9937E-05 9.9937E-05 9.9937E-05 9.9937E-05 0.0344955 0.181822 9.9937E-05 0.782982 9.9937E-05
0.015261 9.9955E-05 9.9955E-05 9.9955E-05 0.0366307 0.0453338 0.316721 9.9955E-05 0.585553 9.9955E-05
0.000797853 0.103278 0.0736911 0.0353633 0.0551329 9.9973E-05 0.475988 9.9973E-05 0.255449 9.9973E-05
9.9964E-05 0.092746 9.9964E-05 0.00471297 0.00409695 0.0130698 0.559582 9.9964E-05 0.325392 9.9964E-05
0.0249265 0.0763151 0.0981074 0.00153524 0.0974169 9.9991E-05 0.572882 0.0334948 0.0183509 0.0768712
0.106615 0.0579013 9.9982E-05 9.9982E-05 0.139158 0.0427229 0.430927 0.0472012 0.0682856 0.106989
0.161019 9.9991E-05 0.109131 0.00708103 0.0993423 0.0409158 0.240001 0.0562289 0.0370897 0.249091
0.109628 9.9982E-05 0.0436674 9.9982E-05 0.101511 0.0393696 0.288877 0.204816 0.0227355 0.189197
0.0135542 0.121252 9.9982E-05 0.0567423 0.18284 0.00507673 0.430246 0.0070876 9.9982E-05 0.183002
9.9973E-05 9.9973E-05 0.0623336 0.0131203 0.114639 0.0449608 0.358991 9.9973E-05 0.179771 0.225885
9.9955E-05 9.9955E-05 0.0805399 9.9955E-05 0.106862 0.0516727 9.9955E-05 9.9955E-05 0.60231 0.158116
0.00876826 9.9973E-05 0.0459821 9.9973E-05 0.0792311 0.0220556 0.660138 9.9973E-05 0.070998 0.112527
0.0295398 9.9955E-05 0.180754 9.9955E-05 0.303833 9.9955E-05 9.9955E-05 9.9955E-05 0.39019 0.0951834
9.9946E-05 9.9946E-05 9.9946E-05 9.9946E-05 0.0356063 9.9946E-05 0.442967 9.9946E-05 0.32784 0.192986
9.9937E-05 0.17523 9.9937E-05 9.9937E-05 9.9937E-05 9.9937E-05 0.020347 9.9937E-05 0.803724 9.9937E-05
9.9937E-05 0.0321873 9.9937E-05 9.9937E-05 9.9937E-05 9.9937E-05 9.9937E-05 0.0604294 0.906684 9.9937E-05
