0.122598 9.9955E-05 0.0273962 0.0572277 9.9955E-05 0.742969 9.9955E-05 9.9955E-05 9.9955E-05 0.0493091
0.195223 9.9955E-05 9.9955E-05 9.9955E-05 0.00335127 0.733734 9.9955E-05 0.0409463 9.9955E-05 0.0262458
0.0907262 0.0645768 0.0316155 0.038921 9.9973E-05 0.703301 9.9973E-05 9.9973E-05 0.00464274 0.0659173
0.160529 9.9964E-05 0.055375 0.0717022 0.0435034 0.601922 9.9964E-05 9.9964E-05 9.9964E-05 0.0665677
0.114057 0.0553006 0.0287843 9.9955E-05 9.9955E-05 0.756395 9.9955E-05 0.0449634 9.9955E-05 9.9955E-05
0.903643 0.0352689 9.9955E-05 9.9955E-05 0.0118078 9.9955E-05 0.00997589 9.9955E-05 0.0388043 9.9955E-05
0.999101 9.99201E-05 9.99201E-05 9.99201E-05 9.99201E-05 9.99201E-05 9.99201E-05 9.99201E-05 9.99201E-05 9.99201E-05
0.985743 9.9937E-05 9.9937E-05 0.0114951 9.9937E-05 9.9937E-05 9.9937E-05 9.9937E-05 9.9937E-05 0.00206236
0.0862855 9.99549E-05 9.99549E-05 0.0336276 9.99549E-05 0.760118 0.0347409 9.99549E-05 0.0847279 9.99549E-05
0.946546 0.034928 0.0178267 9.99369E-05 9.99369E-05 9.99369E-05 9.99369E-05 9.99369E-05 9.99369E-05 9.99369E-05
0.823016 9.9955E-05 9.9955E-05 0.00622079 0.050166 0.119776 0.000322036 9.9955E-05 9.9955E-05 9.9955E-05
0.0574515 0.102894 0.0470344 9.9955E-05 0.75298 9.9955E-05 9.9955E-05 9.9955E-05 0.0391404 9.9955E-05
9.9955E-05 0.48326 0.0231795 0.0193716 0.45346 9.9955E-05 9.9955E-05 9.9955E-05 9.9955E-05 0.020229
0.0157746 0.112582 0.0624079 9.9964E-05 0.76564 9.9964E-05 9.9964E-05 0.0276577 9.9964E-05 0.015538
9.9955E-05 0.149604 0.166305 9.9955E-05 0.618769 0.00973603 9.9955E-05 0.055086 9.9955E-05 9.9955E-05
0.114806 0.356023 0.0744588 9.9973E-05 0.380494 0.0291858 9.9973E-05 0.0305838 9.9973E-05 0.0141488
0.0190989 0.495446 0.0349004 9.9982E-05 0.319069 0.0149166 0.0188303 0.0860009 9.9982E-05 0.0115382
0.0347443 0.311512 0.0988826 0.0641815 0.370198 9.9982E-05 0.00914843 9.9982E-05 0.089595 0.0215386
0.0138699 0.256668 0.0282196 9.9955E-05 0.573039 0.127703 9.9955E-05 9.9955E-05 9.9955E-05 9.9955E-05
0.0211478 9.9946E-05 9.9946E-05 0.0320813 0.887969 9.9946E-05 0.0582021 9.9946E-05 9.9946E-05 9.9946E-05
9.9973E-05 0.30717 0.091893 0.0349604 0.422513 9.9973E-05 0.00436719 0.0365404 0.102256 9.9973E-05
9.9973E-05 0.491226 9.9973E-05 0.06799 0.202796 9.9973E-05 0.0996656 0.0459788 0.0695583 0.0224854
9.9964E-05 0.542414 9.9964E-05 0.0473951 0.317071 0.0468591 0.0134279 0.0324326 9.9964E-05 9.9964E-05
0.0557767 0.195243 0.0593484 9.9973E-05 0.655697 9.9973E-05 0.00616491 9.9973E-05 0.0191601 0.00830981
9.9973E-05 0.519905 0.0609558 9.9973E-05 0.186029 0.0755638 0.0733454 0.0597671 9.9973E-05 0.0241346
9.9955E-05 0.359104 0.140736 9.9955E-05 0.428488 9.9955E-05 0.0532326 9.9955E-05 9.9955E-05 0.0179398
9.9937E-05 9.9937E-05 0.126917 9.9937E-05 0.862093 9.9937E-05 9.9937E-05 9.9937E-05 9.9937E-05 0.0102907
0.0620256 0.0266488 0.172422 9.9946E-05 0.738304 9.9946E-05 9.9946E-05 9.9946E-05 9.9946E-05 9.9946E-05
9.9964E-05 0.13928 9.9964E-05 0.00993102 0.731242 0.0210827 0.0916267 0.00643765 9.9964E-05 9.9964E-05
9.99201E-05 9.99201E-05 9.99201E-05 9.99201E-05 9.99201E-05 9.99201E-05 9.99201E-05 9.99201E-05 9.99201E-05 0.999101
9.99201E-05 9.99201E-05 9.99201E-05 9.99201E-05 9.99201E-05 9.99201E-05 9.99201E-05 9.99201E-05 9.99201E-05 0.999101
9.9964E-05 0.108312 0.0240422 0.00170746 9.9964E-05 0.51364 9.9964E-05 9.9964E-05 0.0268278 0.325071
0.117586 0.0413762 0.0743086 9.9964E-05 9.9964E-05 0.423388 9.9964E-05 9.9964E-05 0.0455754 0.297367
0.00296851 0.472647 9.9982E-05 9.9982E-05 0.213921 0.0328918 0.0213781 0.0258454 0.220007 0.0101411
0.0697939 0.407496 0.0758513 0.0656108 9.9982E-05 0.0665866 0.00584252 9.9982E-05 0.281539 0.0270792
0.0471362 0.532518 0.0241456 9.9982E-05 0.0149963 9.9982E-05 0.00698846 0.0523897 0.297913 0.0237134
9.9964E-05 0.118391 9.9964E-05 0.142216 0.644564 0.0912153 9.9964E-05 9.9964E-05 0.00144643 0.00176811
9.9964E-05 0.214467 0.0761222 0.0151389 9.9964E-05 9.9964E-05 0.125421 0.00883243 0.559619 9.9964E-05
0.0275178 0.49798 0.0368276 9.9973E-05 0.117424 0.0474842 9.9973E-05 9.9973E-05 0.246053 0.0264132
9.9955E-05 0.727946 0.0556347 9.9955E-05 9.9955E-05 0.0162964 0.0765975 9.9955E-05 0.123026 9.9955E-05
0.121462 0.547614 9.9973E-05 0.0969701 9.9973E-05 0.00660904 0.103964 9.9973E-05 0.118641 0.00443983
9.9982E-05 0.502951 0.0204086 0.0853892 0.0301248 0.0578654 0.0775012 9.9982E-05 0.180206 0.0453533
0.026863 0.0445302 0.00181143 0.0272179 0.267993 9.9982E-05 0.00618387 9.9982E-05 0.579312 0.0458879
0.020313 0.620586 9.9973E-05 0.0769529 0.0163116 9.9973E-05 0.204734 0.00906667 0.0517365 9.9973E-05
0.0800414 0.479263 0.0483527 9.9973E-05 9.9973E-05 9.9973E-05 0.00911268 0.00728341 0.29312 0.0825272
9.9964E-05 0.390584 0.150082 9.9964E-05 0.117299 0.0574459 9.9964E-05 9.9964E-05 0.225295 0.0588945
0.030247 0.29286 9.9946E-05 0.00120406 9.9946E-05 9.9946E-05 9.9946E-05 9.9946E-05 0.67509 9.9946E-05
9.9955E-05 0.591417 0.0832904 9.9955E-05 9.9955E-05 0.00988215 0.0337994 9.9955E-05 0.281111 9.9955E-05
0.0635246 0.48786 0.0995532 9.9982E-05 0.0281965 0.0134165 0.0277978 9.9982E-05 0.201246 0.0782062
9.9946E-05 9.9946E-05 9.9946E-05 9.9946E-05 0.002099 0.0527586 0.221482 9.9946E-05 0.723061 9.9946E-05
0.00240981 0.135101 9.9973E-05 0.153795 0.423093 9.9973E-05 0.0452773 0.05173 0.188294 9.9973E-05
0.0308454 0.0414865 9.9973E-05 0.0358278 0.387763 9.9973E-05 0.28824 0.0868149 0.128722 9.9973E-05
9.9973E-05 0.483383 0.0657577 0.0702155 0.0658175 0.137477 9.9973E-05 9.9973E-05 0.12749 0.0495596
0.0163217 0.506174 0.0409041 9.9973E-05 0.197732 0.0688162 0.0764174 0.0933347 9.9973E-05 9.9973E-05
0.0574206 0.514828 0.0933461 0.0266075 0.104824 0.0136292 0.0740219 0.0679983 0.0472245 9.9991E-05
0.0191798 0.154238 9.9982E-05 0.153168 0.250814 0.139285 0.0267454 0.021078 0.235292 9.9982E-05
9.9964E-05 0.509116 9.9964E-05 0.0568192 0.25778 9.9964E-05 0.106043 0.0433914 9.9964E-05 0.0264507
9.9973E-05 0.512359 0.058489 0.0875704 0.189998 0.0484149 0.0539224 9.9973E-05 0.0489466 9.9973E-05
0.0504589 0.279974 9.9991E-05 0.0268367 0.229644 0.0370934 0.0309998 0.141225 0.165102 0.0385673
0.0491696 0.014537 0.0321894 0.0254752 0.489217 0.144204 0.112881 9.9991E-05 0.0885964 0.0436313
0.0251951 0.484422 0.0699938 9.9973E-05 0.213898 9.9973E-05 9.9973E-05 0.0310022 0.138467 0.0367221
0.0425969 0.372279 0.0806401 0.0982121 0.33339 0.00703559 9.9991E-05 0.0094028 0.0180423 0.0383017
9.9973E-05 9.9973E-05 9.9973E-05 0.0538529 0.757266 0.0240975 0.0642327 0.0248965 0.00803066 0.0673241
9.9973E-05 0.422726 0.0534977 0.0346912 0.378761 9.9973E-05 9.9973E-05 0.0838506 0.0228098 0.003364
9.9982E-05 0.557343 0.119239 9.9982E-05 0.108345 0.0338827 0.01747 0.0467298 0.112232 0.00455797
0.0296887 0.513414 0.0247185 9.9973E-05 0.240183 9.9973E-05 9.9973E-05 0.084576 0.066483 0.0406364
0.0143263 0.170759 0.0764825 0.000677631 0.499028 9.9982E-05 0.0844422 0.0827821 0.0713026 9.9982E-05
0.00477117 0.387442 0.0444687 9.9973E-05 0.472952 9.9973E-05 9.9973E-05 0.0300412 0.0244077 0.0356168
0.0700998 0.510752 0.0261174 0.0142834 0.0896716 9.9982E-05 9.9982E-05 0.120812 0.0943802 0.0736837
9.9973E-05 0.154698 9.9973E-05 0.0384314 0.527662 9.9973E-05 0.0234173 0.158147 0.0316807 0.065664
9.9946E-05 0.504126 9.9946E-05 0.0505572 0.0473404 9.9946E-05 9.9946E-05 9.9946E-05 0.397377 9.9946E-05
0.0130639 0.173218 9.9955E-05 9.9955E-05 0.181467 9.9955E-05 9.9955E-05 9.9955E-05 0.614674 0.0170766
9.9982E-05 0.462048 0.0591313 0.0811718 0.0276617 0.115615 9.9982E-05 0.0126019 0.21388 0.0276907
9.9928E-05 9.9928E-05 9.9928E-05 9.9928E-05 9.9928E-05 9.9928E-05 0.153776 9.9928E-05 0.845424 9.9928E-05
9.9946E-05 9.9946E-05 9.9946E-05 9.9946E-05 0.0802209 9.9946E-05 0.0405603 0.0807366 0.797883 9.9946E-05
0.00894132 0.270836 9.9946E-05 9.9946E-05 9.9946E-05 9.9946E-05 9.9946E-05 0.0531825 0.666441 9.9946E-05
9.9946E-05 0.439585 9.9946E-05 9.9946E-05 9.9946E-05 9.9946E-05 0.0434924 9.9946E-05 0.491205 0.0251178
0.00524937 0.447282 0.0208903 9.9991E-05 0.141118 0.082085 0.0242782 0.0230938 0.197716 0.0581868
0.0128786 0.405402 0.0328764 9.9964E-05 0.0808618 9.9964E-05 9.9964E-05 9.9964E-05 0.440154 0.0274265
0.0404787 0.106152 0.0509411 0.0396047 0.172201 9.9964E-05 9.9964E-05 9.9964E-05 0.590222 9.9964E-05
0.0506942 0.231365 9.99549E-05 0.186167 9.99549E-05 0.00907671 9.99549E-05 9.99549E-05 0.522197 9.99549E-05
0.0345877 0.500246 0.0886235 9.9973E-05 9.9973E-05 0.0346687 9.9973E-05 0.0521452 0.261539 0.0278901
0.0152793 0.218493 0.0363413 9.9964E-05 0.155208 9.9964E-05 9.9964E-05 9.9964E-05 0.559052 0.0152264
0.0274192 0.346961 9.9964E-05 9.9964E-05 0.0714339 9.9964E-05 0.00707987 9.9964E-05 0.484573 0.0621325
9.9946E-05 0.365205 9.9946E-05 9.9946E-05 9.9946E-05 9.9946E-05 0.0404282 0.0464394 0.547327 9.9946E-05
9.9955E-05 9.9955E-05 0.000791101 9.9955E-05 9.9955E-05 0.00161299 0.187993 0.0642177 0.744886 9.9955E-05
9.9955E-05 0.546707 0.106073 0.0937971 0.0338657 9.9955E-05 9.9955E-05 9.9955E-05 0.219058 9.9955E-05
0.0868286 0.0602245 0.0344844 0.0113451 0.0705194 0.694151 9.9982E-05 9.9982E-05 0.00101168 0.0412356
0.0517251 0.0577702 9.9946E-05 9.9946E-05 9.9946E-05 0.780532 9.9946E-05 9.9946E-05 9.9946E-05 0.109373
0.0271112 0.0656442 0.0272818 9.9964E-05 0.0100787 0.767376 9.9964E-05 9.9964E-05 9.9964E-05 0.102108
9.9946E-05 0.0620441 9.9946E-05 9.9946E-05 9.9946E-05 0.826167 0.00902801 9.9946E-05 9.9946E-05 0.102161
0.0293873 0.0527274 9.9964E-05 9.9964E-05 0.0393207 0.786659 9.9964E-05 9.9964E-05 0.00586856 0.0856374
0.0563464 0.0444924 0.0126478 0.0206281 9.9973E-05 0.826785 0.0169582 9.9973E-05 9.9973E-05 0.0218422
0.109816 0.0382889 9.9955E-05 9.9955E-05 9.9955E-05 0.781917 9.9955E-05 0.0178223 9.9955E-05 0.0516554
9.9964E-05 0.413137 0.0970831 9.9964E-05 0.0388146 0.103123 9.9964E-05 9.9964E-05 0.340532 0.00690995
0.09558 0.598773 0.0185315 9.9973E-05 0.131618 9.9973E-05 0.0813853 9.9973E-05 0.04193 0.0318823
9.9937E-05 9.9937E-05 9.9937E-05 9.9937E-05 0.187229 0.0179826 9.9937E-05 9.9937E-05 0.794089 9.9937E-05
0.0681002 0.557234 0.0171053 9.9982E-05 0.047099 9.9982E-05 0.0584992 0.0780338 0.122399 0.0513291
0.023594 0.413155 9.9955E-05 9.9955E-05 0.189145 9.9955E-05 9.9955E-05 9.9955E-05 0.351813 0.0217927
9.9973E-05 0.551447 9.9973E-05 0.00969708 9.9973E-05 0.0284304 0.0529164 0.0338019 0.280645 0.042762
9.9955E-05 0.542411 9.9955E-05 9.9955E-05 9.9955E-05 0.0221334 9.9955E-05 0.110705 0.273131 0.051119
0.00303573 0.389403 0.093143 9.9973E-05 9.9973E-05 9.9973E-05 0.00388992 0.0620748 0.432865 0.0152883
9.9946E-05 9.9946E-05 9.9946E-05 0.0221861 0.261561 9.9946E-05 9.9946E-05 0.0662775 0.649376 9.9946E-05
9.9973E-05 0.44731 0.0937208 0.0276316 0.0157307 0.107081 9.9973E-05 0.0928301 0.215396 9.9973E-05
0.0634356 0.594858 0.0477061 9.9982E-05 0.0222192 0.0338691 0.0262428 0.0165735 0.194896 9.9982E-05
0.011544 0.529005 0.101155 0.0531521 9.9991E-05 0.0500795 0.0603155 0.073927 0.0952942 0.0254271
9.9964E-05 0.25548 9.9964E-05 9.9964E-05 0.0309609 9.9964E-05 0.105487 0.0760484 0.493249 0.0383745
0.0395255 0.442925 9.9946E-05 9.9946E-05 9.9946E-05 9.9946E-05 9.9946E-05 0.0638291 0.453121 9.9946E-05
9.9973E-05 0.4052 0.00512672 0.0230823 0.100594 9.9973E-05 0.0119214 9.9973E-05 0.406173 0.0476023
9.9955E-05 0.190511 0.151704 9.9955E-05 0.0134308 9.9955E-05 9.9955E-05 0.0506806 0.593174 9.9955E-05
0.0582376 0.388488 9.9955E-05 0.0798498 9.9955E-05 0.0363594 9.9955E-05 9.9955E-05 0.436565 9.9955E-05
9.9982E-05 0.512278 0.0184003 0.0641324 9.9982E-05 0.124506 0.0215597 0.0431042 0.208292 0.00752681
0.0641464 0.17979 0.00313788 0.111667 0.291446 9.9973E-05 0.108703 0.24081 9.9973E-05 9.9973E-05
9.9973E-05 0.370505 0.0634281 0.149132 0.213407 0.0536627 0.0802397 9.9973E-05 9.9973E-05 0.0693254
9.9991E-05 0.439464 0.0964793 0.0790075 0.149267 0.0677972 0.0422222 0.0516946 0.0704746 0.00349324
0.0247649 0.474277 0.129117 0.152252 0.00210705 9.9991E-05 0.101205 0.0841033 0.00902941 0.0230435
0.0228535 0.440247 9.9973E-05 0.0747842 0.407789 9.9973E-05 0.0118025 9.9973E-05 0.00463244 0.0375911
0.0633263 0.556864 9.9964E-05 0.099853 0.215844 9.9964E-05 9.9964E-05 0.0629261 9.9964E-05 0.000786491
0.00358808 0.4813 9.9964E-05 0.204294 0.186538 0.0453682 9.9964E-05 0.0785126 9.9964E-05 9.9964E-05
9.9964E-05 0.510837 9.9964E-05 0.0891822 9.9964E-05 0.0806318 9.9964E-05 0.124057 0.181053 0.0138388
0.0142533 0.586335 0.0875231 0.0662903 0.102255 0.006562 0.0565985 9.9991E-05 0.0772286 0.00285364
9.9973E-05 0.513045 9.9973E-05 9.9973E-05 0.252174 0.0277965 0.0124035 0.0988195 0.0224432 0.0730191
9.9955E-05 0.547715 9.9955E-05 0.186548 0.17904 9.9955E-05 0.0066889 9.9955E-05 0.0795091 9.9955E-05
0.00318963 0.617493 0.0498865 0.0871082 9.9982E-05 9.9982E-05 0.0625284 0.0352761 0.0884757 0.0558427
0.052379 0.499822 0.0332931 0.0676107 0.0265795 0.144239 0.0881855 0.0661454 9.9991E-05 0.0216453
0.00843664 0.527593 0.0385625 0.0996993 0.123997 9.9982E-05 9.9982E-05 0.121615 0.0700725 0.00982364
9.9964E-05 0.5666 0.0217021 0.107608 9.9964E-05 9.9964E-05 0.1176 0.162857 9.9964E-05 0.0232325
9.9973E-05 0.518005 0.0793857 0.13299 0.096611 9.9973E-05 0.0340719 0.0955029 9.9973E-05 0.0431334
9.9973E-05 0.359055 0.00102319 9.9973E-05 0.368101 0.12037 0.0923618 0.0553714 9.9973E-05 0.00341717
0.027347 0.606589 0.0413676 0.159057 0.0993876 9.9991E-05 0.0465276 0.00939155 0.00460884 0.00562427
9.9964E-05 0.689331 9.9964E-05 0.0761886 0.139287 0.0230721 0.030151 0.04157 9.9964E-05 9.9964E-05
0.0926226 0.172978 0.0659429 0.0934458 0.349338 9.9982E-05 9.9982E-05 0.10162 0.119707 0.00414591
9.9964E-05 0.158991 0.0541257 0.139035 0.23777 9.9964E-05 0.170041 0.239638 9.9964E-05 9.9964E-05
0.0403232 0.455517 0.0790143 0.0827049 0.161411 9.9982E-05 0.0250438 0.0877253 0.0680612 9.9982E-05
9.9982E-05 0.0334363 0.0486906 0.250451 0.0411195 9.9982E-05 0.159311 0.222788 0.216851 0.0271527
9.9964E-05 0.245003 9.9964E-05 0.0619968 0.514286 0.0623074 9.9964E-05 0.0962914 0.0197165 9.9964E-05
9.9964E-05 0.384642 9.9964E-05 0.0972166 0.311442 0.0283356 9.9964E-05 0.0058877 0.172077 9.9964E-05
9.9964E-05 0.325854 9.9964E-05 0.192663 0.375289 9.9964E-05 9.9964E-05 0.00524419 0.0444243 0.0561264
9.9964E-05 0.306141 0.0096361 0.250549 0.355975 9.9964E-05 9.9964E-05 0.0170436 0.0602552 9.9964E-05
0.0814596 0.590022 9.9982E-05 0.0455304 0.121405 9.9982E-05 0.045408 0.0145242 0.0779107 0.0235395
0.04986 0.401247 0.106775 0.0395042 0.154504 0.0313485 0.0517184 0.0833699 0.0548944 0.0267793
9.9982E-05 0.499073 0.023986 0.103147 0.0671737 0.0939088 9.9982E-05 0.072062 0.126583 0.0138669
9.9973E-05 0.0906762 0.0591701 0.176207 0.282686 9.9973E-05 0.184106 0.084953 0.121901 9.9973E-05
9.99738E-05 0.439425 9.99738E-05 0.0711454 0.00838769 0.143318 0.090092 9.99738E-05 0.222083 0.0252488
9.9973E-05 0.437816 0.021164 0.0262842 0.072587 9.9973E-05 0.231435 9.9973E-05 0.207016 0.00339824
0.0663853 9.9982E-05 9.9982E-05 0.130008 0.104242 0.0418989 0.510478 0.0457021 0.0854938 0.0155914
0.0270026 0.584318 0.0149506 9.9991E-05 0.0552117 0.0677205 0.11187 0.107316 0.0309704 0.000540376
9.9964E-05 0.322554 9.9964E-05 0.106897 9.9964E-05 0.113134 0.166138 0.153398 0.13748 9.9964E-05
9.9982E-05 0.53517 0.0208005 0.0225822 0.0637007 0.0455858 0.212812 0.0150314 0.0841175 9.9982E-05
0.0415895 0.308887 9.9982E-05 0.117641 0.0670148 0.0121618 0.322287 9.9982E-05 0.115783 0.0144361
0.0288882 0.221753 9.9982E-05 0.102287 0.0655349 9.9982E-05 0.408755 0.0699943 0.0848671 0.0177195
9.9973E-05 0.41923 9.9973E-05 0.074849 0.0712685 0.0307518 0.224328 0.0849081 0.0943644 9.9973E-05
0.0137897 0.443726 0.0862917 0.118965 0.0104044 9.9982E-05 0.241264 0.0694946 0.0158643 9.9982E-05
0.0605241 0.380114 0.0549935 9.9973E-05 0.167624 0.152805 0.0863954 9.9973E-05 0.0972439 9.9973E-05
9.9964E-05 9.9964E-05 0.148161 0.00737683 0.274759 9.9964E-05 0.378807 0.0156716 0.174824 9.9964E-05
0.0458996 0.429106 0.128249 0.00138325 0.107663 0.0166405 9.9982E-05 0.115454 0.155406 9.9982E-05
9.9955E-05 0.40186 9.9955E-05 0.0357891 0.166208 9.9955E-05 0.337888 9.9955E-05 0.0577556 9.9955E-05
9.9973E-05 0.443849 0.0231022 0.0321204 0.0803902 9.9973E-05 0.131819 0.109367 0.179052 9.9973E-05
9.9982E-05 0.564784 0.0110003 0.00115183 9.9982E-05 0.095609 0.0470737 0.0723806 0.166662 0.0411388
0.016466 0.164572 0.204495 9.9973E-05 0.042777 0.248636 0.259584 9.9973E-05 9.9973E-05 0.0631701
0.15412 9.9955E-05 0.145294 9.9955E-05 9.9955E-05 0.341959 0.344013 9.9955E-05 9.9955E-05 0.014114
0.0674131 9.9955E-05 0.146291 9.9955E-05 9.9955E-05 0.300398 0.452603 9.9955E-05 9.9955E-05 0.0327961
0.110108 0.0577893 0.324756 0.0275396 9.9973E-05 0.273766 0.190464 9.9973E-05 9.9973E-05 0.0152771
9.9955E-05 0.652492 9.9955E-05 0.00810464 9.9955E-05 9.9955E-05 0.27434 0.00633133 0.0582324 9.9955E-05
0.0308732 0.586155 0.0755415 0.0345204 9.9991E-05 0.0431341 0.0459606 0.0312163 0.128544 0.0239554
9.9937E-05 0.250884 0.728398 9.9937E-05 0.0200178 9.9937E-05 9.9937E-05 9.9937E-05 9.9937E-05 9.9937E-05
9.9964E-05 0.34478 0.458494 0.0350535 0.126114 9.9964E-05 9.9964E-05 0.024003 9.9964E-05 0.0111555
0.009128 0.311139 0.445975 0.0799877 0.00124173 9.9982E-05 9.9982E-05 0.0570734 0.0669444 0.0283119
0.0523927 0.336955 9.9955E-05 9.9955E-05 9.9955E-05 9.9955E-05 0.372525 0.140328 0.0973 9.9955E-05
0.0563865 0.469092 0.0548646 0.11461 9.9982E-05 9.9982E-05 0.142768 0.111036 0.0196416 0.0314007
9.9955E-05 0.196064 9.9955E-05 9.9955E-05 0.0596203 9.9955E-05 0.520649 0.0976257 0.125541 9.9955E-05
9.9964E-05 0.601272 9.9964E-05 9.9964E-05 0.0481846 0.000885234 0.246192 0.0447247 0.0583421 9.9964E-05
0.0236784 0.53355 0.018087 0.0340491 0.0254243 9.9991E-05 0.166969 0.168092 0.00829494 0.0217548
9.9964E-05 0.613197 9.9964E-05 0.0688201 0.0234982 9.9964E-05 0.205149 0.0478953 9.9964E-05 0.0410413
9.9964E-05 0.215466 9.9964E-05 0.0202929 0.130864 9.9964E-05 0.508309 0.0420801 0.0825873 9.9964E-05
9.9982E-05 0.630491 0.0665606 0.0383473 9.9982E-05 0.0696809 0.0872954 0.0275809 0.0783643 0.00147986
0.114622 0.41088 0.134865 0.0225013 0.0240457 9.9991E-05 0.128387 0.0207701 0.140072 0.00375566
9.9928E-05 9.9928E-05 0.931713 9.9928E-05 9.9928E-05 9.9928E-05 9.9928E-05 9.9928E-05 0.0674879 9.9928E-05
9.9946E-05 0.0296359 0.930075 0.0292838 9.9946E-05 9.9946E-05 9.9946E-05 9.9946E-05 0.0104058 9.9946E-05
0.0534228 0.313771 0.476197 9.9982E-05 9.9982E-05 0.0473703 0.0125819 0.00878874 0.0663658 0.021303
0.0496417 0.281252 0.593155 0.0672872 9.9964E-05 0.00653703 9.9964E-05 9.9964E-05 9.9964E-05 0.00172744
9.9955E-05 0.15267 0.772635 0.0207798 0.0485102 9.9955E-05 9.9955E-05 9.9955E-05 0.00490579 9.9955E-05
9.99201E-05 9.99201E-05 0.999101 9.99201E-05 9.99201E-05 9.99201E-05 9.99201E-05 9.99201E-05 9.99201E-05 9.99201E-05
9.9946E-05 9.9946E-05 0.945437 0.0402384 9.9946E-05 0.00637509 9.9946E-05 9.9946E-05 0.00735003 9.9946E-05
9.9928E-05 0.161057 0.838143 9.9928E-05 9.9928E-05 9.9928E-05 9.9928E-05 9.9928E-05 9.9928E-05 9.9928E-05
9.9946E-05 0.028645 0.926643 0.0174643 9.9946E-05 9.9946E-05 9.9946E-05 9.9946E-05 9.9946E-05 0.0266484
9.99201E-05 9.99201E-05 0.999101 9.99201E-05 9.99201E-05 9.99201E-05 9.99201E-05 9.99201E-05 9.99201E-05 9.99201E-05
9.9928E-05 9.9928E-05 0.960314 9.9928E-05 9.9928E-05 9.9928E-05 9.9928E-05 9.9928E-05 9.9928E-05 0.0388864
9.9964E-05 0.148643 0.73298 0.00618412 0.0674363 9.9964E-05 0.0112139 9.9964E-05 9.9964E-05 0.0331426
9.9955E-05 0.157422 0.709657 0.0391681 9.9955E-05 0.063832 9.9955E-05 9.9955E-05 9.9955E-05 0.0294221
9.9928E-05 9.9928E-05 0.941907 9.9928E-05 0.0572935 9.9928E-05 9.9928E-05 9.9928E-05 9.9928E-05 9.9928E-05
9.9973E-05 0.256013 0.394144 0.112655 0.0165587 0.0644511 9.9973E-05 0.0717344 0.0841441 9.9973E-05
9.9964E-05 0.259349 0.644498 0.0265065 9.9964E-05 9.9964E-05 9.9964E-05 0.0183913 0.0255733 0.0252826
9.9964E-05 0.12022 0.806912 0.0334138 9.9964E-05 9.9964E-05 9.9964E-05 0.00225646 0.001441 0.0353574
9.9955E-05 0.150606 0.822879 9.9955E-05 0.0110257 0.0100457 9.9955E-05 9.9955E-05 9.9955E-05 0.00494406
0.00122101 9.9946E-05 0.970424 9.9946E-05 9.9946E-05 0.0271789 9.9946E-05 9.9946E-05 0.000576908 9.9946E-05
0.0889781 0.00989479 0.890096 0.0104311 9.9946E-05 9.9946E-05 9.9946E-05 9.9946E-05 9.9946E-05 9.9946E-05
0.0271545 9.9937E-05 0.963741 9.9937E-05 9.9937E-05 9.9937E-05 9.9937E-05 9.9937E-05 9.9937E-05 0.00840516
0.106103 0.203254 0.569303 0.0476631 0.0126521 9.9973E-05 9.9973E-05 0.021092 0.0396329 9.9973E-05
0.0367008 0.00446848 0.863055 0.0236426 0.0429755 9.9964E-05 9.9964E-05 0.0287579 9.9964E-05 9.9964E-05
0.0201564 9.9955E-05 0.00281506 9.9955E-05 0.0889072 0.299674 0.587948 9.9955E-05 9.9955E-05 9.9955E-05
0.0716937 0.418564 0.100314 0.132373 0.0551804 0.0141019 0.175673 0.0319004 9.99856E-05 9.99856E-05
0.118778 0.375846 0.0603487 0.00966377 0.0107061 0.142911 0.240858 9.9991E-05 0.0287553 0.0120335
0.033164 0.188804 0.0626307 0.0102873 9.9973E-05 0.142827 0.519909 9.9973E-05 9.9973E-05 0.0420787
0.11334 0.453588 0.128926 9.9964E-05 0.11218 9.9964E-05 0.107402 9.9964E-05 0.0841653 9.9964E-05
0.144842 0.206575 0.0863959 9.9982E-05 9.9982E-05 0.0704236 0.4051 0.00612752 0.0406346 0.0397017
0.16816 0.464952 0.0305816 0.0199202 0.0158983 0.0232838 0.197016 0.0160893 0.0248896 0.0392096
0.118248 0.297038 0.131092 9.9964E-05 9.9964E-05 0.0742424 0.322027 9.9964E-05 0.0569536 9.9964E-05
0.126942 0.434275 0.127674 0.0244751 9.9973E-05 9.9973E-05 0.174602 9.9973E-05 0.026657 0.0850757
0.00106341 0.373607 0.143495 9.9964E-05 9.9964E-05 0.0666908 0.372831 9.9964E-05 9.9964E-05 0.0419122
0.125627 0.45005 0.105579 9.9973E-05 0.100093 0.0488851 0.111168 0.0582982 9.9973E-05 9.9973E-05
0.0400486 0.0175374 9.9973E-05 0.0980558 9.9973E-05 0.767249 0.03918 0.0335399 0.00408936 9.9973E-05
0.00186296 9.9964E-05 0.0531496 9.9964E-05 9.9964E-05 0.849285 9.9964E-05 0.0113811 0.00814496 0.0757766
9.9946E-05 9.9946E-05 9.9946E-05 0.0567206 0.00743713 0.906502 9.9946E-05 9.9946E-05 9.9946E-05 0.0287402
0.0105248 0.0125732 9.9946E-05 0.0520417 9.9946E-05 0.924261 9.9946E-05 9.9946E-05 9.9946E-05 9.9946E-05
0.061777 9.9964E-05 0.00769391 0.02965 0.0589191 0.757954 9.9964E-05 9.9964E-05 9.9964E-05 0.0836065
0.0412064 9.9973E-05 0.069007 9.9973E-05 0.00154323 0.811626 9.9973E-05 0.0144607 0.00534821 0.0565089
0.111324 9.9964E-05 0.0580345 9.9964E-05 0.00221939 0.726237 9.9964E-05 9.9964E-05 0.0194405 0.0823449
0.0288198 9.9955E-05 9.9955E-05 9.9955E-05 9.9955E-05 0.812118 0.0387312 0.0814872 9.9955E-05 0.0383437
0.0465052 0.0405116 9.9964E-05 9.9964E-05 0.0493592 0.824278 9.9964E-05 0.00919093 9.9964E-05 0.0297547
9.9955E-05 9.9955E-05 0.0622961 9.9955E-05 0.0129153 0.849214 0.0494902 9.9955E-05 9.9955E-05 0.0255842
0.0929507 9.9964E-05 9.9964E-05 9.9964E-05 0.315505 0.48553 9.9964E-05 0.0205704 0.0383279 0.0467164
0.0979485 9.9964E-05 9.9964E-05 0.123597 0.190643 0.535499 0.00166776 9.9964E-05 0.0502446 9.9964E-05
0.00386785 9.9964E-05 9.9964E-05 0.0329005 0.336599 0.499318 0.0763651 9.9964E-05 9.9964E-05 0.0505499
0.0740686 9.9955E-05 9.9955E-05 0.0855147 0.299204 0.454872 9.9955E-05 9.9955E-05 0.0858409 9.9955E-05
0.0145505 0.496213 9.9982E-05 0.0228471 0.203743 0.0373599 0.00686106 9.9982E-05 0.186915 0.0313101
9.9964E-05 0.429503 0.0303361 9.9964E-05 0.191754 0.0334261 9.9964E-05 0.0266148 0.287966 9.9964E-05
9.9973E-05 0.523718 9.9973E-05 0.0195292 0.138573 0.0271269 9.9973E-05 0.0567945 0.220912 0.0130466
9.9964E-05 0.372131 9.9964E-05 0.0910455 0.170008 0.0284482 0.110492 9.9964E-05 0.227476 9.9964E-05
9.9955E-05 0.118497 9.9955E-05 0.298731 0.457938 9.9955E-05 9.9955E-05 9.9955E-05 0.107395 0.0169386
0.00475512 0.622929 9.9973E-05 9.9973E-05 0.0931459 0.0175516 9.9973E-05 0.0258518 0.212456 0.0230101
0.0058522 0.530162 0.010296 0.0656308 0.0573077 9.9973E-05 9.9973E-05 0.0382356 0.292216 9.9973E-05
0.00620383 0.494173 9.9973E-05 0.0658905 0.0165833 9.9973E-05 0.0773685 0.022295 0.317186 9.9973E-05
9.9955E-05 0.317076 0.0253168 9.9955E-05 9.9955E-05 9.9955E-05 0.0471864 0.0170577 0.592863 9.9955E-05
9.9982E-05 0.513221 0.0403282 0.0666916 9.9982E-05 0.085498 0.011726 0.0200895 0.23687 0.0253757
9.9973E-05 0.381799 9.9973E-05 0.0492389 0.122033 0.0157157 0.029066 0.0967323 0.305115 9.9973E-05
9.9946E-05 9.9946E-05 9.9946E-05 0.0245618 9.9946E-05 9.9946E-05 0.0772771 0.108358 0.789203 9.9946E-05
0.0751004 0.473533 9.9982E-05 0.0359737 0.125111 0.0213225 9.9982E-05 0.0316846 0.226385 0.0106899
9.9964E-05 0.253673 9.9964E-05 9.9964E-05 0.00102823 0.0181273 0.205651 0.0502067 0.470914 9.9964E-05
9.9982E-05 0.454962 0.0239727 0.0405128 0.00306518 0.0166876 0.0885775 9.9982E-05 0.363663 0.0083594
9.9955E-05 0.109745 9.9955E-05 0.0370493 0.196826 0.042127 9.9955E-05 9.9955E-05 0.613753 9.9955E-05
0.0043806 9.9955E-05 0.0265052 0.810861 9.9955E-05 0.0587284 0.099025 9.9955E-05 9.9955E-05 9.9955E-05
0.0512261 0.0841002 9.9955E-05 0.755862 9.9955E-05 0.0117523 0.0965601 9.9955E-05 9.9955E-05 9.9955E-05
0.00680704 0.0285721 9.99655E-05 0.888461 9.99655E-05 9.99655E-05 0.0233827 0.043155 0.00922231 9.99655E-05
0.0143913 9.9955E-05 9.9955E-05 0.842189 9.9955E-05 0.0727717 0.02338 0.046768 9.9955E-05 9.9955E-05
9.9964E-05 0.0637 0.0010953 0.783978 0.0877274 9.9964E-05 0.010795 0.0523044 9.9964E-05 9.9964E-05
0.00543614 0.0970833 0.0439103 0.814746 9.9973E-05 0.0227534 0.0134164 0.00235481 9.9973E-05 9.9973E-05
9.9946E-05 0.124741 0.00119592 9.9946E-05 9.9946E-05 0.84767 9.9946E-05 9.9946E-05 9.9946E-05 0.0257931
0.0924871 0.0724663 0.0280892 9.9973E-05 0.0469166 0.722403 9.9973E-05 0.00472322 9.9973E-05 0.0326144
9.9955E-05 0.102245 0.0812424 9.9955E-05 9.9955E-05 0.725971 0.0333128 9.9955E-05 9.9955E-05 0.0567289
0.00697713 0.040757 0.0982855 0.036912 0.0738287 0.710676 9.9973E-05 9.9973E-05 9.9973E-05 0.0322643
0.06527 0.107466 0.0631639 9.9964E-05 9.9964E-05 0.750816 0.0118941 9.9964E-05 9.9964E-05 0.000989738
0.0945279 9.9973E-05 9.9973E-05 0.439612 0.086433 0.295017 0.00511263 9.9973E-05 0.0526616 0.0263353
0.182619 9.9955E-05 9.9955E-05 0.341682 9.9955E-05 0.329297 9.9955E-05 0.0328482 0.113053 9.9955E-05
0.130571 9.9964E-05 9.9964E-05 0.344066 9.9964E-05 0.32935 9.9964E-05 0.0506139 0.140477 0.00452213
9.99201E-05 9.99201E-05 9.99201E-05 9.99201E-05 9.99201E-05 9.99201E-05 9.99201E-05 9.99201E-05 9.99201E-05 0.999101
0.0915212 9.9973E-05 9.9973E-05 0.471584 9.9973E-05 0.288243 0.0167141 0.0535948 0.0695751 0.00846775
9.9955E-05 0.299797 0.365874 9.9955E-05 9.9955E-05 0.180109 0.132286 0.0214341 9.9955E-05 9.9955E-05
0.0241278 0.508407 0.226717 0.0341268 0.0323974 0.161572 0.00294104 9.9982E-05 9.9982E-05 0.00951096
9.9946E-05 0.523352 0.267257 9.9946E-05 9.9946E-05 0.199878 9.9946E-05 9.9946E-05 9.9946E-05 0.00891241
0.0696712 0.255451 0.282919 9.9991E-05 0.0783346 0.128339 0.0736415 0.0212111 0.0480277 0.0423052
0.011833 0.407153 0.150532 0.0504143 0.096047 0.116568 0.0382932 9.9991E-05 0.100356 0.0287028
0.0116104 9.9964E-05 0.301642 9.9964E-05 0.000741608 0.410505 0.225853 0.0492481 9.9964E-05 9.9964E-05
0.0112043 0.411785 9.9964E-05 0.204996 0.313839 9.9964E-05 9.9964E-05 0.0416094 0.0161655 9.9964E-05
9.9973E-05 0.341462 9.9973E-05 0.170491 0.130299 0.00749303 0.173342 0.135679 0.0409336 9.9973E-05
0.0141731 0.198256 9.9964E-05 0.123813 0.609931 0.0500636 9.9964E-05 9.9964E-05 9.9964E-05 0.00336312
9.9964E-05 0.467387 9.9964E-05 0.102477 0.0535563 9.9964E-05 0.0174527 0.229251 0.129476 9.9964E-05
9.9955E-05 9.9955E-05 9.9955E-05 0.0491482 0.204309 9.9955E-05 0.332578 0.335466 0.0779999 9.9955E-05
9.9973E-05 0.563521 0.006773 0.047081 0.146217 0.116741 0.0538335 0.0655339 9.9973E-05 9.9973E-05
9.9973E-05 0.427531 0.000188322 0.107149 0.21853 9.9973E-05 0.0278863 0.178899 9.9973E-05 0.0395165
0.0229137 0.247642 9.9964E-05 0.122866 0.556217 0.0311081 9.9964E-05 0.0188534 9.9964E-05 9.9964E-05
0.0672476 0.485825 9.9982E-05 0.0689474 0.161556 0.0589017 9.9982E-05 0.00937771 0.0853955 0.0625496
9.9955E-05 0.04782 9.9955E-05 9.9955E-05 0.554268 9.9955E-05 0.204703 0.148954 0.0437552 9.9955E-05
9.9982E-05 0.353347 0.030188 0.0929626 0.146172 0.0233448 0.173369 0.140508 0.0399088 9.9982E-05
9.9991E-05 0.501 0.0334005 0.221899 0.110635 0.00513094 0.0450237 0.0101769 0.0574753 0.0151588
0.143492 0.334046 0.177966 0.0383978 0.107001 9.9973E-05 0.0968871 9.9973E-05 0.101911 9.9973E-05
9.9964E-05 0.324724 9.9964E-05 0.0280928 0.422712 9.9964E-05 0.011943 0.135552 0.0765773 9.9964E-05
0.00365021 0.369518 9.9973E-05 0.167573 0.198269 0.0301785 9.9973E-05 0.132377 0.0981349 9.9973E-05
9.9982E-05 0.506985 0.0420618 0.04489 0.126885 9.9982E-05 0.11338 0.127387 0.0188244 0.0193858
0.0297236 0.507729 9.9973E-05 0.152115 0.0739873 9.9973E-05 0.0570857 0.0337224 0.145337 9.9973E-05
9.9982E-05 0.614798 0.00645569 0.162167 0.0123967 9.9982E-05 0.038158 0.0287796 0.0955947 0.0414504
0.0293435 0.495322 9.9982E-05 0.0917857 0.00724919 0.155811 9.9982E-05 0.0394906 0.168257 0.0125417
9.9973E-05 0.465464 0.0556621 0.054655 0.230155 0.0196017 0.101164 9.9973E-05 9.9973E-05 0.0729984
9.9937E-05 0.181711 0.0343265 9.9937E-05 9.9937E-05 0.783262 9.9937E-05 9.9937E-05 9.9937E-05 9.9937E-05
0.0645861 0.135303 9.9946E-05 9.9946E-05 9.9946E-05 0.766741 9.9946E-05 0.03277 9.9946E-05 9.9946E-05
9.9973E-05 0.0753754 0.00405035 0.0577449 9.9973E-05 0.758562 0.05726 0.0311203 0.0155869 9.9973E-05
0.0120614 0.0538232 0.00893017 0.0588839 9.9973E-05 0.778531 9.9973E-05 9.9973E-05 0.0736173 0.0138533
9.9955E-05 0.134867 0.00836098 9.9955E-05 9.9955E-05 0.796512 9.9955E-05 0.0140213 9.9955E-05 0.0457388
9.9964E-05 0.111385 0.0288783 0.163494 0.661576 0.0294759 0.00479181 9.9964E-05 9.9964E-05 9.9964E-05
9.9973E-05 0.519834 0.0147664 9.9973E-05 0.206315 0.108009 9.9973E-05 0.0742112 0.0323139 0.0442508
0.132026 0.441776 0.117984 9.9973E-05 9.9973E-05 0.110457 0.155207 0.0256662 9.9973E-05 0.0165838
9.9982E-05 0.584033 0.0496135 0.032106 0.170542 0.0144449 0.0636022 9.9982E-05 0.0384787 0.0469798
9.9982E-05 0.426594 0.0287588 0.145646 0.149481 0.0602576 0.0245673 9.9982E-05 0.146103 0.0183923
9.9982E-05 0.27015 0.0149053 0.0891974 0.343871 0.00811316 0.178328 0.068584 9.9982E-05 0.026651
9.9964E-05 9.9964E-05 9.9964E-05 0.245925 0.518126 0.0745176 0.0881451 9.9964E-05 0.00829928 0.0645869
9.9964E-05 0.456131 0.0691759 0.138941 0.214256 0.0182161 9.9964E-05 9.9964E-05 0.10288 9.9964E-05
9.9955E-05 0.157687 9.9955E-05 0.249572 0.401048 0.0903639 9.9955E-05 0.10083 9.9955E-05 9.9955E-05
9.9973E-05 0.390201 0.0412376 0.18127 0.0656895 0.0926307 0.0897181 9.9973E-05 0.138953 9.9973E-05
9.9973E-05 0.0940223 0.00917154 0.198309 0.430679 0.140029 9.9973E-05 0.0930523 0.0344363 9.9973E-05
9.9964E-05 0.64952 0.00943016 0.153489 0.062019 0.113017 9.9964E-05 9.9964E-05 9.9964E-05 0.0121255
9.9982E-05 0.131456 9.9982E-05 0.194206 0.428868 0.0591131 0.0271758 0.014613 0.113873 0.0304953
9.9991E-05 0.305678 0.0173726 0.111846 0.214058 0.023747 0.159156 0.0963782 0.0459354 0.0257285
0.0822792 0.431842 0.00349921 0.0370017 0.135552 9.9991E-05 0.163261 0.015741 0.108513 0.0222119
9.9955E-05 0.285212 9.9955E-05 0.165766 0.0446151 9.9955E-05 0.431532 0.0723746 9.9955E-05 9.9955E-05
0.0172571 0.572283 9.9973E-05 0.000843945 0.100545 9.9973E-05 0.245533 9.9973E-05 0.0347365 0.0285017
0.00554816 0.455349 0.0690949 9.9982E-05 0.138779 0.0991936 0.174823 9.9982E-05 0.0210933 0.0359186
9.9955E-05 0.349379 9.9955E-05 0.109215 0.0150473 9.9955E-05 0.471297 0.0545617 9.9955E-05 9.9955E-05
9.9982E-05 0.441938 0.000685733 0.0775482 0.117691 9.9982E-05 0.0694403 0.0671035 0.131575 0.093817
9.9955E-05 0.503906 9.9955E-05 0.0795991 9.9955E-05 0.00415809 0.321886 0.089951 9.9955E-05 9.9955E-05
9.9955E-05 0.0928434 9.9955E-05 0.103942 9.9955E-05 9.9955E-05 0.559388 0.123299 0.120028 9.9955E-05
9.9964E-05 0.260968 9.9964E-05 0.0316013 0.0123801 9.9964E-05 0.522508 0.0708129 0.101329 9.9964E-05
9.9955E-05 0.553806 9.9955E-05 0.10881 9.9955E-05 9.9955E-05 0.286766 0.0477565 9.9955E-05 0.00236129
0.0362693 0.157371 9.9973E-05 0.0723951 0.0715219 9.9973E-05 0.492635 0.0326576 0.13685 9.9973E-05
9.9955E-05 0.429173 9.9955E-05 0.0728033 0.0960687 9.9955E-05 0.287753 9.9955E-05 0.113703 9.9955E-05
0.00793399 0.0588572 0.0167524 0.224247 0.534306 9.9973E-05 9.9973E-05 9.9973E-05 0.119173 0.0384309
9.9964E-05 0.220634 9.9964E-05 0.168465 0.312575 9.9964E-05 0.00555234 0.240092 0.052283 9.9964E-05
9.9982E-05 0.338099 0.022121 0.138837 0.312084 0.0475741 9.9982E-05 0.0126201 0.0597158 0.0687497
0.0648128 0.63397 0.0224024 0.0504126 0.132298 9.9982E-05 0.00327833 0.0270137 0.0656123 9.9982E-05
9.9955E-05 0.185339 9.9955E-05 0.107831 0.478796 9.9955E-05 0.07712 9.9955E-05 0.150414 9.9955E-05
0.0236128 0.383916 0.0796494 0.125289 0.0655036 0.076915 9.9982E-05 0.148805 0.0961098 9.9982E-05
0.064601 0.4949 0.035565 0.115014 0.133864 9.9973E-05 9.9973E-05 9.9973E-05 0.135183 0.0205734
9.9964E-05 0.553501 0.00875718 0.0731726 0.209107 0.141875 0.0131888 9.9964E-05 9.9964E-05 9.9964E-05
0.00571991 0.46543 0.0720529 0.193999 0.131064 9.9982E-05 9.9982E-05 0.0414304 0.0880231 0.00208084
9.9973E-05 0.416849 0.00402601 0.229929 0.114499 0.0291384 9.9973E-05 9.9973E-05 0.182611 0.0226487
9.9964E-05 0.183283 0.0770646 0.191838 0.434728 9.9964E-05 9.9964E-05 0.00953223 0.103154 9.9964E-05
0.000748447 0.293681 0.109271 0.272343 0.20542 9.9973E-05 9.9973E-05 0.0363801 0.0818567 9.9973E-05
9.9964E-05 0.583899 0.0118394 0.0465635 0.225338 9.9964E-05 9.9964E-05 0.120288 0.011672 9.9964E-05
0.0647466 0.585874 9.9982E-05 0.0211601 0.0682447 0.035111 9.9982E-05 0.0882811 0.107369 0.0290139
0.00120572 0.371266 0.00770079 0.0514808 0.16665 0.0545496 0.0760743 0.112778 0.140809 0.0174858
0.0397079 0.484669 0.0562658 0.161438 0.0875075 9.9973E-05 9.9973E-05 0.142794 0.0273167 9.9973E-05
9.9964E-05 0.344254 9.9964E-05 0.117155 0.359101 0.0922352 0.0395034 9.9964E-05 9.9964E-05 0.0473518
9.9964E-05 0.559652 9.9964E-05 0.0427047 0.196176 0.0827904 9.9964E-05 0.0248671 0.09341 9.9964E-05
9.9982E-05 0.497922 0.00836091 0.0630044 0.217124 0.0569914 9.9982E-05 0.027657 0.0866131 0.0421275
0.0731684 0.392743 0.179151 0.0512714 0.0817484 9.9982E-05 0.0124833 0.175463 9.9982E-05 0.0337717
0.0748309 0.392673 0.081419 9.9982E-05 0.065978 0.275073 0.0717216 9.9982E-05 0.0217954 0.0163096
9.9982E-05 0.401032 0.22178 9.9982E-05 0.0461424 0.099483 0.0585445 0.0859256 0.0607239 0.0261684
0.0676353 0.507133 0.0859883 0.065915 0.0698573 0.0929192 0.0833846 0.0134717 9.9991E-05 0.0135954
0.0553301 0.58216 0.0543024 0.0110899 0.132306 0.0245954 0.0124551 0.123977 9.9991E-05 0.00368411
9.9973E-05 0.323512 0.190343 9.9973E-05 0.174387 0.119775 9.9973E-05 0.0346079 0.106733 0.0503416
9.9955E-05 0.446539 9.9955E-05 9.9955E-05 0.236146 9.9955E-05 0.160916 0.12728 0.0286193 9.9955E-05
0.00714404 0.628678 0.085553 9.9973E-05 9.9973E-05 0.155255 0.0420969 9.9973E-05 0.0303305 0.0506423
9.9964E-05 0.0647163 0.109564 9.9964E-05 0.153827 0.210452 0.423742 9.9964E-05 0.0372999 9.9964E-05
0.0491543 0.486625 0.151104 0.0203726 0.0996326 0.0817465 0.0199458 0.0837329 9.9991E-05 0.00758587
0.0256111 0.514556 0.122974 9.9982E-05 9.9982E-05 0.103936 0.0760108 0.0550481 0.0758109 0.025853
0.0608631 0.452996 0.180364 0.0702193 0.0717176 0.00944386 9.9991E-05 0.0353338 0.114469 0.00449324
0.0729797 0.171939 0.158346 9.9991E-05 0.171946 0.037783 0.164422 0.0330435 0.14486 0.0445808
0.0383018 0.52504 0.113292 9.9973E-05 0.0621513 0.140773 0.0449134 0.0752284 9.9973E-05 9.9973E-05
9.9982E-05 0.581904 0.100181 0.0394797 0.0189859 0.0846354 0.0626942 0.0793127 9.9982E-05 0.0326066
9.9955E-05 9.9955E-05 0.218715 9.9955E-05 9.9955E-05 0.37692 0.328153 9.9955E-05 0.0178066 0.0579059
9.9982E-05 0.447623 0.155178 0.00535599 0.0266224 0.198614 9.9982E-05 0.0203673 0.0426412 0.103398
0.0422969 0.429395 0.203252 9.9973E-05 9.9973E-05 0.131443 9.9973E-05 0.15443 0.0228556 0.0160283
9.9982E-05 0.598407 0.0428479 0.0425871 9.9982E-05 0.08191 0.0331455 0.0153484 0.128489 0.0570655
0.0351026 0.513963 0.147769 9.9964E-05 9.9964E-05 0.185764 0.0859112 9.9964E-05 9.9964E-05 0.0310905
0.114107 0.540994 0.116703 0.066976 0.0325183 0.0778674 9.9982E-05 0.0292181 9.9982E-05 0.0214161
0.00770681 0.34879 0.0132197 0.00510539 0.071786 9.9982E-05 9.9982E-05 0.33612 0.142254 0.074818
0.0717157 0.417133 0.0416998 9.9991E-05 0.10339 0.0199164 0.128402 0.138943 0.0478704 0.03083
9.9946E-05 9.9946E-05 9.9946E-05 9.9946E-05 0.0815985 9.9946E-05 0.0152053 0.793013 0.109584 9.9946E-05
9.9955E-05 9.9955E-05 9.9955E-05 0.00551814 0.0517862 9.9955E-05 0.0178465 0.898322 0.0260269 9.9955E-05
0.0417158 0.339421 0.151853 9.9973E-05 0.0800274 0.031711 9.9973E-05 0.315294 0.0396781 9.9973E-05
9.9973E-05 0.353174 0.279246 9.9973E-05 0.0578666 0.123039 0.0185605 0.104855 0.0629589 9.9973E-05
0.0253376 0.242665 0.331016 9.9973E-05 9.9973E-05 0.0406143 0.0580944 0.271576 9.9973E-05 0.0303963
0.0542849 0.0798377 0.382083 9.9973E-05 0.0627138 0.127094 0.183656 0.110031 9.9973E-05 9.9973E-05
9.9973E-05 0.292321 0.254218 9.9973E-05 0.065436 0.184632 0.0127119 0.179426 9.9973E-05 0.0109552
0.0153945 0.029198 0.0785792 9.9964E-05 9.9964E-05 0.0641998 0.145646 0.666583 9.9964E-05 9.9964E-05
9.9964E-05 0.133835 0.0676375 9.9964E-05 9.9964E-05 0.0764548 0.0368602 0.640312 9.9964E-05 0.0445007
9.9964E-05 0.455121 0.143038 9.9964E-05 0.0124534 9.9964E-05 0.0161725 0.371618 9.9964E-05 0.00119725
0.106466 0.347814 0.0869217 9.9946E-05 9.9946E-05 9.9946E-05 9.9946E-05 0.458198 9.9946E-05 9.9946E-05
9.99595E-05 0.156662 0.0710672 9.99595E-05 9.99595E-05 0.0220301 9.99595E-05 0.705359 9.99595E-05 0.0443816
9.9973E-05 0.446525 0.133694 0.0162504 9.9973E-05 0.03865 9.9973E-05 0.272774 0.0442064 0.0476009
0.00172516 0.498375 0.0967242 9.9955E-05 9.9955E-05 9.9955E-05 9.9955E-05 0.396365 9.9955E-05 0.00631133
0.0542672 0.367176 0.132948 0.0703198 0.0251512 0.0546137 9.9991E-05 0.27374 0.01186 0.00982367
0.0302887 0.268665 9.9955E-05 9.9955E-05 0.131157 9.9955E-05 9.9955E-05 0.537587 0.0318024 9.9955E-05
0.0512502 0.361533 9.9964E-05 9.9964E-05 0.114632 9.9964E-05 9.9964E-05 0.41823 0.038836 0.0151188
0.129029 0.472958 9.9964E-05 0.0436144 0.0472784 9.9964E-05 0.0343875 0.272333 9.9964E-05 9.9964E-05
9.9982E-05 0.290681 0.0655055 0.0868613 0.0493393 9.9982E-05 0.0894009 0.382147 0.020393 0.0154722
0.00500644 0.438992 0.0652491 9.9982E-05 0.16252 0.0446424 0.0605585 0.196578 0.026254 9.9982E-05
9.9964E-05 0.454605 9.9964E-05 9.9964E-05 0.0199001 9.9964E-05 0.184627 0.318265 0.014499 0.0077038
9.9946E-05 0.160464 9.9946E-05 0.0906421 0.0413984 9.9946E-05 9.9946E-05 0.706896 9.9946E-05 9.9946E-05
0.021989 0.519292 9.9964E-05 9.9964E-05 9.9964E-05 0.0180608 9.9964E-05 0.370749 0.0349187 0.0345899
9.9946E-05 0.165597 9.9946E-05 9.9946E-05 0.0379454 9.9946E-05 9.9946E-05 0.761921 0.033937 9.9946E-05
9.9964E-05 0.311208 0.0257928 9.9964E-05 0.0395679 9.9964E-05 0.0191826 0.578649 9.9964E-05 0.0251994
0.0437458 0.532143 0.0216635 9.9982E-05 0.0499378 0.0264348 9.9982E-05 0.225026 0.088377 0.0124724
9.9982E-05 0.402892 0.00321931 0.0528983 9.9982E-05 0.0216418 0.0101266 0.405998 0.0653756 0.0376488
9.9973E-05 0.442815 0.209469 9.9973E-05 0.0891965 0.10553 0.0934145 0.0503359 0.00893875 9.9973E-05
0.0541117 0.398831 0.110394 0.0989888 0.0840436 0.0241405 0.0879171 0.12203 9.9991E-05 0.0194427
9.9982E-05 0.342712 0.184604 0.0717771 0.0048115 0.13886 0.182378 0.0740095 9.9982E-05 0.000648526
0.0316184 0.260313 0.199413 0.0356354 0.0687608 0.106685 0.134452 0.0909972 9.9991E-05 0.0720247
0.0344127 0.410545 0.166393 0.0511469 0.0811331 0.154988 9.9973E-05 9.9973E-05 0.101081 9.9973E-05
0.0693419 0.26494 0.200722 0.0637729 0.0573999 0.118448 0.0225053 0.177604 0.0251651 9.9991E-05
0.168449 9.9973E-05 0.119491 0.020426 9.9973E-05 0.0594576 0.00124991 0.624787 9.9973E-05 0.00583956
0.0558469 0.488514 0.210524 0.0698436 9.9991E-05 0.00523943 0.000635392 0.107111 0.0226672 0.0395188
0.208768 9.9964E-05 0.118636 9.9964E-05 9.9964E-05 0.144992 0.144923 0.365811 9.9964E-05 0.0164701
0.066508 0.417619 0.197348 9.9955E-05 9.9955E-05 0.0198885 9.9955E-05 0.298136 9.9955E-05 9.9955E-05
9.9946E-05 0.0620111 9.9946E-05 9.9946E-05 9.9946E-05 9.9946E-05 0.00491209 0.803588 0.128889 9.9946E-05
9.9937E-05 9.9937E-05 9.9937E-05 9.9937E-05 9.9937E-05 9.9937E-05 9.9937E-05 0.877902 0.110981 0.010417
