9.9964E-05 0.81059 0.0159681 0.0329626 0.0584605 9.9964E-05 0.0816192 9.9964E-05 9.9964E-05
0.0571298 0.919168 9.9955E-05 9.9955E-05 0.0170278 9.9955E-05 9.9955E-05 0.00617474 9.9955E-05
9.9973E-05 0.784918 0.0070749 0.0113188 0.0381758 0.137978 0.0202344 9.9973E-05 9.9973E-05
9.9964E-05 0.728196 0.0907005 0.10656 0.0406214 0.033522 9.9964E-05 9.9964E-05 9.9964E-05
9.9946E-05 0.852581 0.089729 9.9946E-05 9.9946E-05 9.9946E-05 9.9946E-05 0.0570907 9.9946E-05
9.9964E-05 0.528472 0.0604941 0.0260332 0.0381801 9.9964E-05 9.9964E-05 9.9964E-05 0.346421
9.9946E-05 0.801277 9.9946E-05 9.9946E-05 0.00938984 9.9946E-05 9.9946E-05 9.9946E-05 0.188733
9.9955E-05 0.72596 9.9955E-05 0.0124417 0.0132452 9.9955E-05 9.9955E-05 9.9955E-05 0.247853
0.0494057 0.807252 9.99549E-05 0.0805864 9.99549E-05 9.99549E-05 0.062256 9.99549E-05 9.99549E-05
9.9964E-05 0.638379 0.127441 9.9964E-05 0.00118216 9.9964E-05 9.9964E-05 0.0380326 0.194566
9.9955E-05 0.701466 0.00838904 0.0389053 9.9955E-05 9.9955E-05 9.9955E-05 9.9955E-05 0.25074
0.147675 0.00416462 0.0997659 0.463198 9.9973E-05 0.231896 9.9973E-05 9.9973E-05 0.0530006
0.100283 0.00503991 0.0364914 0.246888 0.0437305 0.52978 0.037587 9.9982E-05 9.9982E-05
0.0128493 9.9982E-05 0.0622163 0.462033 0.0373932 0.209688 0.10091 0.11471 9.9982E-05
0.07003 0.00135963 0.0853649 0.325688 0.0467102 0.321321 0.119002 0.0304243 9.9991E-05
0.126719 0.11292 0.153134 0.223977 0.00335594 0.291529 9.9982E-05 9.9982E-05 0.0881652
0.0343999 0.0259397 0.115754 0.134222 0.0024008 0.57692 9.9991E-05 0.00315837 0.107105
0.121423 0.00585074 0.125899 0.161212 0.0565187 0.345207 9.9982E-05 9.9982E-05 0.18369
0.142698 0.0948572 0.107011 0.263173 0.0206024 0.307256 0.0642019 9.9982E-05 9.9982E-05
0.0605495 0.0466264 0.0798381 0.60677 9.9973E-05 9.9973E-05 9.9973E-05 0.00745513 0.198461
0.0783661 9.9982E-05 0.0922177 0.252597 0.0358057 0.399705 0.0281653 9.9982E-05 0.112943
0.0908824 9.9982E-05 9.9982E-05 0.178244 0.0470021 0.39539 0.155212 0.00890438 0.124165
0.1032 0.00834638 9.9973E-05 0.158067 0.00427428 0.554524 9.9973E-05 9.9973E-05 0.171288
0.178224 0.0204296 0.166043 0.295232 0.0366886 0.173937 9.9982E-05 9.9982E-05 0.129246
0.0154477 0.116453 0.0473092 0.0723073 0.041765 0.557708 0.0898015 0.0250551 0.0341534
0.056743 9.9982E-05 0.020973 0.19877 0.0731489 0.589407 0.0149788 9.9982E-05 0.0457799
0.186653 9.99804E-05 0.144776 0.443679 0.0231432 0.146247 9.99804E-05 9.99804E-05 0.0552015
0.0811085 9.9973E-05 0.115921 0.373899 0.0265928 0.267174 0.135005 9.9973E-05 9.9973E-05
0.185403 0.0221705 9.9982E-05 0.328816 9.9982E-05 0.215888 0.0847657 0.043192 0.119565
9.993E-05 9.993E-05 9.993E-05 9.993E-05 0.999201 9.993E-05 9.993E-05 9.993E-05 9.993E-05
9.993E-05 9.993E-05 9.993E-05 9.993E-05 0.999201 9.993E-05 9.993E-05 9.993E-05 9.993E-05
9.9955E-05 0.477078 9.9955E-05 9.9955E-05 0.355523 0.124486 0.0424122 9.9955E-05 9.9955E-05
0.0651259 0.552239 0.0346733 9.9973E-05 0.230427 0.102116 0.0151195 9.9973E-05 9.9973E-05
0.252948 0.0483795 9.9973E-05 0.0279148 9.9973E-05 0.53318 9.9973E-05 0.0543356 0.0829415
0.219673 0.0395084 0.0209286 0.0898002 0.0212478 0.473417 0.0278629 0.00907441 0.0984876
0.377367 0.036655 0.00304928 9.9973E-05 9.9973E-05 0.54134 0.00656465 9.9973E-05 0.0347237
0.104188 0.0405186 0.0337381 0.61811 0.0205313 0.121202 0.0289955 0.0117606 0.0209559
0.58536 0.0410422 0.00145601 9.9964E-05 9.9964E-05 0.363423 9.9964E-05 0.00831847 9.9964E-05
0.21692 0.0837166 0.0147016 0.133846 9.9973E-05 0.468179 9.9973E-05 0.0823365 9.9973E-05
0.19036 9.9964E-05 0.00626082 9.9964E-05 9.9964E-05 0.720547 0.0617855 0.0206464 9.9964E-05
0.0613083 0.107151 0.00844505 0.0547337 0.00530524 0.48609 0.016469 9.9991E-05 0.260398
0.111173 0.0432665 0.0332731 0.0500886 0.0541178 0.564573 9.9982E-05 9.9982E-05 0.143308
0.601125 9.9964E-05 9.9964E-05 0.178564 0.011889 0.130318 0.077704 9.9964E-05 9.9964E-05
0.0588994 0.0458866 0.0198246 0.00598969 0.0253386 0.566385 0.0417253 9.9991E-05 0.235851
0.232629 0.0102647 0.0565932 9.9982E-05 0.0390681 0.550679 9.9982E-05 0.087534 0.0230315
0.120543 0.103996 0.0885161 9.9982E-05 0.0317604 0.555499 9.9982E-05 0.0124768 0.0870077
0.693277 9.9955E-05 9.9955E-05 9.9955E-05 9.9955E-05 0.288476 0.0040051 0.0137421 9.9955E-05
0.221666 0.0141958 0.0215255 0.12665 9.9991E-05 0.520995 0.0527795 0.0238296 0.0182586
0.144888 0.109473 0.108699 9.9991E-05 0.023981 0.465217 0.000282673 0.09014 0.0572198
0.739878 0.0409058 9.9964E-05 0.0242827 9.9964E-05 9.9964E-05 0.159173 0.0353611 9.9964E-05
0.2897 9.9973E-05 9.9973E-05 0.355578 9.9973E-05 0.164285 0.0326893 0.0769762 0.0804713
0.307361 9.9973E-05 9.9973E-05 0.217682 9.9973E-05 0.0237523 0.20873 0.0880539 0.15412
0.0769181 0.022975 9.9973E-05 0.127319 0.0220496 0.655291 0.0951472 9.9973E-05 9.9973E-05
9.9982E-05 0.103782 0.024596 0.0670681 0.0467537 0.613107 0.0694325 9.9982E-05 0.0750606
9.9982E-05 0.00839757 9.9982E-05 0.0691327 0.00369313 0.64163 0.12013 0.0597627 0.0970541
0.270332 0.103104 9.9991E-05 0.286222 0.00431674 0.17328 0.0667081 0.0600698 0.0358672
0.000812339 9.9982E-05 9.9982E-05 0.168711 0.0214977 0.542665 0.0408885 0.0909399 0.134285
0.0719967 0.067221 0.0939176 0.114308 9.9982E-05 0.501047 0.100702 9.9982E-05 0.0506072
0.111408 0.0918686 9.9991E-05 0.151838 0.0408052 0.390624 0.022666 0.0705721 0.120118
0.147999 0.114859 9.9982E-05 0.35235 0.0129207 0.13489 0.206523 9.9982E-05 0.0302588
0.092842 0.0391845 0.0564902 0.0874183 0.0347759 0.554896 0.1006 0.033693 9.9991E-05
0.0956256 9.9973E-05 9.9973E-05 0.213756 0.0219968 0.418832 0.179456 0.0700342 9.9973E-05
0.21898 9.9973E-05 9.9973E-05 0.491231 0.0496963 0.0343518 0.0972438 9.9973E-05 0.108197
0.0320951 9.9973E-05 9.9973E-05 0.233737 0.0128332 0.507788 0.0962092 0.117037 9.9973E-05
0.0646653 9.9973E-05 0.0122514 0.103714 9.9973E-05 0.56573 0.12396 0.129379 9.9973E-05
0.0528171 0.0249031 0.00369838 0.200221 0.0549927 0.597866 0.0129204 0.0123373 0.0402442
0.139331 0.0458049 9.9982E-05 0.226713 0.0418003 0.351069 0.104023 0.0910595 9.9982E-05
0.0851377 9.9982E-05 9.9982E-05 0.124669 0.0573437 0.56442 0.035096 0.0482053 0.0849285
0.160749 0.0538786 0.0588871 0.159999 0.0173527 0.499597 9.9982E-05 0.0493363 9.9982E-05
0.159761 9.9982E-05 9.9982E-05 0.344812 0.0664926 0.19867 0.107821 0.06003 0.0622139
0.314045 9.9955E-05 9.9955E-05 0.084785 9.9955E-05 0.573484 0.0271864 9.9955E-05 9.9955E-05
0.716379 9.9955E-05 9.9955E-05 0.052089 0.0311659 0.199866 9.9955E-05 9.9955E-05 9.9955E-05
0.113825 0.0673576 0.0270419 0.0910788 0.00797042 0.516779 0.0508205 0.125027 9.9991E-05
0.902601 9.9946E-05 9.9946E-05 9.9946E-05 9.9946E-05 9.9946E-05 0.0586572 9.9946E-05 0.0381417
0.852619 9.9955E-05 9.9955E-05 0.0506038 9.9955E-05 9.9955E-05 0.0146267 0.0816508 9.9955E-05
0.65844 9.9946E-05 9.9946E-05 0.0524832 9.9946E-05 0.288477 9.9946E-05 9.9946E-05 9.9946E-05
0.391002 9.9964E-05 9.9964E-05 0.124296 0.0386227 0.438342 9.9964E-05 9.9964E-05 0.00733665
0.206335 0.193635 0.0058019 9.9973E-05 0.0334081 0.532151 0.0283691 9.9973E-05 9.9973E-05
0.484113 9.9955E-05 9.9955E-05 0.00462281 9.9955E-05 0.451291 0.0594738 9.9955E-05 9.9955E-05
0.633728 0.0205678 0.0549466 0.151529 0.0104756 0.128454 9.9973E-05 9.9973E-05 9.9973E-05
0.432044 0.0610025 9.9964E-05 0.241748 0.0117119 0.253093 9.9964E-05 9.9964E-05 9.9964E-05
0.264588 0.146911 0.0632574 0.00263588 0.00405239 0.473853 9.9991E-05 0.0239231 0.020679
0.524894 0.00989029 0.0584704 0.0406113 0.0389414 0.264478 9.9991E-05 0.0237923 0.0388223
0.386069 0.0535149 9.9982E-05 0.0513573 0.0269558 0.426258 9.9982E-05 0.0152886 0.0403569
0.524647 9.9955E-05 9.9955E-05 9.9955E-05 0.013399 0.422435 0.0390192 9.9955E-05 9.9955E-05
0.771688 9.9964E-05 9.9964E-05 0.0308353 9.9964E-05 9.9964E-05 0.0954177 0.0532963 0.0483625
0.168559 9.9964E-05 9.9964E-05 0.00809206 0.0466847 0.623632 9.9964E-05 9.9964E-05 0.152633
0.0153144 0.771692 0.0410664 0.0115875 0.0510724 0.108968 9.9973E-05 9.9973E-05 9.9973E-05
9.9946E-05 0.792201 9.9946E-05 9.9946E-05 0.123332 0.083868 9.9946E-05 9.9946E-05 9.9946E-05
9.9973E-05 0.738758 0.0507312 0.00255402 0.0969496 0.0489492 0.061758 9.9973E-05 9.9973E-05
9.9955E-05 0.749387 9.9955E-05 9.9955E-05 0.0944201 0.025354 0.130339 9.9955E-05 9.9955E-05
9.9955E-05 0.741881 9.9955E-05 9.9955E-05 0.104768 0.0943546 0.0584971 9.9955E-05 9.9955E-05
0.00230071 0.751274 0.0602315 9.9982E-05 0.0680464 0.0339467 0.0769512 0.00704987 9.9982E-05
9.9964E-05 0.816646 0.0371272 9.9964E-05 0.054408 0.0246466 0.0667728 9.9964E-05 9.9964E-05
0.390231 0.0720046 0.0707337 9.9964E-05 0.016937 0.449694 9.9964E-05 9.9964E-05 9.9964E-05
0.178934 0.0412001 0.0175578 0.128103 0.0389093 0.536361 0.0587344 9.9982E-05 9.9982E-05
0.820779 0.0465832 9.9955E-05 0.0789841 9.9955E-05 0.0531541 9.9955E-05 9.9955E-05 9.9955E-05
0.012253 9.9982E-05 0.0711488 0.197847 9.9982E-05 0.530732 0.0325534 0.0991053 0.056161
0.40517 0.0442567 0.0384183 0.0739706 9.9973E-05 0.361471 9.9973E-05 9.9973E-05 0.0764128
0.260204 0.0480976 9.9964E-05 9.9964E-05 0.00198546 0.596632 9.9964E-05 0.0926808 9.9964E-05
0.250721 0.043956 9.9973E-05 9.9973E-05 0.0361572 0.523806 9.9973E-05 0.0557412 0.0893191
0.404207 9.9964E-05 0.0297546 9.9964E-05 0.0503228 0.473642 9.9964E-05 0.0416741 9.9964E-05
0.754938 0.0591912 9.9964E-05 0.180957 0.00069674 9.9964E-05 9.9964E-05 0.00381721 9.9964E-05
0.174461 0.15124 0.0808092 0.0232038 9.9982E-05 0.425795 9.9982E-05 0.0149194 0.129372
0.114579 0.0564585 0.0498158 0.0421038 0.0326713 0.588189 9.9991E-05 0.0305653 0.0855173
0.151925 0.00789874 0.104133 0.060774 0.00572922 0.570357 0.0859921 9.9991E-05 0.0130905
0.52755 0.00691175 0.0140953 9.9991E-05 0.0136689 0.302173 0.0365395 0.0827579 0.0162037
0.42144 9.9964E-05 9.9964E-05 9.9964E-05 0.0275797 0.474436 9.9964E-05 0.0423134 0.0338316
0.420196 9.9973E-05 9.9973E-05 0.0917368 0.0324416 0.399512 9.9973E-05 0.029154 0.0266591
0.619447 9.9955E-05 0.0631376 9.9955E-05 9.9955E-05 0.287162 9.9955E-05 0.0297536 9.9955E-05
0.427741 0.0785945 9.9964E-05 0.0408221 9.9964E-05 0.414028 9.9964E-05 0.0384145 9.9964E-05
0.0854486 0.0913936 9.9973E-05 0.03518 0.0437283 0.693095 9.9973E-05 9.9973E-05 0.0508545
0.0915847 9.9973E-05 9.9973E-05 0.348798 0.0275247 0.232917 0.171529 0.127347 9.9973E-05
9.9982E-05 0.0364816 0.0541118 0.362395 0.0341451 0.399642 0.110707 9.9982E-05 0.00231736
0.0638664 0.115902 9.9973E-05 0.159378 9.9973E-05 0.484058 9.9973E-05 0.0941458 0.0823492
0.0434714 0.0961612 0.00113653 0.137162 9.9982E-05 0.628381 9.9982E-05 0.0394468 0.0540417
9.9964E-05 9.9964E-05 9.9964E-05 0.360079 0.0313615 0.5483 0.0494166 0.0104434 9.9964E-05
0.0351752 9.9982E-05 0.0203703 0.221391 9.9982E-05 0.532761 0.0628913 0.0518426 0.0753681
0.0339005 0.0504066 0.025909 0.35746 9.9973E-05 0.476909 9.9973E-05 0.0551142 9.9973E-05
0.121319 0.088696 9.9964E-05 0.148604 9.9964E-05 0.57301 0.0679718 9.9964E-05 9.9964E-05
0.00696508 0.0277941 0.0874955 0.195002 9.9991E-05 0.502697 0.0364703 0.0520037 0.0914725
9.9973E-05 0.0771316 9.9973E-05 0.206703 0.0434107 0.594515 0.0221382 9.9973E-05 0.0558017
0.0398336 9.9964E-05 9.9964E-05 0.38446 9.9964E-05 0.526911 0.0220186 0.0263766 9.9964E-05
9.9982E-05 9.9982E-05 0.0509863 0.147932 0.0736381 0.556819 0.00700375 0.0765068 0.086914
0.047909 0.0841107 0.0349046 0.0738937 0.0278342 0.567687 0.0482685 0.0941582 0.0212345
0.0326504 9.9964E-05 0.0399474 0.213314 9.9964E-05 0.611458 9.9964E-05 0.10223 9.9964E-05
0.0688295 0.012671 0.0447811 0.131452 0.0898454 0.542156 9.9991E-05 0.087692 0.0224729
0.0484005 9.9982E-05 0.0769351 0.219131 9.9982E-05 0.489199 0.000418988 0.118932 0.0467838
9.9982E-05 0.0235303 9.9982E-05 0.252131 0.054625 0.431157 0.114434 0.00253625 0.121386
9.9973E-05 9.9973E-05 0.0555316 0.21441 0.0187636 0.672351 0.00304564 0.0355988 9.9973E-05
9.9964E-05 0.0030153 9.9964E-05 0.158528 9.9964E-05 0.675277 0.103963 0.0588173 9.9964E-05
0.202912 0.000166288 0.0596687 0.371744 9.9982E-05 0.227586 0.0679939 0.0697299 9.9982E-05
0.102911 9.9973E-05 9.9973E-05 0.253244 9.9973E-05 0.186685 0.24766 0.208828 0.000371112
0.0956628 0.0562987 9.9982E-05 0.156837 0.0127111 0.488638 9.9982E-05 0.0756466 0.114006
0.21927 9.9982E-05 0.0213239 0.323309 9.9982E-05 0.0660783 0.0713023 0.24496 0.0535563
0.129338 0.00774058 9.9982E-05 0.375983 0.0115372 0.298576 0.060522 0.116103 9.9982E-05
0.0976286 0.0292267 9.9964E-05 0.342634 9.9964E-05 0.447027 9.9964E-05 9.9964E-05 0.0830839
0.197896 9.9955E-05 9.9955E-05 0.41352 0.0662912 0.321793 9.9955E-05 9.9955E-05 9.9955E-05
0.139873 0.00256774 0.00704977 0.429887 9.9982E-05 0.297206 9.9982E-05 0.0714236 0.0517942
0.0764427 0.0440949 0.00181093 0.0207098 0.0478612 0.614778 9.9991E-05 0.0221619 0.172041
0.0721226 0.0748544 9.9973E-05 0.0960375 9.9973E-05 0.601034 0.126647 0.0290047 9.9973E-05
0.0260016 0.0510993 9.9982E-05 0.196117 0.039411 0.582929 0.0534303 0.0508117 9.9982E-05
0.118522 9.9973E-05 9.9973E-05 0.35073 9.9973E-05 0.194914 0.238933 0.0383084 0.0582926
0.304429 0.153658 0.0754513 0.0441299 9.9973E-05 0.320729 9.9973E-05 9.9973E-05 0.101304
0.0494266 0.0710292 0.0853269 0.0190968 9.9991E-05 0.387451 0.0456712 0.0961061 0.245793
0.125106 0.0628121 9.9973E-05 0.122588 9.9973E-05 9.9973E-05 0.261852 0.117992 0.309349
0.145038 0.0868498 0.0612248 0.00448385 0.0258919 0.477412 0.0131503 0.0387974 0.147152
0.212761 0.0494113 9.9982E-05 9.9982E-05 0.0132658 0.355831 0.162377 0.0630983 0.143056
0.0894025 0.0923882 0.0443515 9.9991E-05 0.0373047 0.485949 0.0354232 0.114911 0.10017
0.157377 0.0348229 9.9982E-05 0.0725039 0.0272177 0.161014 0.207181 9.9982E-05 0.339684
0.0638876 0.0186282 9.9991E-05 0.118064 0.0234805 0.119536 0.0903435 0.0723485 0.493612
0.0272123 9.9982E-05 9.9982E-05 0.138997 0.00559652 0.406622 0.0820135 0.179392 0.159967
9.9982E-05 0.0624957 0.0349653 0.0231854 9.9982E-05 0.468821 0.0133308 0.183012 0.21399
0.0336301 0.0874213 0.143048 0.151491 9.9982E-05 0.345453 0.0579351 9.9982E-05 0.180822
0.248314 9.9982E-05 0.128813 0.0581372 0.0254852 9.9982E-05 0.185696 0.0791536 0.274201
0.0104402 0.0368509 0.0179734 0.0668354 0.0489818 0.560939 0.04446 0.111931 0.101588
0.17456 9.9964E-05 9.9964E-05 0.0850009 9.9964E-05 0.330756 0.017759 9.9964E-05 0.391524
0.11225 9.9982E-05 9.9982E-05 0.163204 0.00806837 0.451095 0.0604728 0.0474672 0.157243
0.12947 0.0719977 9.9991E-05 0.0375179 0.0160028 0.586761 0.0495305 0.0427309 0.0658894
9.9982E-05 0.150165 0.246499 0.0281392 0.0617623 0.112835 0.20188 9.9982E-05 0.19852
9.9964E-05 0.341801 0.0668482 9.9964E-05 0.0286647 9.9964E-05 0.467127 9.9964E-05 0.0951588
9.9973E-05 0.227476 0.0613059 9.9973E-05 0.0395534 9.9973E-05 0.529585 0.015943 0.125838
9.9964E-05 0.27467 0.27684 9.9964E-05 9.9964E-05 0.0483021 0.268801 9.9964E-05 0.130987
0.0497879 9.9964E-05 9.9964E-05 9.9964E-05 9.9964E-05 0.598542 0.00118543 0.00441824 0.345667
0.0627231 0.104552 0.00109604 9.9982E-05 0.0341964 0.538024 0.00509586 9.9982E-05 0.254113
0.015736 9.9973E-05 0.656308 0.0120328 0.00331601 0.30855 9.9973E-05 0.00375655 9.9973E-05
0.0360649 0.0036745 0.490193 0.151943 0.076815 0.24101 9.9973E-05 9.9973E-05 9.9973E-05
0.0606978 0.0664859 0.402045 9.9982E-05 0.0143816 0.368838 9.9982E-05 0.00996329 0.0773889
0.0532695 9.9973E-05 9.9973E-05 9.9973E-05 0.00836186 0.21965 0.0612518 0.167416 0.48975
0.0860466 0.097437 9.9982E-05 0.0215184 9.9982E-05 0.500589 0.0242262 0.0107724 0.259211
0.0628523 9.9973E-05 9.9973E-05 9.9973E-05 0.0228582 0.0789429 0.083719 0.160079 0.591248
0.0776523 9.9973E-05 9.9973E-05 0.0321747 9.9973E-05 0.570497 0.0359501 0.0436419 0.239784
0.137152 9.9991E-05 0.0426681 0.0202203 0.00914096 0.289298 0.0121667 0.133184 0.35607
0.0693237 9.9982E-05 0.0607741 0.0117775 9.9982E-05 0.460447 0.0789713 0.0150524 0.303454
0.190218 9.9982E-05 0.032711 9.9982E-05 0.00741269 0.121668 0.0710675 0.10667 0.470053
0.0624317 9.9964E-05 0.0935475 0.00444255 9.9964E-05 0.537164 9.9964E-05 9.9964E-05 0.302015
9.9991E-05 0.000400747 0.0594215 0.120974 0.00761107 0.442048 0.0774877 0.0799291 0.212029
0.037092 9.9955E-05 0.941994 9.9955E-05 9.9955E-05 0.00503318 9.9955E-05 0.0153813 9.9955E-05
9.9955E-05 9.9955E-05 0.855702 9.9955E-05 9.9955E-05 0.0963053 9.9955E-05 0.0203204 0.0271724
9.9973E-05 0.0750464 0.588951 0.0343768 0.00875551 0.261179 9.9973E-05 9.9973E-05 0.0313914
9.9964E-05 9.9964E-05 0.679879 0.00749326 0.0502907 0.233976 9.9964E-05 0.0279611 9.9964E-05
9.9964E-05 0.00283535 0.732149 9.9964E-05 9.9964E-05 0.166757 0.0559951 9.9964E-05 0.0418637
9.9937E-05 9.9937E-05 0.99364 9.9937E-05 9.9937E-05 9.9937E-05 0.00566056 9.9937E-05 9.9937E-05
9.9964E-05 9.9964E-05 0.925804 0.0160412 0.0093126 9.9964E-05 0.00505808 0.0433846 9.9964E-05
0.0111036 9.9946E-05 0.868026 9.9946E-05 9.9946E-05 0.120271 9.9946E-05 9.9946E-05 9.9946E-05
9.9937E-05 9.9937E-05 0.961046 0.0382548 9.9937E-05 9.9937E-05 9.9937E-05 9.9937E-05 9.9937E-05
9.993E-05 9.993E-05 0.999201 9.993E-05 9.993E-05 9.993E-05 9.993E-05 9.993E-05 9.993E-05
9.9937E-05 9.9937E-05 0.975174 9.9937E-05 0.0241263 9.9937E-05 9.9937E-05 9.9937E-05 9.9937E-05
9.9964E-05 9.9964E-05 0.75717 9.9964E-05 0.0424815 0.191691 9.9964E-05 0.00677747 0.00148039
9.9964E-05 9.9964E-05 0.745005 0.0669084 0.045907 0.084406 9.9964E-05 9.9964E-05 0.0573741
0.0279995 9.9937E-05 0.971301 9.9937E-05 9.9937E-05 9.9937E-05 9.9937E-05 9.9937E-05 9.9937E-05
0.110605 0.0830765 0.47186 0.0705518 0.00908202 0.201103 9.9982E-05 9.9982E-05 0.0535217
0.0255439 0.0792041 0.585184 0.0073316 0.038509 0.263927 9.9973E-05 9.9973E-05 9.9973E-05
9.9973E-05 0.0542281 0.698383 0.0468119 0.00148029 0.156914 0.0418828 9.9973E-05 9.9973E-05
0.0303248 0.0126198 0.851998 0.0161881 0.0434998 0.0383326 0.0068376 9.9982E-05 9.9982E-05
9.9937E-05 9.9937E-05 0.994226 9.9937E-05 9.9937E-05 0.00507448 9.9937E-05 9.9937E-05 9.9937E-05
9.9955E-05 9.9955E-05 0.827665 9.9955E-05 0.0180308 0.107148 0.0466562 9.9955E-05 9.9955E-05
9.9955E-05 0.0182075 0.961702 9.9955E-05 0.0150633 9.9955E-05 9.9955E-05 9.9955E-05 0.00452789
0.0541786 9.9964E-05 0.642876 0.0810358 9.9964E-05 0.213185 0.00832413 9.9964E-05 9.9964E-05
0.0360862 0.00930061 0.898052 0.0209476 0.0328035 9.9973E-05 9.9973E-05 0.00251047 9.9973E-05
9.9955E-05 0.291567 9.9955E-05 9.9955E-05 9.9955E-05 9.9955E-05 0.244979 0.0361834 0.426771
0.0288756 0.149129 0.0831418 0.0755702 0.0228033 0.298667 0.0409951 9.9991E-05 0.300718
0.0510037 0.207674 0.0746551 9.9982E-05 9.9982E-05 0.292299 0.0496065 0.0178332 0.306728
0.0278321 0.130107 0.140986 9.9982E-05 0.0297244 0.0693586 0.149925 9.9982E-05 0.451867
0.0981939 0.0878983 0.104112 9.9982E-05 0.0708549 0.338551 9.9982E-05 0.053257 0.246932
0.0990649 0.101764 0.0945861 9.9991E-05 0.0410605 0.114623 0.229292 0.0420338 0.277475
0.00203855 0.154098 0.0990017 0.134126 9.9982E-05 0.393943 9.9982E-05 0.0513704 0.165223
0.0504006 0.0855638 0.160078 9.9973E-05 9.9973E-05 0.210527 0.114267 9.9973E-05 0.378864
9.9982E-05 0.0415751 0.166272 9.9982E-05 0.101042 0.298281 0.0302196 0.0428314 0.319579
9.9973E-05 0.133484 0.196185 9.9973E-05 0.0468649 0.240937 0.10276 9.9973E-05 0.279468
0.0633911 0.0652892 0.0326823 9.9973E-05 9.9973E-05 0.495426 0.173376 9.9973E-05 0.169535
9.9964E-05 0.823361 9.9964E-05 0.0523838 9.9964E-05 0.0208517 9.9964E-05 0.028802 0.0742016
9.9964E-05 0.865748 0.0199458 9.9964E-05 0.0575763 9.9964E-05 0.0332634 0.023067 9.9964E-05
0.00138616 0.894991 9.9964E-05 0.0320596 0.052594 9.9964E-05 0.0185692 9.9964E-05 9.9964E-05
9.9964E-05 0.925962 9.9964E-05 0.017414 0.014796 0.0234138 0.0180149 9.9964E-05 9.9964E-05
9.9964E-05 0.761778 0.0131731 0.0620948 0.108535 9.9964E-05 0.0540191 9.9964E-05 9.9964E-05
9.9964E-05 0.781524 0.0436353 9.9964E-05 0.0620598 9.9964E-05 0.0897968 0.0225839 9.9964E-05
9.9964E-05 0.824595 0.0706666 9.9964E-05 0.0539166 0.0469099 0.00351194 9.9964E-05 9.9964E-05
0.0449203 0.842452 9.9982E-05 0.0123182 0.0225085 9.9982E-05 0.0546644 0.0115303 0.0114065
0.0295207 0.882186 0.0381563 9.9973E-05 0.00533811 0.00175645 0.0427421 9.9973E-05 9.9973E-05
9.9964E-05 0.828093 0.0209857 9.9964E-05 0.000881048 0.0659143 0.0837265 9.9964E-05 9.9964E-05
0.10023 0.55156 9.9964E-05 0.19649 0.0909687 9.9964E-05 9.9964E-05 0.060352 9.9964E-05
0.079226 0.591155 0.011858 0.248076 0.0213543 9.9973E-05 9.9973E-05 0.0480302 9.9973E-05
0.0741364 0.458637 9.9973E-05 0.289176 0.0372396 9.9973E-05 0.128685 0.011826 9.9973E-05
0.102309 0.505587 9.9955E-05 0.32853 9.9955E-05 9.9955E-05 9.9955E-05 9.9955E-05 0.063074
0.262574 0.0356426 9.9982E-05 0.136262 0.0277776 0.49593 9.9982E-05 0.0255923 0.0160217
0.292514 0.0578992 0.0371871 0.078931 9.9982E-05 0.447053 9.9982E-05 0.055417 0.0307989
0.0918572 9.9973E-05 0.0774783 0.131403 9.9973E-05 0.554385 9.9973E-05 0.0258153 0.118761
0.213762 9.9964E-05 9.9964E-05 0.284828 0.0293843 0.419632 0.0519939 9.9964E-05 9.9964E-05
0.101808 9.9973E-05 0.0251914 0.568308 9.9973E-05 0.143035 9.9973E-05 0.0525587 0.108799
0.205178 0.084541 9.9973E-05 0.0118864 9.9973E-05 0.638996 9.9973E-05 0.0327684 0.026331
0.244158 9.9964E-05 9.9964E-05 0.109281 9.9964E-05 0.636096 0.00719499 0.00287022 9.9964E-05
0.264302 0.0154167 9.9982E-05 0.0709154 9.9982E-05 0.495748 0.0233609 0.0310732 0.0989833
0.556296 9.9973E-05 0.0989083 0.0344531 9.9973E-05 0.218398 9.9973E-05 0.0482583 0.0433863
0.0992082 0.0408466 9.9973E-05 0.151686 9.9973E-05 0.696603 0.00252809 9.9973E-05 0.00882791
0.301389 0.0498434 9.9982E-05 0.0805773 9.9982E-05 0.408898 0.00517378 0.0537129 0.100206
0.798999 0.0101764 0.0024528 0.0457668 9.9973E-05 9.9973E-05 9.9973E-05 0.106347 0.0359581
0.0112081 0.106869 9.9973E-05 0.203881 9.9973E-05 0.601702 0.0189046 0.0571354 9.9973E-05
0.579728 9.9982E-05 0.0184312 0.0211714 9.9982E-05 0.182321 0.0959314 0.0811549 0.0210621
0.330119 9.9982E-05 0.0128516 0.029693 0.0166867 0.549199 9.9982E-05 0.00536369 0.0558869
0.658082 0.038044 9.9955E-05 0.161808 9.9955E-05 0.141566 9.9955E-05 9.9955E-05 9.9955E-05
9.9955E-05 0.113086 9.9955E-05 0.616408 0.0169609 9.9955E-05 9.9955E-05 9.9955E-05 0.253045
9.9946E-05 0.0823361 9.9946E-05 0.600428 9.9946E-05 9.9946E-05 9.9946E-05 9.9946E-05 0.316636
9.9955E-05 0.0410406 9.9955E-05 0.702552 0.0035124 9.9955E-05 9.9955E-05 9.9955E-05 0.252396
9.9955E-05 0.0996484 9.9955E-05 0.668552 9.9955E-05 9.9955E-05 9.9955E-05 0.0238023 0.207497
9.9955E-05 9.9955E-05 0.0254614 0.731852 0.00979116 9.9955E-05 9.9955E-05 9.9955E-05 0.232396
9.9973E-05 0.0692078 0.0372019 0.693312 9.9973E-05 0.0635088 9.9973E-05 0.00444551 0.132024
0.0255896 0.799852 0.0857639 9.9964E-05 0.0389069 0.0494879 9.9964E-05 9.9964E-05 9.9964E-05
9.9964E-05 0.75106 0.0230633 0.073663 9.9964E-05 0.0784131 0.0734003 9.9964E-05 9.9964E-05
9.9955E-05 0.740096 0.099098 9.9955E-05 0.0272408 0.133066 9.9955E-05 9.9955E-05 9.9955E-05
9.9964E-05 0.703957 0.139803 0.0965623 0.0365426 0.0227353 9.9964E-05 9.9964E-05 9.9964E-05
9.9982E-05 0.716645 0.0796181 0.0256923 0.0272056 0.0468362 0.0267584 9.9982E-05 0.0770448
0.00797942 0.382163 9.9964E-05 0.502069 0.0247129 9.9964E-05 9.9964E-05 9.9964E-05 0.0826753
0.0401819 0.478398 9.9973E-05 0.380512 0.00910256 9.9973E-05 9.9973E-05 0.0734379 0.0180678
0.0528252 0.413111 9.9973E-05 0.452452 0.033176 0.0108481 9.9973E-05 0.0372883 9.9973E-05
9.993E-05 9.993E-05 9.993E-05 9.993E-05 0.999201 9.993E-05 9.993E-05 9.993E-05 9.993E-05
0.0713926 0.354115 9.9964E-05 0.458581 0.0432769 9.9964E-05 9.9964E-05 9.9964E-05 0.0722348
9.9964E-05 0.13073 0.276891 9.9964E-05 9.9964E-05 0.290879 0.22288 9.9964E-05 0.0782205
9.9973E-05 0.123854 0.138785 0.0304695 0.0615702 0.540262 9.9973E-05 9.9973E-05 0.10476
9.9973E-05 0.17728 0.251604 0.0183342 0.0158566 0.508286 0.0283392 9.9973E-05 9.9973E-05
9.9964E-05 0.257814 0.219464 9.9964E-05 9.9964E-05 0.314577 0.0819754 9.9964E-05 0.12577
9.9973E-05 0.111702 0.17058 0.0199754 0.00822439 0.513532 9.9973E-05 9.9973E-05 0.175685
9.9955E-05 0.337794 0.208933 9.9955E-05 9.9955E-05 9.9955E-05 0.371705 9.9955E-05 0.0810684
9.9955E-05 9.9955E-05 9.9955E-05 0.260082 9.9955E-05 0.434776 9.9955E-05 0.190783 0.113859
0.104095 9.9973E-05 9.9973E-05 0.24967 9.9973E-05 0.360825 0.0922299 0.180516 0.012363
0.0550683 0.0567649 9.9982E-05 0.515319 0.0314966 0.311561 0.0210676 0.00852311 9.9982E-05
0.152111 9.9973E-05 9.9973E-05 0.129599 9.9973E-05 0.43309 0.0432954 0.162653 0.0789516
0.286548 9.9955E-05 9.9955E-05 0.195429 9.9955E-05 9.9955E-05 0.19679 0.320733 9.9955E-05
0.0838455 0.0680601 9.9991E-05 0.18711 0.0228024 0.553497 0.064498 0.00058803 0.0194988
0.0313305 9.9982E-05 9.9982E-05 0.187504 0.0042243 0.562844 0.0044244 0.16406 0.0454135
0.110466 0.06378 9.9982E-05 0.393063 0.014793 0.370619 0.0120814 9.9982E-05 0.0349976
0.11717 9.9973E-05 0.00732173 0.150247 9.9973E-05 0.479439 0.0889642 9.9973E-05 0.156558
0.271595 9.9973E-05 9.9973E-05 0.290369 9.9973E-05 0.0894268 0.224682 0.0671683 0.0564583
0.0409228 9.9982E-05 0.0039072 0.120251 9.9982E-05 0.472736 0.10735 0.154746 0.0998864
0.0330347 9.9964E-05 9.9964E-05 0.254712 0.0483695 0.546708 0.116776 9.9964E-05 9.9964E-05
0.12246 0.136881 0.17767 9.9973E-05 9.9973E-05 0.40863 0.0924084 9.9973E-05 0.061651
0.0963074 9.9973E-05 9.9973E-05 0.321378 9.9973E-05 0.348219 0.0801127 0.150733 0.00295033
0.036144 0.000452787 9.9982E-05 0.260732 9.9982E-05 0.489012 0.0618366 0.151177 0.000446172
0.0434632 9.9982E-05 0.102308 0.129553 9.9982E-05 0.338542 0.0751097 0.194861 0.115964
0.141462 0.0284484 9.9982E-05 0.153279 9.9982E-05 0.439942 0.0198879 0.107918 0.108862
0.0585909 9.9982E-05 0.060748 0.16597 0.0651952 0.561592 0.0435902 0.0441138 9.9982E-05
0.148705 0.0225847 9.9973E-05 0.17622 0.0182396 0.61459 0.01936 9.9973E-05 9.9973E-05
0.0303292 0.051554 0.00912135 0.145736 0.0500327 0.493354 0.0349455 9.9991E-05 0.184827
9.9946E-05 0.800287 0.00990863 9.9946E-05 9.9946E-05 0.189205 9.9946E-05 9.9946E-05 9.9946E-05
0.00765177 0.827071 0.0346047 9.9973E-05 0.00662867 0.0585973 9.9973E-05 0.065147 9.9973E-05
9.9973E-05 0.751357 9.9973E-05 0.073226 9.9973E-05 0.063621 0.0562404 0.0325574 0.0226981
0.0869067 0.806255 0.0323221 0.0278418 0.00975001 0.0200144 9.9982E-05 0.0167096 9.9982E-05
9.9955E-05 0.790461 9.9955E-05 9.9955E-05 0.0442609 0.146255 9.9955E-05 0.0185237 9.9955E-05
0.0933038 0.00158372 0.0310596 0.531195 0.00967437 0.206205 0.124472 0.00240676 9.9991E-05
0.0338609 0.0405482 0.048224 0.161605 9.9991E-05 0.531501 0.0641169 0.0844299 0.0356144
9.9982E-05 0.216296 0.162587 9.9982E-05 0.0415673 0.395898 0.0104926 0.140691 0.0322677
9.9973E-05 9.9973E-05 0.0235427 0.171929 0.0391936 0.663757 0.0884742 0.0128035 9.9973E-05
0.162 0.0235136 0.0331453 0.175219 9.9973E-05 0.518514 0.0873082 9.9973E-05 9.9973E-05
9.9973E-05 9.9973E-05 9.9973E-05 0.32077 0.00140416 0.288028 0.175816 0.193363 0.0203192
0.171949 0.0349266 9.9973E-05 0.562103 0.0389525 9.9973E-05 0.169373 9.9973E-05 0.0223961
9.9982E-05 0.028356 9.9982E-05 0.327424 0.0264308 0.517129 0.0393992 0.029727 0.0313346
0.0727135 0.0598466 0.0489129 0.475436 0.00345768 0.117944 0.0157518 0.150191 0.0557477
0.171465 0.0706511 0.0304013 0.0734054 0.0104836 0.403989 0.040776 0.0513541 0.147475
9.9973E-05 0.0984497 9.9973E-05 0.530734 0.0141332 0.132728 0.095874 0.127782 9.9973E-05
0.0263206 0.0852595 0.0802621 0.181068 0.0396189 0.58041 9.9982E-05 0.00686046 9.9982E-05
0.00917136 0.0777671 0.0250092 0.488751 0.00823912 0.23316 0.0078182 0.0761441 0.0739399
0.0355504 0.0291022 0.0297869 0.283884 9.9982E-05 0.359836 0.0855112 9.9982E-05 0.176129
0.025897 0.0108731 0.0766008 0.116479 0.032035 0.34595 9.9991E-05 0.0732684 0.318797
9.9964E-05 9.9964E-05 0.0464086 0.0344571 9.9964E-05 0.137617 9.9964E-05 0.202106 0.579012
0.0195204 0.0702872 0.0215891 9.9964E-05 9.9964E-05 0.400222 9.9964E-05 9.9964E-05 0.487982
0.043322 0.099182 9.9973E-05 0.00966453 0.0783266 0.504477 9.9973E-05 9.9973E-05 0.264728
0.00948051 9.9973E-05 9.9973E-05 0.0378796 9.9973E-05 0.267193 0.0257564 0.0635048 0.595885
0.0194136 0.0752419 9.9991E-05 0.112906 0.0616037 0.445753 0.0283118 0.037429 0.219241
9.9964E-05 0.0584609 9.9964E-05 9.9964E-05 9.9964E-05 0.510217 0.0145897 0.129958 0.286375
0.0994888 9.9955E-05 9.9955E-05 0.0357659 9.9955E-05 9.9955E-05 9.9955E-05 0.144294 0.719951
0.114979 9.9964E-05 9.9964E-05 9.9964E-05 9.9964E-05 0.194448 0.136156 0.00195104 0.552066
9.9973E-05 9.9973E-05 0.0197943 0.085649 0.00728258 0.35069 9.9973E-05 0.0652632 0.471022
0.205909 9.997E-05 9.997E-05 0.0513606 9.997E-05 0.0711155 9.997E-05 0.0781884 0.593027
0.0665585 9.9964E-05 9.9964E-05 0.016503 9.9964E-05 0.380495 0.0549205 9.9964E-05 0.481124
0.173516 9.9964E-05 0.0751734 0.560589 9.9964E-05 0.0876673 0.102654 9.9964E-05 9.9964E-05
0.132699 9.9964E-05 9.9964E-05 0.387583 9.9964E-05 0.246422 0.00660448 0.226292 9.9964E-05
9.9973E-05 0.0145634 0.068716 0.444052 0.0579023 0.351419 9.9973E-05 0.0630472 9.9973E-05
0.0211652 0.0139551 0.0437179 0.203352 0.0199194 0.6267 0.0170661 0.012309 0.041815
0.150834 9.9964E-05 9.9964E-05 0.480451 0.0470069 0.285253 9.9964E-05 9.9964E-05 0.0360546
9.9982E-05 0.10269 0.0527236 0.160886 9.9982E-05 0.462498 0.0589953 0.158702 0.00330455
0.16017 9.9991E-05 0.0210681 0.17878 0.0382521 0.542406 0.0229384 0.0285754 0.00770997
0.110675 9.9973E-05 0.00566052 0.138258 9.9973E-05 0.569279 0.114343 0.0614839 9.9973E-05
0.0810723 9.9973E-05 0.0358966 0.24239 0.0242878 0.549623 9.9973E-05 0.0664298 9.9973E-05
0.196701 0.0317391 0.0606657 0.25819 9.9973E-05 0.43998 9.9973E-05 9.9973E-05 0.0124244
0.131327 9.9973E-05 0.0811219 0.489353 9.9973E-05 0.25563 0.0326908 0.0095767 9.9973E-05
0.0580855 9.9973E-05 0.0957877 0.452879 9.9973E-05 0.303073 0.0210862 0.0687886 9.9973E-05
9.9964E-05 9.9964E-05 0.044918 0.224551 9.9964E-05 0.592621 0.0740079 0.0635023 9.9964E-05
0.0736758 0.0472982 0.0238362 0.180701 9.9973E-05 0.589977 9.9973E-05 0.0842122 9.9973E-05
0.113401 9.9973E-05 9.9973E-05 0.290354 0.0518333 0.325331 0.0844455 0.134335 9.9973E-05
9.9973E-05 9.9973E-05 0.0100715 0.227597 0.0105974 0.505082 0.117957 0.128395 9.9973E-05
9.9973E-05 0.0358486 9.9973E-05 0.417132 0.0478771 0.393014 0.0938174 9.9973E-05 0.0120109
0.0646428 0.0228824 0.0204546 0.200962 9.9982E-05 0.625496 0.0449327 9.9982E-05 0.0204295
9.9973E-05 0.00852731 0.0558496 0.333248 9.9973E-05 0.514707 0.0357419 0.0516256 9.9973E-05
9.9973E-05 0.144691 0.0456097 0.151778 9.9973E-05 0.609242 9.9973E-05 0.0264353 0.0219437
0.0587048 0.286175 0.0881992 9.9973E-05 0.0499955 0.417477 0.0991485 9.9973E-05 9.9973E-05
0.108233 0.0680197 0.117644 9.9982E-05 0.00835436 0.520693 0.156018 9.9982E-05 0.0208377
0.0144212 0.066 0.0913052 0.0242956 0.0370052 0.480892 0.106903 0.0494316 0.129747
0.0748647 0.103845 0.0548871 0.0581234 0.041841 0.597258 0.0689807 9.9982E-05 9.9982E-05
0.0443747 0.178433 0.194284 9.9982E-05 0.0285946 0.474576 0.0513238 0.0282142 9.9982E-05
9.9973E-05 9.9973E-05 0.0426766 0.16109 0.0243509 0.356977 9.9973E-05 0.209047 0.20556
0.0603876 0.133728 0.0897468 0.0116063 0.0234098 0.545617 0.0451453 0.0456493 0.0447103
0.180498 0.154377 0.0469578 9.9973E-05 9.9973E-05 0.0750618 0.376927 9.9973E-05 0.165879
0.0286107 0.0890985 0.0361968 0.101142 0.0508259 0.566599 0.0892037 0.0382235 9.9991E-05
0.0170444 0.0648478 0.185192 0.0193366 0.0495351 0.49554 0.0467906 0.0820485 0.0396658
0.0904551 0.0179896 0.163386 0.00538359 0.0401507 0.511226 0.0980064 0.0557605 0.0176422
0.0811639 0.0344941 0.0889976 0.167077 0.0442906 0.317819 0.197141 9.9991E-05 0.0689163
9.9964E-05 0.0971996 0.0529549 9.9964E-05 9.9964E-05 0.516271 0.242542 9.9964E-05 0.0906322
9.9982E-05 0.0194744 0.159327 9.9982E-05 0.0453355 0.496797 0.124636 0.052082 0.102148
0.0846031 0.262093 0.107003 9.9973E-05 0.0346463 9.9973E-05 0.494342 0.0170121 9.9973E-05
0.105079 0.133531 0.189943 9.9982E-05 0.0975052 0.414012 0.0577647 9.9982E-05 0.00196541
0.00515731 0.107603 0.206265 9.9982E-05 0.0245557 0.491032 0.131985 9.9982E-05 0.0332018
0.066547 0.0699566 0.0731531 0.0268864 9.9973E-05 0.65254 0.110617 9.9973E-05 9.9973E-05
9.9964E-05 0.158516 0.0948014 9.9964E-05 0.0267842 0.582659 0.136839 9.9964E-05 9.9964E-05
9.9982E-05 0.186336 0.0736225 9.9982E-05 0.0116692 0.584634 0.0153729 0.0904908 0.0376743
0.0580955 0.0394181 0.00899159 9.9973E-05 0.0650137 0.404259 9.9973E-05 0.423923 9.9973E-05
0.108188 0.0263385 0.0600193 0.0412844 9.9991E-05 0.435784 0.0477095 0.223472 0.0571049
0.0978996 9.9955E-05 9.9955E-05 0.091861 9.9955E-05 9.9955E-05 9.9955E-05 0.741001 0.0687385
0.0696862 9.9946E-05 9.9946E-05 0.0577613 9.9946E-05 9.9946E-05 9.9946E-05 0.871953 9.9946E-05
9.9964E-05 0.0562106 0.0709485 9.9964E-05 0.0214058 0.4677 9.9964E-05 0.383335 9.9964E-05
9.9982E-05 0.025817 0.268434 0.0441434 9.9982E-05 0.358345 0.126815 0.156026 0.020219
9.9973E-05 0.00315281 0.295288 9.9973E-05 0.0537265 0.26695 0.17495 0.205632 9.9973E-05
9.9964E-05 0.112994 0.235113 9.9964E-05 9.9964E-05 0.245703 0.251804 0.153986 9.9964E-05
0.0260714 0.036745 0.252999 9.9991E-05 0.0554389 0.31242 0.122225 0.160981 0.0330206
9.9973E-05 0.0228551 0.0468415 9.9973E-05 9.9973E-05 0.0493459 0.229102 0.620002 0.031553
9.9973E-05 0.0459201 0.0683335 9.9973E-05 0.00417401 0.148649 0.156056 0.576568 9.9973E-05
0.0444799 9.9982E-05 0.101259 0.0879386 0.00415394 0.483756 0.0533311 0.224882 9.9982E-05
9.9955E-05 0.0634342 0.0756609 9.9955E-05 9.9955E-05 0.373695 9.9955E-05 0.486711 9.9955E-05
9.9964E-05 9.9964E-05 0.0912785 9.9964E-05 0.0319642 0.164906 0.0646009 0.64685 9.9964E-05
9.9982E-05 9.9982E-05 0.158321 0.0458098 0.0065865 0.500391 0.00910795 0.237837 0.0417475
9.9964E-05 0.015694 0.0395257 9.9964E-05 9.9964E-05 0.524069 0.0173941 0.402917 9.9964E-05
0.0823934 0.146592 0.147053 9.9982E-05 0.00114782 0.430988 9.9982E-05 0.148372 0.0432548
0.0282042 0.00290755 9.9982E-05 0.0551824 0.00969315 0.264367 9.9982E-05 0.632348 0.00709777
0.0294768 9.9964E-05 9.9964E-05 9.9964E-05 0.0736791 0.340756 9.9964E-05 0.492963 0.0627259
9.9973E-05 0.0642465 0.00533003 9.9973E-05 0.00800526 0.543033 9.9973E-05 0.328277 0.0508077
0.0123258 0.0801192 0.057155 9.9982E-05 0.0243997 0.259802 9.9982E-05 0.333447 0.232552
0.130573 0.0967407 0.0817306 0.102485 9.9991E-05 0.413044 0.0494359 0.11392 0.0119717
0.0155263 9.9973E-05 9.9973E-05 9.9973E-05 0.0228161 0.362952 0.0488474 0.486942 0.0626161
9.9955E-05 9.9955E-05 9.9955E-05 0.0560718 9.9955E-05 0.155788 9.9955E-05 0.71084 0.0768011
9.9955E-05 0.0492864 9.9955E-05 9.9955E-05 9.9955E-05 0.551624 0.00127458 0.397315 9.9955E-05
0.0665955 0.00392736 9.9964E-05 9.9964E-05 9.9964E-05 0.148756 9.9964E-05 0.764448 0.0158736
9.9964E-05 9.9964E-05 0.0145179 9.9964E-05 0.0085713 0.361207 9.9964E-05 0.553886 0.0614178
0.127494 9.9955E-05 9.9955E-05 9.9955E-05 0.0791711 0.514477 9.9955E-05 0.278358 9.9955E-05
0.136167 9.9973E-05 9.9973E-05 0.0876445 9.9973E-05 0.500246 0.0115757 0.254128 0.00993877
9.9982E-05 0.181147 0.103711 0.016607 0.0410265 0.565148 9.9982E-05 0.0387274 0.0534336
0.0392749 0.0704279 0.0900314 0.162308 9.9991E-05 0.355942 0.153747 0.0580079 0.0701612
9.9982E-05 0.13851 0.240264 0.0616567 9.9982E-05 0.362486 0.0830037 0.0750864 0.0387928
9.9991E-05 0.129483 0.11892 0.0599614 0.0483222 0.312063 0.0719331 0.0830707 0.176147
0.109994 0.138596 0.15043 0.11949 9.9991E-05 0.327422 0.022009 0.0280685 0.10389
9.9991E-05 0.0478096 0.0716922 0.0432811 0.104647 0.433659 0.0617545 0.154557 0.0824993
9.9973E-05 0.189237 0.124667 9.9973E-05 0.00682033 9.9973E-05 0.0798615 0.590117 0.00899649
9.9982E-05 0.130069 0.158144 0.0202608 0.00513673 0.548913 9.9982E-05 0.0683915 0.0688855
9.9964E-05 0.276729 0.0912084 9.9964E-05 0.00139096 9.9964E-05 0.220482 0.40979 9.9964E-05
9.9955E-05 0.0585953 0.183415 9.9955E-05 9.9955E-05 0.423962 9.9955E-05 0.333528 9.9955E-05
0.152709 9.9946E-05 9.9946E-05 9.9946E-05 9.9946E-05 0.0675113 9.9946E-05 0.77918 9.9946E-05
0.0989901 9.9946E-05 9.9946E-05 0.00640279 9.9946E-05 9.9946E-05 9.9946E-05 0.894007 9.9946E-05
0.133721 9.9955E-05 9.9955E-05 9.9955E-05 0.00348714 0.403067 9.9955E-05 0.459225 9.9955E-05
9.9955E-05 9.9955E-05 9.9955E-05 9.9955E-05 0.0119618 0.558278 0.0429151 0.386346 9.9955E-05
0.00533234 9.9955E-05 9.9955E-05 9.9955E-05 9.9955E-05 0.358494 9.9955E-05 0.583054 0.05262
0.0617764 0.00805009 9.9955E-05 9.9955E-05 9.9955E-05 0.461304 9.9955E-05 0.46837 9.9955E-05
9.9946E-05 9.9946E-05 0.0249443 9.9946E-05 9.9946E-05 0.481836 9.9946E-05 0.49262 9.9946E-05
9.9964E-05 0.743717 0.01375 9.9964E-05 0.0544733 0.0767791 9.9964E-05 0.110881 9.9964E-05
9.9955E-05 0.729861 0.117793 0.133149 0.018697 9.9955E-05 9.9955E-05 9.9955E-05 9.9955E-05
9.9955E-05 0.853921 0.0688904 0.0268508 0.0498383 9.9955E-05 9.9955E-05 9.9955E-05 9.9955E-05
9.9964E-05 0.783046 9.9964E-05 9.9964E-05 0.102965 0.0653606 0.0476252 0.000603346 9.9964E-05
0.301085 0.0189914 9.9973E-05 0.0104565 0.0782418 0.506661 9.9973E-05 0.0842647 9.9973E-05
0.415088 0.0588496 0.0312568 9.9964E-05 9.9964E-05 0.472753 9.9964E-05 9.9964E-05 0.0216532
0.478513 0.00146059 9.9964E-05 9.9964E-05 0.0684404 0.448284 9.9964E-05 0.00290225 9.9964E-05
0.160902 0.110102 9.9973E-05 0.000380295 0.0273496 0.607052 9.9973E-05 9.9973E-05 0.0939137
0.138178 0.0467377 0.0517534 0.090012 9.9973E-05 0.534167 9.9973E-05 9.9973E-05 0.138851
0.582284 0.0197329 0.0489359 0.102136 0.0245067 0.125293 0.000981424 0.0155422 0.0805889
0.286165 0.0346884 9.9955E-05 9.9955E-05 9.9955E-05 0.61165 9.9955E-05 0.0669967 9.9955E-05
0.486183 9.9964E-05 9.9964E-05 9.9964E-05 0.0147936 0.281514 9.9964E-05 0.0120084 0.205101
0.0394828 0.207843 0.151358 0.030298 9.9982E-05 0.444586 0.119277 9.9982E-05 0.00695544
0.392214 9.9973E-05 0.00655805 0.114333 9.9973E-05 0.404317 0.0369694 0.0453082 9.9973E-05
0.481443 9.9955E-05 9.9955E-05 0.142577 0.0208299 0.35465 9.9955E-05 9.9955E-05 9.9955E-05
0.329351 9.9955E-05 0.00413898 9.9955E-05 9.9955E-05 0.506648 9.9955E-05 0.159363 9.9955E-05
0.457179 0.0365301 9.9964E-05 0.0499271 9.9964E-05 0.389015 9.9964E-05 0.066949 9.9964E-05
0.408034 0.0127799 0.0159343 9.9973E-05 9.9973E-05 0.537046 0.00130707 0.0245989 9.9973E-05
0.265306 0.0916652 0.00149928 9.9982E-05 9.9982E-05 0.511682 0.0414368 0.0183554 0.0698555
0.863323 9.9946E-05 9.9946E-05 9.9946E-05 9.9946E-05 0.102338 9.9946E-05 9.9946E-05 0.0337397
0.651978 9.9964E-05 0.0501151 0.0474449 9.9964E-05 0.166422 9.9964E-05 9.9964E-05 0.0836401
0.59958 9.9964E-05 9.9964E-05 0.0564931 9.9964E-05 0.304346 0.0172071 0.0219739 9.9964E-05
0.901374 9.9937E-05 9.9937E-05 9.9937E-05 9.9937E-05 9.9937E-05 0.0979266 9.9937E-05 9.9937E-05
0.296676 9.9982E-05 9.9982E-05 0.134921 0.037636 0.437546 0.0315735 0.0293023 0.032145
0.647367 9.9955E-05 9.9955E-05 9.9955E-05 9.9955E-05 0.0878968 0.11181 9.9955E-05 0.152427
0.79577 9.9946E-05 9.9946E-05 9.9946E-05 9.9946E-05 9.9946E-05 0.163309 0.0403217 9.9946E-05
0.332248 0.0529583 9.9973E-05 9.9973E-05 0.0368161 0.500118 0.0409748 0.036585 9.9973E-05
0.614745 0.0459672 9.9964E-05 0.0912564 0.041995 0.205636 9.9964E-05 9.9964E-05 9.9964E-05
0.443573 9.9955E-05 0.0802048 0.0895603 9.9955E-05 0.386162 9.9955E-05 9.9955E-05 9.9955E-05
0.156457 9.9982E-05 0.0134468 0.0489559 0.0296386 0.639967 0.0955822 9.9982E-05 0.0157526
0.362186 9.9964E-05 9.9964E-05 0.0307756 9.9964E-05 0.52699 0.0278618 9.9964E-05 0.051787
0.0581284 9.9982E-05 0.00319236 0.27554 9.9982E-05 0.394746 0.089112 0.142963 0.0361186
0.373549 9.9982E-05 0.0620374 0.000223687 0.00254784 0.495726 0.0218749 0.0438409 9.9982E-05
0.312483 0.0194647 0.0560003 0.122959 0.0216203 0.467173 9.9973E-05 9.9973E-05 9.9973E-05
0.682623 9.9955E-05 9.9955E-05 9.9955E-05 0.0020733 0.265003 9.9955E-05 9.9955E-05 0.0498006
0.24717 0.0345001 9.9991E-05 0.0615356 0.0354403 0.530552 0.0178601 0.0677236 0.00511864
9.9964E-05 0.5842 9.9964E-05 0.246773 0.0481244 9.9964E-05 0.0146471 9.9964E-05 0.105856
0.092533 0.685405 9.9982E-05 0.0666161 0.0388753 0.0633486 0.033753 9.9982E-05 0.0192687
0.00496057 0.706934 9.9973E-05 0.129942 0.0980051 9.9973E-05 0.024473 9.9973E-05 0.0353856
9.9964E-05 0.694051 9.9964E-05 0.119804 0.0939105 9.9964E-05 0.0393795 0.0524555 9.9964E-05
9.9964E-05 0.705383 9.9964E-05 0.159815 0.031952 0.0319412 9.9964E-05 9.9964E-05 0.0705084
0.728959 9.9955E-05 0.0699005 0.154005 9.9955E-05 0.0466361 9.9955E-05 9.9955E-05 9.9955E-05
0.654526 9.9964E-05 9.9964E-05 0.127755 0.0532038 0.126987 9.9964E-05 0.037128 9.9964E-05
