9.9964E-05 0.0464699 9.9964E-05 0.0247251 0.029622 0.838842 9.9964E-05 0.0599412 9.9964E-05
0.0336513 9.9964E-05 9.9964E-05 9.9964E-05 9.9964E-05 0.92903 0.023025 0.000422138 0.0134712
9.9964E-05 0.0108818 0.118707 9.9964E-05 0.0398948 0.778666 9.9964E-05 0.0514504 9.9964E-05
9.9964E-05 0.0564584 0.0877985 9.9964E-05 0.051242 0.740925 9.9964E-05 0.063176 9.9964E-05
9.9955E-05 9.9955E-05 0.100477 9.9955E-05 0.0229785 0.864805 9.9955E-05 9.9955E-05 0.0112397
9.9964E-05 9.9964E-05 0.0367377 9.9964E-05 0.0341593 0.619046 0.295395 0.0142616 9.9964E-05
9.9946E-05 9.9946E-05 9.9946E-05 9.9946E-05 9.9946E-05 0.747505 0.177797 0.0740987 9.9946E-05
9.9964E-05 0.0434459 9.9964E-05 9.9964E-05 0.0231068 0.664123 0.228279 0.0406447 9.9964E-05
0.0709986 0.0605011 9.99549E-05 0.0702421 9.99549E-05 0.797758 9.99549E-05 9.99549E-05 9.99549E-05
9.9964E-05 9.9964E-05 9.9964E-05 9.9964E-05 0.0762551 0.640237 0.229799 0.0152936 0.0380145
9.9946E-05 0.0355461 9.9946E-05 9.9946E-05 9.9946E-05 0.729687 0.234167 9.9946E-05 9.9946E-05
0.185098 0.428247 0.268788 9.9973E-05 0.0388963 0.0514883 9.9973E-05 9.9973E-05 0.0271819
0.0383537 0.265405 0.60887 0.0654959 9.9964E-05 9.9964E-05 9.9964E-05 0.0214763 9.9964E-05
0.023772 0.405738 0.273116 0.190223 0.011709 9.9982E-05 9.9982E-05 0.0190052 0.0762366
0.0282985 0.352429 0.35304 0.10806 0.0421137 0.043319 9.9982E-05 9.9982E-05 0.0725399
0.0670347 0.184616 0.348188 0.0579276 0.0905656 0.10908 0.0304293 0.00948096 0.102678
0.0306008 0.11758 0.59032 0.0894035 9.9982E-05 9.9982E-05 0.0700721 0.0597002 0.0421235
0.123619 0.255281 0.457676 0.0856213 9.9982E-05 9.9982E-05 0.029943 0.0208774 0.0267819
0.150564 0.309265 0.338826 0.0990534 0.0121373 0.0898541 9.9973E-05 9.9973E-05 9.9973E-05
0.0164491 0.653399 9.9973E-05 9.9973E-05 0.105909 0.0148636 0.194021 9.9973E-05 0.0150581
0.142751 0.323383 0.374086 9.9973E-05 0.054985 9.9973E-05 0.0803437 0.0241509 9.9973E-05
0.102171 0.17225 0.474063 0.137543 0.00567743 9.9982E-05 9.9982E-05 0.0356843 0.0724109
0.0669717 0.163001 0.565651 9.9982E-05 0.00342777 0.00599932 0.16344 0.0313084 9.9982E-05
0.226082 0.340514 0.265358 9.9973E-05 0.0643144 9.9973E-05 0.0374983 0.0659338 9.9973E-05
0.0624974 0.0404866 0.597816 0.0879017 0.0444817 0.109853 0.046908 9.9991E-05 0.00995618
0.0848038 0.200778 0.494118 0.0616261 0.127784 9.9982E-05 9.9982E-05 0.0304843 0.000205736
0.161117 0.486605 0.119661 9.9973E-05 0.153448 9.9973E-05 0.0431843 0.0356854 9.9973E-05
0.126867 0.324652 0.259867 0.144577 0.143636 9.9964E-05 9.9964E-05 9.9964E-05 9.9964E-05
0.100387 0.412483 0.231809 0.00949725 9.9982E-05 0.0240685 0.10508 9.9982E-05 0.116475
9.993E-05 9.993E-05 9.993E-05 9.993E-05 9.993E-05 9.993E-05 9.993E-05 0.999201 9.993E-05
9.993E-05 9.993E-05 9.993E-05 9.993E-05 9.993E-05 9.993E-05 9.993E-05 0.999201 9.993E-05
0.015098 9.9964E-05 0.13201 0.0361585 9.9964E-05 0.50871 9.9964E-05 0.307624 9.9964E-05
0.0542163 9.9973E-05 0.0926055 0.039373 0.053937 0.496427 9.9973E-05 0.263142 9.9973E-05
0.316829 0.0554108 0.497649 9.9973E-05 9.9973E-05 0.0264689 0.0976286 0.0057138 9.9973E-05
0.368575 0.0188529 0.392091 0.0290888 0.0726261 0.118467 9.9973E-05 9.9973E-05 9.9973E-05
0.420023 9.9964E-05 0.486572 9.9964E-05 0.0227183 0.055232 0.0150552 9.9964E-05 9.9964E-05
0.101565 0.588638 0.1292 9.9982E-05 0.02704 0.0980234 0.0198122 0.0355214 9.9982E-05
0.643923 9.9982E-05 0.215757 0.0177531 0.0721827 0.0131736 9.9982E-05 0.0119659 0.0250445
0.15731 0.110533 0.595151 0.0320591 9.9982E-05 0.0322081 9.9982E-05 0.0464215 0.0261169
0.244761 0.0106221 0.583671 9.9973E-05 0.0409145 0.0595319 0.0601999 9.9973E-05 9.9973E-05
0.0841446 0.00428798 0.495076 9.9982E-05 9.9982E-05 0.0795839 0.312662 0.0198064 0.00423826
0.0429359 0.0252378 0.518844 9.9973E-05 9.9973E-05 0.0404142 0.290141 0.0821273 9.9973E-05
0.626986 0.126255 0.116991 0.0913907 9.9964E-05 9.9964E-05 9.9964E-05 0.0379773 9.9964E-05
0.075544 9.9982E-05 0.51028 0.0286721 0.0235298 0.0155161 0.315564 0.0306943 9.9982E-05
0.275001 0.0259454 0.52561 9.9973E-05 0.0711104 0.0840278 0.0180062 9.9973E-05 9.9973E-05
0.257758 9.9991E-05 0.42008 0.0296594 0.108025 0.0285899 0.107061 0.0485995 0.000127182
0.647225 9.9964E-05 0.247404 0.0602995 9.9964E-05 9.9964E-05 9.9964E-05 0.00403636 0.0406348
0.287307 9.9964E-05 0.530415 9.9964E-05 0.138299 9.9964E-05 9.9964E-05 0.0173414 0.0262388
0.189007 0.0623387 0.456598 9.9991E-05 0.0127327 0.126953 0.0209398 0.00616197 0.125169
0.67832 9.9964E-05 9.9964E-05 0.184506 9.9964E-05 0.00336953 0.0832859 9.9964E-05 0.0501194
0.220777 0.428477 0.180357 0.0922479 9.9973E-05 9.9973E-05 0.0694549 9.9973E-05 0.00838652
0.219521 0.236587 0.0495769 0.157679 9.9973E-05 9.9973E-05 0.212083 9.9973E-05 0.124253
0.0235335 0.137536 0.608728 0.114214 9.9973E-05 9.9973E-05 0.0439268 0.071762 9.9973E-05
9.9973E-05 9.9973E-05 0.622731 9.9973E-05 0.0138282 0.12406 0.0414299 0.0414075 0.156243
0.101646 0.0783285 0.57785 0.0680261 0.0136518 9.9991E-05 0.0475651 0.0276393 0.0851933
0.260506 0.311454 0.200671 0.049817 9.9982E-05 0.069277 0.105939 0.00213648 9.9982E-05
0.129856 0.195433 0.443138 0.0326211 0.0238979 9.9991E-05 0.0515303 0.0429901 0.0804328
9.9964E-05 0.166084 0.546207 9.9964E-05 0.0915647 0.0859336 0.109811 9.9964E-05 9.9964E-05
0.173509 0.196179 0.32391 9.9991E-05 0.0204184 0.0896934 0.107313 0.028645 0.0602327
0.139737 0.318116 0.136012 0.184995 9.9982E-05 0.151827 0.00594729 0.0631663 9.9982E-05
0.161353 0.124393 0.523504 0.0783554 0.0558999 9.9973E-05 9.9973E-05 0.0561942 9.9973E-05
0.0330446 0.28712 0.430524 0.0937208 0.0572215 0.0388488 9.9982E-05 9.9982E-05 0.05932
0.226483 0.507038 9.9973E-05 0.0836928 9.9973E-05 9.9973E-05 0.0666248 0.0629489 0.0529119
0.0996033 0.220624 0.552906 0.110723 9.9964E-05 9.9964E-05 9.9964E-05 9.9964E-05 0.0157432
0.18435 9.9991E-05 0.547787 0.020031 0.047356 0.0448223 0.0206509 0.00399502 0.130908
0.104858 0.090261 0.519795 9.9982E-05 0.0775989 9.9982E-05 0.0397465 0.0826005 0.0849397
0.18165 0.280251 0.330869 0.125988 9.9982E-05 0.0464521 0.0310964 0.00349365 9.9982E-05
0.119635 0.160903 0.449001 0.170944 9.9973E-05 9.9973E-05 0.0504855 0.0487315 9.9973E-05
0.0745782 0.147488 0.59823 0.056338 9.9982E-05 0.0752648 9.9982E-05 0.00701388 0.0408868
0.198489 0.366028 0.234656 0.0347614 9.9982E-05 9.9982E-05 0.0774001 0.0606519 0.0278135
0.385045 9.9946E-05 0.582694 9.9946E-05 9.9946E-05 9.9946E-05 0.0316604 9.9946E-05 9.9946E-05
0.646569 0.0967944 0.190162 9.9964E-05 9.9964E-05 9.9964E-05 0.0241595 0.0419147 9.9964E-05
0.15257 0.0702122 0.480483 0.0293431 0.0874983 9.9982E-05 9.9982E-05 0.105589 0.0741036
0.84779 9.9946E-05 9.9946E-05 0.0676741 9.9946E-05 9.9946E-05 0.083936 9.9946E-05 9.9946E-05
0.896614 9.9964E-05 9.9964E-05 0.00577386 9.9964E-05 9.9964E-05 0.0387667 0.0233426 0.0351027
0.699214 9.9946E-05 0.293628 9.9946E-05 0.00655885 9.9946E-05 9.9946E-05 9.9946E-05 9.9946E-05
0.531261 9.9964E-05 0.394069 0.00151043 9.9964E-05 9.9964E-05 0.0587604 0.0139994 9.9964E-05
0.196771 9.9991E-05 0.498862 0.0444197 0.00319821 0.160998 0.0222078 0.0455836 0.02786
0.381286 0.105892 0.415819 0.0739067 9.9964E-05 9.9964E-05 9.9964E-05 0.0226968 9.9964E-05
0.622962 0.165966 0.11896 9.9964E-05 0.064733 0.0269787 9.9964E-05 9.9964E-05 9.9964E-05
0.507818 0.216233 0.223729 9.9964E-05 9.9964E-05 0.0441249 9.9964E-05 0.0076954 9.9964E-05
0.27142 0.04216 0.328625 0.0320702 0.212927 0.0122462 9.9991E-05 0.0705129 0.029939
0.574413 0.0388538 0.2951 9.9973E-05 9.9973E-05 0.037835 0.0288821 9.9973E-05 0.0246168
0.480153 0.0652117 0.327633 9.9973E-05 0.0584985 0.0465161 9.9973E-05 0.0216872 9.9973E-05
0.573247 9.9955E-05 0.372082 9.9955E-05 9.9955E-05 9.9955E-05 0.0510262 0.00314595 9.9955E-05
0.69854 9.9955E-05 9.9955E-05 0.114859 9.9955E-05 9.9955E-05 0.0700954 9.9955E-05 0.116006
0.2248 0.0437053 0.616461 0.0209568 9.9982E-05 0.0194168 9.9982E-05 0.015231 0.0592301
0.00135178 0.0326842 0.144945 9.9973E-05 0.00531908 0.769308 9.9973E-05 0.0460915 9.9973E-05
9.9946E-05 9.9946E-05 0.0700666 9.9946E-05 9.9946E-05 0.816075 9.9946E-05 0.113259 9.9946E-05
9.9964E-05 9.9964E-05 0.0855835 0.0621509 0.0152025 0.744449 9.9964E-05 0.0922144 9.9964E-05
9.9955E-05 9.9955E-05 0.0320729 0.106595 9.9955E-05 0.743283 9.9955E-05 0.117549 9.9955E-05
0.014804 9.9964E-05 0.0477448 0.0368423 9.9964E-05 0.787806 9.9964E-05 0.112403 9.9964E-05
9.9964E-05 9.9964E-05 0.044727 0.0610285 9.9964E-05 0.83986 9.9964E-05 0.0270432 0.0269413
9.99551E-05 9.99551E-05 0.061731 0.0214325 9.99551E-05 0.858132 9.99551E-05 0.0582044 9.99551E-05
0.25814 9.9982E-05 0.577258 0.0219022 9.9982E-05 0.0631696 0.0169511 0.0493074 0.0130713
0.095341 0.189011 0.447561 9.9991E-05 0.156754 0.0946706 0.00371073 0.0117549 0.00109622
0.837459 0.0454458 0.0374973 9.9955E-05 9.9955E-05 0.079098 9.9955E-05 9.9955E-05 9.9955E-05
0.230028 0.0832142 0.499204 9.9991E-05 0.0374116 0.0690271 0.0537244 0.0131534 0.0141371
0.393504 0.0992784 0.369897 9.9973E-05 0.0230544 0.0379919 0.0759742 9.9973E-05 9.9973E-05
0.297696 9.9973E-05 0.513517 9.9973E-05 0.0152115 0.050619 0.0335698 9.9973E-05 0.0890874
0.257278 9.9982E-05 0.495118 0.0138789 9.9982E-05 0.00751135 0.0757281 0.0587784 0.0915073
0.462309 9.9973E-05 0.340907 9.9973E-05 0.119506 0.00363881 0.0580998 9.9973E-05 0.01524
0.756652 0.178846 9.9955E-05 9.9955E-05 9.9955E-05 0.0459763 9.9955E-05 9.9955E-05 0.0180262
0.160043 0.124022 0.392072 9.9991E-05 0.097794 0.080558 0.00228496 0.0576749 0.0854519
0.202246 9.9964E-05 0.649302 9.9964E-05 9.9964E-05 9.9964E-05 0.0387713 0.0275934 0.0816883
0.171436 0.0940368 0.538646 0.0376718 0.0600504 0.0218085 0.00044692 0.0710853 0.00481849
0.534301 9.9982E-05 0.250744 0.0833916 0.0291635 9.9982E-05 0.0328756 0.0184724 0.0508524
0.391559 9.9964E-05 0.480466 0.0441089 9.9964E-05 9.9964E-05 0.0572985 0.0261674 9.9964E-05
0.388231 0.0568141 0.435509 9.9973E-05 9.9973E-05 0.0400233 9.9973E-05 0.0313179 0.0478044
0.624308 9.9955E-05 0.239511 9.9955E-05 0.112173 9.9955E-05 0.0235083 9.9955E-05 9.9955E-05
0.355313 0.0736621 0.425326 9.9964E-05 9.9964E-05 0.0785938 0.0667055 9.9964E-05 9.9964E-05
0.114314 0.113806 0.624556 0.0715693 9.9973E-05 0.0635302 0.0119253 9.9973E-05 9.9973E-05
0.0402053 0.297543 0.274974 0.19804 9.9964E-05 9.9964E-05 9.9964E-05 9.9964E-05 0.188837
0.0389047 0.308268 0.356077 0.0980146 0.0719728 0.0364155 0.0548654 0.0353824 9.9991E-05
0.172913 0.132746 0.4156 0.0495008 0.0845 0.0657588 0.0163035 0.0393596 0.0233183
9.9973E-05 0.064784 0.623281 0.0124042 9.9973E-05 0.102523 0.104978 9.9973E-05 0.0917309
9.9955E-05 0.331747 0.537915 9.9955E-05 9.9955E-05 9.9955E-05 9.9955E-05 0.0784124 0.0514258
0.00772752 0.246325 0.655079 9.9964E-05 9.9964E-05 0.0651632 9.9964E-05 9.9964E-05 0.0253053
0.0554552 0.298644 0.451812 9.9964E-05 9.9964E-05 0.0674174 9.9964E-05 9.9964E-05 0.126271
0.0828237 0.152991 0.516662 0.0594586 9.9973E-05 9.9973E-05 0.0975376 9.9973E-05 0.0902269
0.148217 0.135212 0.501158 0.0217942 0.0922342 0.034561 0.0666233 9.9982E-05 9.9982E-05
0.135998 0.187732 0.582922 9.9982E-05 9.9982E-05 0.00670438 0.0410779 0.0268579 0.0185089
0.00765818 0.324049 0.537026 0.00971868 9.9973E-05 9.9973E-05 0.0341088 9.9973E-05 0.0871391
0.0300838 0.13332 0.610097 0.0400874 0.0150368 0.0297202 0.0804253 0.0373518 0.023878
9.9991E-05 0.0555929 0.56706 0.0278273 0.0799049 0.0980406 0.0525576 0.0108258 0.108091
0.0321068 0.177776 0.582156 9.9982E-05 0.0203628 0.00616218 9.9982E-05 0.0273808 0.153856
9.9982E-05 0.152877 0.515385 0.0811354 0.0311084 9.9982E-05 0.0307358 0.0612118 0.127346
0.0737326 0.271638 0.486346 9.9982E-05 0.0978024 9.9982E-05 0.0218179 0.0237269 0.0247362
9.9973E-05 0.261684 0.304937 0.165719 9.9973E-05 0.0510047 0.124417 9.9973E-05 0.0919392
0.0705198 0.143162 0.63623 0.0753992 0.0663803 0.00800788 9.9973E-05 9.9973E-05 9.9973E-05
9.9973E-05 0.110904 0.688465 0.108748 9.9973E-05 9.9973E-05 0.00571844 0.00469859 0.0811667
0.152355 0.341779 0.239082 0.0938535 0.0710546 9.9991E-05 0.07741 0.00286533 0.0215007
0.0537956 0.308982 0.18978 0.185917 9.9973E-05 9.9973E-05 0.111499 9.9973E-05 0.149726
0.0527107 0.219674 0.535574 0.0379184 0.00560823 0.087759 0.060556 9.9982E-05 9.9982E-05
0.198754 0.335185 0.0109697 0.11321 0.0570062 9.9982E-05 0.0714774 9.9982E-05 0.213197
0.114412 0.406532 0.241028 0.0379642 0.00786556 0.0495586 9.9991E-05 0.0350174 0.107523
0.200213 0.271623 0.405151 9.9973E-05 0.00220037 9.9973E-05 0.11774 0.00277312 9.9973E-05
0.197277 0.439879 0.303895 9.9964E-05 9.9964E-05 0.0324886 9.9964E-05 0.0260604 9.9964E-05
0.176161 0.38817 0.335822 9.9964E-05 9.9964E-05 0.0122282 0.0872188 9.9964E-05 9.9964E-05
0.0302953 0.150713 0.494503 9.9982E-05 0.0757411 0.0453309 0.153177 0.0500391 9.9982E-05
0.0658239 0.202034 0.398995 9.9982E-05 0.148415 0.0407652 9.9982E-05 0.00332976 0.140438
0.0215927 0.107711 0.605975 0.113024 9.9982E-05 0.0564227 0.0471202 9.9982E-05 0.0479534
0.0870971 0.350792 0.153435 0.154076 0.0322704 9.9982E-05 0.0478447 9.9982E-05 0.174285
0.146938 0.0613768 0.420049 9.9991E-05 0.0397011 0.0916805 0.160988 0.0330415 0.0461261
0.0638208 0.0571709 0.446941 0.156842 0.0143847 0.0201262 0.144864 0.00396584 0.091885
0.0633224 0.162611 9.9982E-05 0.286586 9.9982E-05 0.0127018 0.306158 0.0237138 0.144707
0.105252 9.9973E-05 0.51348 9.9973E-05 0.0895635 0.0458087 0.149839 9.9973E-05 0.095758
0.107414 0.0776964 0.325309 0.185021 0.0304874 9.9982E-05 0.208119 9.9982E-05 0.0657532
0.095257 0.107394 0.483902 0.111937 0.0542066 0.0509793 0.0728589 9.9991E-05 0.0233646
0.195837 0.0670603 0.197137 0.174826 9.9982E-05 9.9982E-05 0.247386 0.071602 0.045952
0.0744273 0.130817 0.172339 0.0761571 9.9982E-05 0.0489117 0.414138 9.9982E-05 0.0830095
0.0570353 0.136242 0.393857 0.0133012 9.9991E-05 0.0534094 0.135904 0.0055515 0.204599
0.126393 0.0391061 0.396319 0.0482525 0.0731555 0.0774989 0.0941568 9.9991E-05 0.145018
0.153387 0.14608 0.329305 0.12285 0.0223831 0.161032 0.0647638 9.9982E-05 9.9982E-05
0.230202 0.15403 9.9982E-05 0.193287 0.120221 9.9982E-05 0.230467 0.0175134 0.0540806
9.9982E-05 0.10072 0.526605 0.0847905 0.0252283 0.0353328 0.105476 9.9982E-05 0.121646
0.220815 0.047549 0.312496 0.0556698 9.9964E-05 9.9964E-05 0.36307 9.9964E-05 9.9964E-05
0.0895185 0.0831799 0.443801 0.096832 9.9991E-05 0.00316093 0.113832 0.0124596 0.157116
0.148588 9.9982E-05 0.515586 0.0929753 0.0297649 0.076575 0.0559253 9.9982E-05 0.080386
9.9973E-05 9.9973E-05 0.149983 0.112434 0.232508 0.240462 0.205688 0.0586251 9.9973E-05
9.9955E-05 9.9955E-05 9.9955E-05 0.466171 0.0706514 0.39918 0.0634973 9.9955E-05 9.9955E-05
9.9964E-05 9.9964E-05 9.9964E-05 0.548649 0.0607517 0.234516 0.0988091 0.0568742 9.9964E-05
9.9973E-05 9.9973E-05 0.0835192 0.293143 0.248468 0.28336 0.0811488 0.0100607 9.9973E-05
0.0449777 9.9955E-05 0.574937 9.9955E-05 9.9955E-05 9.9955E-05 0.37146 0.00812498 9.9955E-05
0.0973695 0.0350184 0.577173 9.9991E-05 0.0198936 0.0725044 0.131321 0.00353729 0.063083
9.9955E-05 9.9955E-05 0.334218 9.9955E-05 0.626375 9.9955E-05 9.9955E-05 0.011123 0.0277838
0.0169308 0.107289 0.32157 0.00810706 0.391746 0.037833 9.9982E-05 9.9982E-05 0.116324
0.0190135 0.0178085 0.269093 0.0187816 0.377487 0.14145 0.0334219 0.00642972 0.116516
0.0408833 9.9964E-05 0.270207 0.0428227 9.9964E-05 9.9964E-05 0.515444 9.9964E-05 0.130243
0.0616202 0.0976078 0.500744 0.057985 0.061742 0.0382518 0.181849 9.9982E-05 9.9982E-05
0.0785595 9.9982E-05 0.0864589 0.121726 0.0144146 9.9982E-05 0.558343 0.00216581 0.138132
0.21781 0.027332 0.536312 0.00729541 0.0239947 0.0403852 0.107213 9.9991E-05 0.0395571
0.134695 9.9964E-05 0.386073 9.9964E-05 0.0439568 9.9964E-05 0.243425 9.9964E-05 0.191451
0.0543005 0.0405046 0.498442 0.0580457 0.0137157 9.9991E-05 0.261106 0.0107709 0.0630144
0.110416 0.0831147 0.0911711 0.0865735 9.9973E-05 9.9973E-05 0.487605 9.9973E-05 0.14082
0.123614 0.00290707 0.533024 0.0265372 0.0746755 0.0786785 0.103709 0.0120753 0.0447797
0.112991 9.9982E-05 0.37125 0.0637675 0.132128 9.9982E-05 0.200616 0.0557739 0.0632731
9.9937E-05 9.9937E-05 9.9937E-05 9.9937E-05 0.945502 9.9937E-05 9.9937E-05 9.9937E-05 0.0537982
9.9955E-05 9.9955E-05 0.0578011 9.9955E-05 0.88097 9.9955E-05 0.0119023 9.9955E-05 0.0488271
0.0978347 0.00394061 0.224973 9.9991E-05 0.535623 0.0823054 0.0397174 0.0107504 0.00475507
9.9955E-05 0.0389238 0.286765 9.9955E-05 0.653384 9.9955E-05 9.9955E-05 0.0204274 9.9955E-05
0.101817 9.9964E-05 0.0476208 9.9964E-05 0.804611 0.0140281 9.9964E-05 0.0315231 9.9964E-05
9.9955E-05 0.00571175 9.9955E-05 0.0235427 0.962404 9.9955E-05 9.9955E-05 0.00784209 9.9955E-05
9.9955E-05 9.9955E-05 9.9955E-05 0.0691803 0.909286 9.9955E-05 0.0114757 9.9955E-05 0.00955796
9.9946E-05 9.9946E-05 0.136858 9.9946E-05 0.858699 9.9946E-05 9.9946E-05 9.9946E-05 0.00384352
9.9937E-05 0.0190343 9.9937E-05 9.9937E-05 0.980266 9.9937E-05 9.9937E-05 9.9937E-05 9.9937E-05
9.993E-05 9.993E-05 9.993E-05 9.993E-05 0.999201 9.993E-05 9.993E-05 9.993E-05 9.993E-05
9.9937E-05 9.9937E-05 9.9937E-05 9.9937E-05 0.969742 9.9937E-05 9.9937E-05 0.029558 9.9937E-05
9.9964E-05 0.0325056 0.240118 9.9964E-05 0.67041 0.00995548 9.9964E-05 0.0466114 9.9964E-05
9.9964E-05 9.9964E-05 0.116864 0.0309316 0.756198 0.0742862 9.9964E-05 0.0213203 9.9964E-05
0.018095 9.9946E-05 9.9946E-05 9.9946E-05 0.958236 9.9946E-05 9.9946E-05 0.0230693 9.9946E-05
0.0834399 9.9973E-05 0.329147 9.9973E-05 0.460407 0.0530235 0.0290628 9.9973E-05 0.0446192
0.032848 0.0661847 0.0741771 9.9973E-05 0.71598 9.9973E-05 9.9973E-05 0.0527124 0.057798
9.9973E-05 0.0234943 0.163322 0.0303119 0.72671 0.00597156 9.9973E-05 0.0498904 9.9973E-05
9.9964E-05 0.0367287 0.0116458 9.9964E-05 0.924013 0.0012996 9.9964E-05 0.0259132 9.9964E-05
9.993E-05 9.993E-05 9.993E-05 9.993E-05 0.999201 9.993E-05 9.993E-05 9.993E-05 9.993E-05
9.9955E-05 9.9955E-05 0.0810882 0.0185071 0.848776 0.051129 9.9955E-05 9.9955E-05 9.9955E-05
9.9946E-05 9.9946E-05 9.9946E-05 9.9946E-05 0.959443 9.9946E-05 0.000207716 0.0397496 9.9946E-05
9.9973E-05 0.0332787 0.252378 0.0320646 0.651585 0.010163 9.9973E-05 9.9973E-05 0.0202312
9.9955E-05 9.9955E-05 0.0723703 9.9955E-05 0.874988 0.0337062 9.9955E-05 9.9955E-05 0.0184362
9.9964E-05 9.9964E-05 9.9964E-05 0.226286 0.00532957 0.241417 0.490201 9.9964E-05 0.0363673
9.9982E-05 0.142449 0.368181 0.0325439 9.9982E-05 0.133739 0.252586 0.0563254 0.0139755
0.0317463 0.0853111 0.351038 9.9982E-05 0.140523 0.179709 0.211288 0.000184956 9.9982E-05
0.111377 9.9991E-05 0.083151 0.238565 0.0984689 0.131967 0.263275 0.0509397 0.0221562
0.000515928 0.122583 0.316761 0.0763018 0.171289 0.129258 0.111588 9.9991E-05 0.0716035
0.130575 9.9991E-05 0.105911 0.214387 0.0992579 0.115906 0.225326 0.0486831 0.0598546
0.12412 0.0759278 0.363128 0.0433237 0.0533661 0.14382 0.161801 0.027271 0.00724138
9.9982E-05 9.9982E-05 0.268729 0.104492 0.127101 0.0731431 0.406968 0.0104788 0.008888
0.0805243 9.9991E-05 0.325406 0.0843113 0.125924 0.0414716 0.258895 0.0670716 0.0162965
9.9973E-05 9.9973E-05 0.205055 0.10684 0.203807 0.0448112 0.372955 0.0662327 9.9973E-05
0.048312 9.9973E-05 0.454052 0.0831486 0.0292272 0.101099 0.283861 9.9973E-05 9.9973E-05
9.9964E-05 0.0110606 0.0896505 0.0136076 9.9964E-05 0.822044 0.0632378 9.9964E-05 9.9964E-05
9.9955E-05 9.9955E-05 9.9955E-05 0.0363758 0.0403138 0.855313 9.9955E-05 0.0674979 9.9955E-05
9.9955E-05 0.0292508 9.9955E-05 0.04934 9.9955E-05 0.9103 9.9955E-05 0.0106096 9.9955E-05
9.9964E-05 0.0017663 0.0286108 0.0447193 9.9964E-05 0.914075 9.9964E-05 0.0104288 9.9964E-05
9.9964E-05 0.0598989 0.0202105 0.104122 9.9964E-05 0.753302 9.9964E-05 0.0620669 9.9964E-05
9.9955E-05 9.9955E-05 9.9955E-05 0.0844447 0.0592279 0.798765 9.9955E-05 0.0570625 9.9955E-05
9.9946E-05 9.9946E-05 9.9946E-05 9.9946E-05 0.102856 0.845078 9.9946E-05 0.0514658 9.9946E-05
9.9973E-05 9.9973E-05 0.013388 0.0614534 9.9973E-05 0.833706 0.00547292 0.015426 0.0702534
0.0026247 9.9973E-05 9.9973E-05 0.0235999 0.0209949 0.866863 9.9973E-05 0.0279001 0.0577172
9.9964E-05 0.00400908 9.9964E-05 0.0611775 0.0879992 0.82712 9.9964E-05 0.0192947 9.9964E-05
0.145362 0.198157 9.9964E-05 9.9964E-05 9.9964E-05 0.593812 9.9964E-05 0.0328933 0.0293764
0.102534 0.276807 9.9964E-05 0.0422448 9.9964E-05 0.5629 9.9964E-05 0.015114 9.9964E-05
9.9964E-05 0.300936 9.9964E-05 0.130737 9.9964E-05 0.451254 9.9964E-05 0.0519082 0.0647657
0.11559 0.292816 9.9955E-05 9.9955E-05 9.9955E-05 0.512278 0.0788156 9.9955E-05 9.9955E-05
0.338698 0.0949243 0.461827 0.0223305 9.9973E-05 0.0167467 9.9973E-05 0.0651743 9.9973E-05
0.312965 0.0463425 0.462781 9.9982E-05 0.0503573 0.0678043 9.9982E-05 0.00198386 0.0575664
0.153371 0.0880783 0.611258 9.9982E-05 0.0085098 9.9982E-05 0.0901721 0.0181047 0.0303061
0.280502 0.248184 0.380231 0.0487878 9.9964E-05 9.9964E-05 9.9964E-05 0.0418959 9.9964E-05
0.150253 0.574691 0.184235 9.9973E-05 0.0188265 9.9973E-05 0.0608558 0.0108388 9.9973E-05
0.25296 0.068473 0.592597 9.9973E-05 0.0416916 9.9973E-05 9.9973E-05 0.0230734 0.0209055
0.364311 0.035918 0.491451 0.00307603 0.043717 9.9982E-05 0.0601121 9.9982E-05 0.00121436
0.303843 0.0699812 0.529434 0.0470399 9.9973E-05 9.9973E-05 0.0367294 9.9973E-05 0.0126724
0.602447 9.9964E-05 0.261159 9.9964E-05 0.0677264 9.9964E-05 0.00142754 9.9964E-05 0.066841
0.155433 0.0782457 0.57991 0.0738474 0.00388631 0.00501571 0.0450814 0.0134286 0.0451513
0.348658 0.127163 0.390933 9.9973E-05 9.9973E-05 9.9973E-05 0.063609 0.0319641 0.0373734
0.729274 0.113823 9.9955E-05 9.9955E-05 9.9955E-05 9.9955E-05 9.9955E-05 0.00063465 0.155769
0.213026 0.150735 0.441553 0.0195872 0.0103502 0.0598628 0.0393364 0.0336914 0.0318581
0.603168 9.9964E-05 0.237548 0.088154 9.9964E-05 9.9964E-05 9.9964E-05 0.000701574 0.0700287
0.321743 0.0417818 0.5423 9.9964E-05 9.9964E-05 9.9964E-05 9.9964E-05 0.0176309 0.076145
0.662956 0.138085 0.122253 9.9955E-05 9.9955E-05 0.0762066 9.9955E-05 9.9955E-05 9.9955E-05
0.0409514 0.654351 9.9964E-05 9.9964E-05 9.9964E-05 0.122862 0.163184 0.0182509 9.9964E-05
9.9964E-05 0.631107 0.0130903 9.9964E-05 0.011517 0.0707778 0.273108 9.9964E-05 9.9964E-05
9.9964E-05 0.715411 9.9964E-05 9.9964E-05 9.9964E-05 0.0674325 0.165446 0.00087009 0.0504411
9.9946E-05 0.691013 9.9946E-05 9.9946E-05 9.9946E-05 0.123485 0.184903 9.9946E-05 9.9946E-05
9.9946E-05 0.708307 9.9946E-05 9.9946E-05 0.103111 9.9946E-05 0.187982 9.9946E-05 9.9946E-05
9.9955E-05 0.688536 0.13815 9.9955E-05 9.9955E-05 0.091599 0.0812144 9.9955E-05 9.9955E-05
9.9964E-05 9.9964E-05 0.0935368 0.0372608 0.0192138 0.822528 9.9964E-05 0.0270611 9.9964E-05
9.9955E-05 9.9955E-05 0.127013 0.0595796 9.9955E-05 0.792287 9.9955E-05 0.0206207 9.9955E-05
9.9964E-05 9.9964E-05 0.0963765 0.0378301 0.105494 0.724557 9.9964E-05 0.0353424 9.9964E-05
9.9973E-05 0.0819435 0.0591728 0.0707473 0.073757 0.667899 9.9973E-05 0.0461807 9.9973E-05
9.9964E-05 9.9964E-05 0.124418 0.024297 0.0575622 0.7723 9.9964E-05 0.0210232 9.9964E-05
9.9955E-05 0.469987 9.9955E-05 9.9955E-05 9.9955E-05 0.378097 0.113749 0.0376673 9.9955E-05
0.0502487 0.345126 9.9955E-05 9.9955E-05 9.9955E-05 0.47008 0.134046 9.9955E-05 9.9955E-05
0.0251191 0.38318 9.9964E-05 9.9964E-05 9.9964E-05 0.436429 9.9964E-05 0.0379958 0.116877
9.993E-05 9.993E-05 9.993E-05 9.993E-05 9.993E-05 9.993E-05 9.993E-05 0.999201 9.993E-05
0.0482331 0.435545 9.9964E-05 9.9964E-05 9.9964E-05 0.383169 0.116475 9.9964E-05 0.0161778
9.9964E-05 9.9964E-05 0.297888 0.188172 0.346535 0.154666 9.9964E-05 9.9964E-05 0.0123398
9.9982E-05 0.0539346 0.519223 0.0739629 0.240316 0.0806639 0.0231272 0.00857241 9.9982E-05
9.9964E-05 9.9964E-05 0.532534 0.0132385 0.237734 0.182693 9.9964E-05 0.0334012 9.9964E-05
0.084623 0.00288462 0.386553 0.12199 0.195085 0.208565 9.9973E-05 9.9973E-05 9.9973E-05
0.0996086 0.023164 0.49102 0.0685109 0.0960636 0.124958 9.9991E-05 0.0133223 0.0832531
9.9964E-05 9.9964E-05 9.9964E-05 0.248873 0.283235 0.384892 0.0640132 9.9964E-05 0.0185872
0.156438 0.263609 0.464682 0.035246 9.9973E-05 0.00432652 9.9973E-05 9.9973E-05 0.0753994
0.132247 0.271182 0.342563 0.0756779 9.9973E-05 9.9973E-05 0.0491616 9.9973E-05 0.128868
0.0897255 0.460672 0.29215 0.0384254 0.0129406 0.0220527 0.00746228 0.0539627 0.0226094
0.138253 0.128919 0.411626 9.9973E-05 9.9973E-05 0.00459825 0.00464035 9.9973E-05 0.311664
0.140005 0.219444 9.9964E-05 0.17673 9.9964E-05 9.9964E-05 0.0414859 9.9964E-05 0.421936
0.0564052 0.14545 0.514522 0.0664849 9.9991E-05 0.036313 0.132392 0.0294629 0.0188706
0.0589666 0.18675 0.472364 0.0716645 9.9973E-05 9.9973E-05 9.9973E-05 0.00106011 0.208895
0.147891 0.416683 0.358448 0.0600534 9.9964E-05 9.9964E-05 9.9964E-05 0.016525 9.9964E-05
0.102813 0.132969 0.560147 9.9982E-05 0.0171198 0.0884889 0.0903334 0.00792927 9.9982E-05
0.131491 0.313012 0.116935 0.185988 9.9973E-05 9.9973E-05 0.166303 9.9973E-05 0.0859714
0.205369 0.133048 0.420148 0.0900889 9.9973E-05 9.9973E-05 9.9973E-05 0.033978 0.117068
0.149181 0.215356 0.559832 0.0557654 9.9964E-05 9.9964E-05 0.0194646 9.9964E-05 9.9964E-05
0.207094 0.0908951 0.363797 0.0362044 0.224216 0.0765297 0.00106334 9.9982E-05 9.9982E-05
0.0267714 0.293886 0.367009 0.0676981 9.9973E-05 9.9973E-05 0.023142 9.9973E-05 0.221194
0.10539 0.273334 0.447586 0.0442103 9.9973E-05 0.0451395 9.9973E-05 9.9973E-05 0.0840398
0.176484 0.0553233 0.409726 0.0405839 0.0982551 0.01353 0.0775174 9.9991E-05 0.12848
0.150597 0.129064 0.497528 0.0538188 9.9982E-05 0.00327561 0.0526583 9.9982E-05 0.112858
0.120773 0.0600707 0.653528 0.0580641 9.9973E-05 9.9973E-05 9.9973E-05 0.0511311 0.0561324
0.156402 0.154775 0.459668 0.0302225 0.0377652 0.0591343 0.083398 0.0185346 9.9991E-05
0.109067 0.141088 0.596699 0.0308324 9.9982E-05 0.0558102 0.0132384 0.0530648 9.9982E-05
9.9946E-05 9.9946E-05 0.161504 9.9946E-05 0.0492337 0.788663 9.9946E-05 9.9946E-05 9.9946E-05
9.9964E-05 9.9964E-05 0.0676693 9.9964E-05 0.0414571 0.815368 0.0436533 9.9964E-05 0.0314524
0.00724467 0.0386568 0.0472467 9.9982E-05 9.9982E-05 0.760376 0.0811466 0.0203363 0.0447934
0.0907368 9.9973E-05 9.9973E-05 0.000691684 0.0510754 0.779558 9.9973E-05 0.038505 0.0391331
9.9964E-05 9.9964E-05 0.116779 9.9964E-05 0.0190776 0.78517 0.0421057 0.036468 9.9964E-05
0.098906 0.482566 0.248483 0.162289 9.9964E-05 9.9964E-05 9.9964E-05 9.9964E-05 0.00735692
0.133535 0.0857792 0.498244 0.0890268 0.0537945 0.029243 9.9982E-05 9.9982E-05 0.110177
0.0690179 9.9991E-05 0.474616 0.0553468 0.0705656 0.198824 0.0882835 0.0123069 0.0309398
0.00436146 0.158537 0.643184 0.0139098 0.0207716 9.9982E-05 9.9982E-05 0.0531553 0.105881
0.12221 0.259932 0.551077 0.0565875 9.9964E-05 0.00979321 9.9964E-05 9.9964E-05 9.9964E-05
9.9964E-05 0.307318 0.382336 0.16523 9.9964E-05 9.9964E-05 0.00888914 9.9964E-05 0.135827
0.124923 0.564685 0.0509403 0.133647 9.9982E-05 0.0460178 0.0101286 0.0694581 9.9982E-05
0.084771 0.25386 0.515364 9.9982E-05 9.9982E-05 0.024375 0.0354644 0.0395025 0.0464623
0.0162376 0.526823 0.198718 9.9991E-05 0.0168706 0.0993078 0.00677336 0.00991729 0.125253
0.14385 0.132132 0.435224 0.0599031 0.0396996 0.0495422 0.0385209 9.9991E-05 0.101028
0.114161 0.446171 0.142278 0.057351 9.9982E-05 0.136021 9.9982E-05 0.0100919 0.0937262
0.0337496 0.168731 0.630328 9.9973E-05 9.9973E-05 0.0611195 9.9973E-05 0.0235908 0.0821819
0.0127699 0.509111 0.189813 9.9991E-05 0.0537731 0.0725941 0.0884169 0.0127886 0.0606328
0.0742212 0.253876 0.30724 0.0897626 0.0910494 0.00155241 0.163283 0.0108226 0.00819285
0.103499 0.0854289 0.405177 9.9982E-05 0.0995347 0.0440618 0.19858 9.9982E-05 0.0635193
9.9973E-05 0.0946338 0.210728 0.0566672 0.000416477 9.9973E-05 0.550417 9.9973E-05 0.0868379
0.0237181 0.0563658 0.484347 9.9973E-05 9.9973E-05 0.0686909 0.326589 0.0399894 9.9973E-05
0.140529 0.0282849 0.551295 0.0760479 0.0216554 0.00455462 0.0936092 0.0839243 9.9991E-05
9.9964E-05 0.0923061 0.249241 0.00576319 9.9964E-05 9.9964E-05 0.598472 9.9964E-05 0.0538175
0.083863 9.9973E-05 0.291769 9.9973E-05 0.164291 9.9973E-05 0.37126 0.0348726 0.0536452
0.154786 9.9973E-05 0.438284 0.0445718 9.9973E-05 0.0550203 0.209258 9.9973E-05 0.0977798
0.0562049 0.068295 0.027071 0.0332693 9.9973E-05 9.9973E-05 0.688986 9.9973E-05 0.125874
9.9955E-05 9.9955E-05 0.192076 0.114663 9.9955E-05 9.9955E-05 0.61939 9.9955E-05 0.0733706
0.0568816 0.0811515 0.443978 0.0150695 9.9973E-05 9.9973E-05 0.375706 9.9973E-05 0.0269132
0.17844 0.0339828 0.0356903 9.9973E-05 9.9973E-05 9.9973E-05 0.681987 0.0288373 0.0407625
0.0802769 0.0658381 0.460372 0.121409 9.9964E-05 9.9964E-05 0.271704 9.9964E-05 9.9964E-05
0.119225 0.575005 0.140624 0.125002 0.0394248 9.9973E-05 9.9973E-05 0.000419202 9.9973E-05
0.0196902 0.364468 0.220853 0.0466255 9.9964E-05 9.9964E-05 9.9964E-05 9.9964E-05 0.347964
0.105153 0.321115 0.410891 0.145454 9.9964E-05 9.9964E-05 9.9964E-05 0.0169868 9.9964E-05
0.141467 0.11536 0.503622 0.0131377 0.0877159 0.00983439 0.0696574 0.041642 0.0175636
0.243827 0.466936 0.24665 0.0350621 9.99777E-05 9.99777E-05 9.99777E-05 0.0065725 0.000652051
0.0611692 0.165023 0.474031 0.0701277 0.0898394 0.0208898 9.9982E-05 9.9982E-05 0.11872
0.036544 0.144044 0.525756 0.157551 0.0347663 9.9991E-05 0.0257866 0.0629237 0.0125282
0.01505 0.301561 0.511949 0.0591276 0.0730308 9.9973E-05 9.9973E-05 9.9973E-05 0.038982
9.9964E-05 0.272674 0.486725 9.9964E-05 0.0603528 9.9964E-05 9.9964E-05 0.0405669 0.139282
0.17536 0.386298 0.326861 9.9973E-05 0.100083 0.0101299 9.9973E-05 0.000967341 9.9973E-05
0.218648 0.481209 0.229629 9.9964E-05 0.069289 9.9964E-05 9.9964E-05 0.000825606 9.9964E-05
0.0380794 0.382617 0.321877 9.9982E-05 0.123424 9.9982E-05 0.0590816 0.000617048 0.0741041
9.9955E-05 0.286583 0.658694 0.0297971 0.0244257 9.9955E-05 9.9955E-05 9.9955E-05 9.9955E-05
0.00703152 0.192729 0.608331 0.0405302 0.0325434 0.0334979 9.9982E-05 9.9982E-05 0.0851365
0.0472672 0.210375 0.441524 0.154034 9.9982E-05 0.017636 0.0146447 9.9982E-05 0.114319
0.0190201 0.199773 0.585851 0.0433395 0.0206595 9.9973E-05 9.9973E-05 9.9973E-05 0.131056
9.9982E-05 0.370786 0.34836 0.0726917 0.0236138 0.0564709 0.0757785 0.0520996 9.9982E-05
9.9955E-05 0.24388 0.638918 9.9955E-05 9.9955E-05 0.0296609 9.9955E-05 9.9955E-05 0.087041
0.0590602 0.252817 0.508692 9.9973E-05 0.0681048 9.9973E-05 9.9973E-05 0.0121495 0.0988766
0.0457053 0.150411 0.578305 9.9982E-05 9.9982E-05 0.0439449 0.0589908 0.0488589 0.0735843
0.0645042 0.000852263 0.412128 0.0167729 0.0971934 0.325705 9.9982E-05 0.0826442 9.9982E-05
0.133903 9.9973E-05 0.480272 0.152252 0.174477 9.9973E-05 9.9973E-05 0.0475107 0.0112865
0.0299636 0.126116 0.544548 0.0289691 0.0787119 0.121855 0.0453354 0.0244013 9.9991E-05
0.049844 0.0872236 0.554593 0.00547168 0.124796 0.0435177 0.0625825 0.0196976 0.0522735
0.0906148 0.00012312 0.515593 0.0698633 0.073019 0.149039 9.9991E-05 0.0302486 0.0713987
9.9973E-05 0.166658 0.459796 0.00416724 0.0346066 9.9973E-05 0.199388 9.9973E-05 0.135084
9.9982E-05 0.109936 0.51766 0.0237979 0.0812954 0.18803 0.000571293 9.9982E-05 0.0785094
0.137229 0.0199978 0.036377 0.317205 0.0943777 0.16387 0.214204 9.9991E-05 0.0166402
0.0205942 0.0779746 0.435473 9.9982E-05 0.224967 0.0878378 0.136261 0.0166924 9.9982E-05
0.0600222 0.0586999 0.516911 0.0849458 0.0741521 0.0657664 0.0532861 0.0569002 0.0293159
0.0414787 0.0676475 0.423258 0.073868 0.205106 0.0488444 0.0817501 0.00370493 0.054343
0.124192 0.100963 0.316568 0.155446 0.0953258 0.0415512 0.0891444 0.0484431 0.0283658
9.9964E-05 9.9964E-05 0.634666 0.082067 0.0470469 0.223298 9.9964E-05 9.9964E-05 0.0125219
9.9982E-05 9.9982E-05 0.569087 0.110773 0.142093 0.0902279 0.0679075 0.0171857 0.00252615
0.00949385 9.9973E-05 9.9973E-05 0.432735 0.125031 0.346788 9.9973E-05 0.0203643 0.0652882
0.0204605 9.9982E-05 0.442933 0.0979471 0.20911 0.136814 0.0738023 0.0187332 9.9982E-05
9.9973E-05 9.9973E-05 0.576456 0.0524663 0.0993226 0.165249 9.9973E-05 0.0408952 0.0653105
0.18703 9.9973E-05 0.530019 0.0559946 0.172436 0.05246 0.0017597 9.9973E-05 9.9973E-05
9.9964E-05 9.9964E-05 0.611256 0.181288 0.10085 0.103656 9.9964E-05 0.00255053 9.9964E-05
9.9973E-05 0.0320341 0.451364 9.9973E-05 0.10363 0.115069 0.253368 0.044235 9.9973E-05
0.0405933 0.0931939 0.360574 9.9973E-05 0.0381457 9.9973E-05 9.9973E-05 0.0435246 0.423669
9.9982E-05 0.0783765 0.485822 0.00634572 9.9982E-05 0.0822166 0.0259212 0.0586145 0.262504
0.164907 0.0608618 9.9955E-05 9.9955E-05 9.9955E-05 9.9955E-05 0.0178523 9.9955E-05 0.755879
9.99459E-05 0.0593419 9.99459E-05 9.99459E-05 9.99459E-05 9.99459E-05 0.00278556 9.99459E-05 0.937273
0.0980519 0.0108333 0.346087 9.9982E-05 0.131695 9.9982E-05 0.075083 0.0283899 0.309659
0.0129422 0.0320032 0.401571 0.184407 0.279048 9.9982E-05 0.0222558 9.9982E-05 0.067573
9.9964E-05 9.9964E-05 0.254292 0.145083 0.285512 0.0667369 9.9964E-05 9.9964E-05 0.247976
9.9982E-05 0.0274429 0.166004 0.203582 0.256366 0.162517 0.029277 9.9982E-05 0.154612
9.9973E-05 9.9973E-05 0.373586 0.0961932 0.165172 0.143145 9.9973E-05 0.0273776 0.194226
9.9973E-05 9.9973E-05 0.0736783 0.150327 0.0128865 0.0536922 0.0848855 9.9973E-05 0.624231
9.9973E-05 9.9973E-05 0.140822 0.0902116 0.0296363 0.0398305 9.9973E-05 0.0599012 0.639299
9.9964E-05 9.9964E-05 0.50905 9.9964E-05 0.092159 0.00239017 9.9964E-05 0.0184874 0.377513
9.9955E-05 9.9955E-05 0.447742 9.9955E-05 0.0537664 0.0608589 9.9955E-05 9.9955E-05 0.437133
9.9964E-05 9.9964E-05 0.124226 9.9964E-05 0.0948686 0.00685361 9.9964E-05 0.0576495 0.716002
9.9964E-05 9.9964E-05 0.504187 9.9964E-05 0.0274313 0.0901974 9.9964E-05 0.0160307 0.361754
0.00751519 9.9973E-05 0.589937 0.0461248 0.0615447 0.0371185 9.9973E-05 9.9973E-05 0.25746
9.9982E-05 0.10668 0.400782 0.0391922 0.111187 0.0804061 9.9982E-05 0.0565812 0.204971
0.0752231 0.0542746 0.274639 9.9964E-05 9.9964E-05 9.9964E-05 0.0566893 9.9964E-05 0.538774
0.0612814 0.011302 0.345135 9.9973E-05 9.9973E-05 9.9973E-05 0.101239 0.0518726 0.42887
0.086349 9.9982E-05 0.396593 9.9982E-05 0.0945447 0.058371 0.0643415 0.0484638 0.251137
0.0392942 0.116246 0.382279 9.9973E-05 9.9973E-05 0.0787419 0.111543 9.9973E-05 0.271596
0.138317 0.0609878 0.391729 0.0719682 0.0528823 0.0556102 0.0787098 0.0210848 0.128711
0.0670488 9.9982E-05 0.433829 0.0398977 9.9982E-05 0.0162002 0.0205044 0.00786468 0.414455
9.9955E-05 0.0621278 0.191662 9.9955E-05 9.9955E-05 9.9955E-05 0.0822126 9.9955E-05 0.663498
0.0541792 9.9982E-05 0.502027 0.0221062 0.00202398 0.0230165 9.9982E-05 0.0203621 0.376085
0.093856 0.0546469 0.160662 0.0267098 9.9964E-05 9.9964E-05 9.9964E-05 9.9964E-05 0.663726
0.014545 0.0225234 0.380734 0.000100627 0.0121849 0.0202591 0.0162889 0.0173463 0.516018
0.0725604 9.9973E-05 0.566984 9.9973E-05 9.9973E-05 0.0669105 0.0142357 0.060435 0.218574
0.0657711 0.0346633 0.575297 9.9982E-05 0.0050834 9.9982E-05 0.000499269 0.0151328 0.303353
0.0760972 0.0148276 0.435897 0.0781697 0.15993 0.160076 0.074803 9.9982E-05 9.9982E-05
0.0467154 0.0822242 0.36196 0.0668741 0.0996107 0.0926645 9.9991E-05 0.0606914 0.18916
9.9991E-05 0.0739575 0.267798 0.0760168 0.266502 0.0806923 0.116022 0.0411843 0.0777272
9.9991E-05 0.0682443 0.311098 0.0355967 0.117945 0.129709 0.0640433 0.100126 0.173139
0.0568542 0.0602034 0.399733 0.0530741 0.148937 0.271982 0.00901703 9.9982E-05 9.9982E-05
0.0124843 9.9982E-05 0.413028 9.9982E-05 0.203721 0.0430193 0.0921426 0.0830952 0.15231
9.9964E-05 9.9964E-05 9.9964E-05 0.13521 0.0788719 0.176474 9.9964E-05 0.0138312 0.595214
9.9973E-05 0.0414109 0.474811 9.9973E-05 0.22716 0.0616461 9.9973E-05 0.041549 0.153123
9.9964E-05 9.9964E-05 9.9964E-05 0.177064 0.0635479 0.308841 9.9964E-05 0.0029139 0.447233
9.9955E-05 9.9955E-05 0.396092 9.9955E-05 0.221992 0.0657417 9.9955E-05 9.9955E-05 0.315674
0.141598 9.9955E-05 0.0821359 9.9955E-05 9.9955E-05 9.9955E-05 9.9955E-05 0.00218904 0.773578
0.107954 9.9955E-05 9.9955E-05 9.9955E-05 9.9955E-05 9.9955E-05 0.0433724 0.012747 0.835427
0.0135903 9.9964E-05 0.398005 9.9964E-05 9.9964E-05 9.9964E-05 0.028212 0.0211235 0.538669
9.9955E-05 9.9955E-05 0.599431 9.9955E-05 0.0189698 9.9955E-05 9.9955E-05 0.0228315 0.358267
0.0331509 0.0319406 0.349325 9.9964E-05 9.9964E-05 9.9964E-05 0.00596887 9.9964E-05 0.579215
0.0771852 9.9964E-05 0.394613 9.9964E-05 0.026725 0.0150101 9.9964E-05 9.9964E-05 0.486066
9.9937E-05 9.9937E-05 0.522552 9.9937E-05 9.9937E-05 9.9937E-05 9.9937E-05 9.9937E-05 0.476748
9.9973E-05 0.0214911 0.0244132 9.9973E-05 0.0527052 0.734622 9.9973E-05 0.0580443 0.108424
9.9964E-05 0.107095 9.9964E-05 9.9964E-05 0.0904161 0.715266 9.9964E-05 0.0494838 0.0373394
9.9955E-05 0.00873444 9.9955E-05 9.9955E-05 0.0694597 0.853481 9.9955E-05 0.0678247 9.9955E-05
9.9964E-05 9.9964E-05 0.041608 0.0212105 9.9964E-05 0.783247 9.9964E-05 0.14948 0.00405506
0.380172 9.9964E-05 0.478653 0.0391595 0.0344772 9.9964E-05 9.9964E-05 0.0671385 9.9964E-05
0.489955 9.9973E-05 0.373883 9.9973E-05 0.0329442 0.0582883 0.0437845 9.9973E-05 0.00084514
0.510871 0.0317346 0.441386 9.9964E-05 0.00273378 9.9964E-05 9.9964E-05 0.0128746 9.9964E-05
0.159337 0.0126767 0.586625 9.9973E-05 9.9973E-05 0.143665 0.0764574 0.020939 9.9973E-05
0.15028 0.0151072 0.462058 9.9973E-05 0.0688874 9.9973E-05 0.280235 0.0231324 9.9973E-05
0.592748 0.0805358 0.158824 0.00488326 0.021454 9.9973E-05 0.141254 9.9973E-05 9.9973E-05
0.342607 9.9955E-05 0.627874 0.0254714 9.9955E-05 9.9955E-05 9.9955E-05 0.00354702 9.9955E-05
0.471655 9.9964E-05 0.318446 9.9964E-05 9.9964E-05 9.9964E-05 0.112764 0.017268 0.0794666
0.0418016 0.0055986 0.385304 0.0346786 0.184964 0.222918 0.124535 9.9982E-05 9.9982E-05
0.34821 0.0380222 0.38779 0.0227749 0.0932074 9.9973E-05 9.9973E-05 9.9973E-05 0.109696
0.552783 0.135402 0.266937 9.9955E-05 9.9955E-05 9.9955E-05 9.9955E-05 0.0443789 9.9955E-05
0.357904 0.0126471 0.527176 9.9955E-05 9.9955E-05 9.9955E-05 9.9955E-05 9.9955E-05 0.101773
0.53901 0.00916395 0.354016 9.9964E-05 9.9964E-05 9.9964E-05 9.9964E-05 0.0434594 0.0539502
0.376987 9.9973E-05 0.551301 9.9973E-05 0.0032629 9.9973E-05 0.0179143 0.00948917 0.040745
0.413235 9.9964E-05 0.492357 9.9964E-05 0.0334106 9.9964E-05 9.9964E-05 0.0499618 0.0106356
0.899909 9.9946E-05 0.00909987 9.9946E-05 9.9946E-05 9.9946E-05 9.9946E-05 9.9946E-05 0.0903915
0.562713 0.0532479 0.179557 9.9982E-05 0.0273616 0.0386019 0.0467342 9.9982E-05 0.0915845
0.553013 0.0550298 0.293655 0.0479238 0.00474657 9.9973E-05 9.9973E-05 9.9973E-05 0.045332
0.814709 9.9955E-05 9.9955E-05 0.0841012 9.9955E-05 9.9955E-05 0.00194457 9.9955E-05 0.0987454
0.397002 0.048526 0.407967 9.9973E-05 9.9973E-05 0.029693 9.9973E-05 0.0615194 0.0549927
0.594145 9.9964E-05 0.0638275 0.132273 9.9964E-05 9.9964E-05 0.152151 9.9964E-05 0.0572027
0.758855 9.9946E-05 9.9946E-05 0.176717 9.9946E-05 9.9946E-05 9.9946E-05 9.9946E-05 0.0638286
0.38443 9.9973E-05 0.52462 0.0463141 0.00329138 0.0231528 9.9973E-05 9.9973E-05 0.0178926
0.665599 0.0793272 0.197131 9.9964E-05 9.9964E-05 0.0427846 9.9964E-05 0.0147578 9.9964E-05
0.431405 0.0642371 0.353095 9.9964E-05 0.0495654 9.9964E-05 0.101298 9.9964E-05 9.9964E-05
0.26416 0.0380246 0.56418 9.9973E-05 0.0230074 0.0906936 9.9973E-05 0.0196338 9.9973E-05
0.410382 0.0919917 0.458646 0.00131711 0.0372642 9.9964E-05 9.9964E-05 9.9964E-05 9.9964E-05
0.015727 0.316962 0.386343 0.129186 9.9964E-05 9.9964E-05 9.9964E-05 9.9964E-05 0.151382
0.323791 0.104286 0.50493 9.9964E-05 0.0163586 9.9964E-05 9.9964E-05 9.9964E-05 0.0502349
0.384947 0.108926 0.429088 9.9955E-05 9.9955E-05 9.9955E-05 9.9955E-05 0.0765398 9.9955E-05
0.686362 9.9964E-05 0.23819 0.0284896 9.9964E-05 9.9964E-05 0.0396984 0.00686048 9.9964E-05
0.288471 9.9991E-05 0.423147 0.0206047 0.0657672 0.00926764 0.0377853 0.0119609 0.142896
0.0469283 0.263915 9.9973E-05 9.9973E-05 0.00359751 0.583593 0.0437548 0.0579109 9.9973E-05
0.140589 0.0819664 0.0096577 0.000258914 9.9973E-05 0.692519 9.9973E-05 0.0747085 9.9973E-05
0.0165959 0.110728 9.9973E-05 0.0565858 9.9973E-05 0.7188 9.9973E-05 0.0955975 0.00139322
9.9955E-05 0.138348 9.9955E-05 9.9955E-05 9.9955E-05 0.721013 0.0381511 0.101988 9.9955E-05
9.9955E-05 0.171533 9.9955E-05 9.9955E-05 9.9955E-05 0.716441 0.0969428 0.0145836 9.9955E-05
0.738844 0.0816522 0.0675328 9.9964E-05 0.0354075 0.0761639 9.9964E-05 9.9964E-05 9.9964E-05
0.672185 0.0930703 0.0877127 0.0541896 9.9991E-05 0.0291557 0.0268462 0.0209929 0.0157471
