0.0303008 9.9964E-05 9.9964E-05 0.054448 0.0447678 9.9964E-05 0.0134071 0.856676 9.9964E-05
9.9955E-05 9.9955E-05 0.0123945 9.9955E-05 9.9955E-05 0.0178058 0.0581201 0.91118 9.9955E-05
0.0299699 9.9955E-05 9.9955E-05 0.106296 9.9955E-05 9.9955E-05 9.9955E-05 0.747969 0.115265
0.0687997 9.9955E-05 9.9955E-05 9.9955E-05 9.9955E-05 0.00992127 9.9955E-05 0.792149 0.12863
9.9955E-05 9.9955E-05 9.9955E-05 9.9955E-05 0.0104311 0.046344 9.9955E-05 0.862785 0.07994
9.9955E-05 0.335724 9.9955E-05 9.9955E-05 0.0411655 9.9955E-05 0.0170911 0.605519 9.9955E-05
9.99461E-05 0.185228 0.0201792 9.99461E-05 9.99461E-05 9.99461E-05 9.99461E-05 0.793993 9.99461E-05
0.0247659 0.229742 9.9955E-05 9.9955E-05 9.9955E-05 0.00849277 9.9955E-05 0.7365 9.9955E-05
0.048966 9.99639E-05 0.0192581 0.104857 9.99639E-05 0.0774183 9.99639E-05 0.749101 9.99639E-05
9.9964E-05 0.191121 9.9964E-05 9.9964E-05 0.038783 0.0101121 9.9964E-05 0.68511 0.074475
0.0276785 0.286705 9.9946E-05 9.9946E-05 9.9946E-05 9.9946E-05 9.9946E-05 0.685017 9.9946E-05
0.0233409 9.9955E-05 0.806223 9.9955E-05 0.0579398 9.9955E-05 0.111996 9.9955E-05 9.9955E-05
0.0139895 0.0173629 0.492691 0.00534023 0.00415196 9.9973E-05 9.9973E-05 9.9973E-05 0.466165
0.0168831 9.9982E-05 0.789452 0.0218761 0.0773277 0.0229442 9.9982E-05 0.0181768 0.05314
9.9964E-05 9.9964E-05 0.731894 0.000315826 0.129302 9.9964E-05 9.9964E-05 0.0375419 0.100546
9.9973E-05 0.0422342 0.471564 0.00782305 0.0982851 9.9973E-05 9.9973E-05 0.0763768 0.303417
9.9973E-05 0.0088598 0.320352 0.000961084 0.0593846 9.9973E-05 0.076308 9.9973E-05 0.533835
9.9973E-05 0.0724044 0.414395 9.9973E-05 0.0443053 9.9973E-05 0.06828 0.0726219 0.327693
9.9964E-05 9.9964E-05 0.737154 0.0900027 0.0427251 9.9964E-05 9.9964E-05 0.018294 0.111424
0.0696969 0.075493 0.831093 9.9955E-05 9.9955E-05 9.9955E-05 9.9955E-05 0.0232169 9.9955E-05
0.039139 9.9973E-05 0.4157 0.0790384 9.9973E-05 0.0215368 0.0965963 9.9973E-05 0.34769
0.0105268 0.155705 0.260142 0.0116212 0.0771511 0.0753866 0.0505835 0.0475702 0.311314
0.0972074 0.103559 0.262283 9.9982E-05 0.0222951 0.0198238 9.9982E-05 0.0441645 0.450467
9.9955E-05 0.022608 0.822949 9.9955E-05 0.0760592 9.9955E-05 9.9955E-05 9.9955E-05 0.0778843
0.0326662 0.0263881 0.251953 0.00403527 0.042707 9.9973E-05 9.9973E-05 9.9973E-05 0.641951
9.9964E-05 0.0705456 0.368128 9.9964E-05 0.0980219 9.9964E-05 0.0247605 9.9964E-05 0.438144
9.99535E-05 9.99535E-05 0.916207 9.99535E-05 0.0635429 9.99535E-05 9.99535E-05 0.0196506 9.99535E-05
9.9955E-05 9.9955E-05 0.837851 0.00704094 0.150362 9.9955E-05 9.9955E-05 9.9955E-05 0.00424605
9.9982E-05 0.0120804 0.796883 9.9982E-05 0.0210669 0.0744552 0.00324523 0.017296 0.0747734
9.9946E-05 9.9946E-05 9.9946E-05 9.9946E-05 0.0492872 9.9946E-05 9.9946E-05 0.818547 0.131566
9.9946E-05 9.9946E-05 9.9946E-05 9.9946E-05 0.0108398 9.9946E-05 9.9946E-05 0.835574 0.152986
9.9964E-05 9.9964E-05 0.0779032 9.9964E-05 0.108123 9.9964E-05 0.00123273 0.750749 0.061592
9.9955E-05 9.9955E-05 9.9955E-05 9.9955E-05 0.0469538 9.9955E-05 0.0214634 0.774066 0.157017
9.9973E-05 0.110206 0.143555 9.9973E-05 9.9973E-05 0.0088785 0.227698 0.0387797 0.470583
0.0237158 0.0245785 0.052055 9.9982E-05 0.0854244 9.9982E-05 0.396444 0.113872 0.30371
9.9964E-05 9.9964E-05 0.0277543 9.9964E-05 9.9964E-05 0.0251639 0.35582 0.0699473 0.520915
0.399948 9.9982E-05 0.312814 9.9982E-05 0.0224894 0.0500822 0.101632 0.0712378 0.0415963
9.9964E-05 9.9964E-05 9.9964E-05 9.9964E-05 0.0822783 0.106396 0.591957 0.0148045 0.204164
0.072552 9.9991E-05 0.125969 0.000683828 0.00499907 0.0426988 0.241715 0.0845496 0.426733
9.9964E-05 0.19424 9.9964E-05 9.9964E-05 0.110596 0.0446798 0.123909 9.9964E-05 0.526176
0.0471165 0.281827 9.9964E-05 9.9964E-05 9.9964E-05 9.9964E-05 0.0677774 0.106395 0.496485
0.0972564 0.00844222 0.0717048 9.9982E-05 0.000687018 9.9982E-05 0.0967046 0.0998392 0.625166
0.0121391 9.9964E-05 0.150032 0.0960008 9.9964E-05 9.9964E-05 0.734111 0.00731731 9.9964E-05
0.0315648 0.273558 0.0505043 0.0752813 0.0461517 9.9982E-05 0.0567579 9.9982E-05 0.465982
0.0142917 0.00607698 0.0139194 9.9991E-05 0.0730627 0.136118 0.208864 0.0191081 0.528459
0.0715122 0.0897023 9.9991E-05 0.0895117 0.127729 0.027126 0.152937 0.0920947 0.349287
9.9955E-05 9.9955E-05 9.9955E-05 0.0374171 9.9955E-05 0.0283011 0.685189 9.9955E-05 0.248593
0.0384036 9.9982E-05 0.00694067 0.0167178 0.0750784 9.9982E-05 0.326787 0.0412346 0.494638
9.9964E-05 0.0527807 9.9964E-05 0.0506246 9.9964E-05 9.9964E-05 0.195895 0.0542088 0.646091
9.9964E-05 0.00217923 9.9964E-05 0.168706 9.9964E-05 0.190866 0.587367 0.0504817 9.9964E-05
0.245014 0.136669 0.2541 9.9973E-05 9.9973E-05 0.076466 0.199909 9.9973E-05 0.0875426
9.9964E-05 0.141506 0.304456 0.164664 9.9964E-05 0.25882 0.130155 9.9964E-05 9.9964E-05
0.1123 9.9991E-05 0.121351 0.00466271 0.082976 0.0464216 0.040813 0.0841852 0.50719
0.0378059 0.133579 0.0302443 9.9991E-05 0.0210614 0.0868125 0.0375831 0.0919302 0.560883
9.9982E-05 0.107616 9.9982E-05 0.0109174 0.0386297 0.16191 0.0520962 0.110002 0.518629
0.241914 0.0357088 0.195911 0.0974787 9.9991E-05 0.0475928 0.180355 0.0801059 0.120833
0.152575 0.0145178 0.122116 0.0219976 0.0152885 0.0746921 0.0268103 9.9991E-05 0.571903
0.0406704 0.0621448 0.134593 0.0218059 0.0854396 0.0213775 0.0265069 0.133412 0.47405
0.0597277 9.9973E-05 0.236173 9.9973E-05 9.9973E-05 0.103943 0.195628 0.104206 0.300022
0.130775 0.0850809 0.343831 0.122897 0.00185716 0.0916776 0.0732599 0.150522 9.9991E-05
0.0493938 9.9982E-05 0.0804791 0.118142 9.9982E-05 0.0523687 0.16217 0.0300294 0.507217
0.0877906 9.9991E-05 0.233558 0.11942 0.00157409 0.138542 0.0514638 0.00391857 0.363633
0.200884 0.0850048 0.546513 9.9964E-05 9.9964E-05 0.0946538 0.0725452 9.9964E-05 9.9964E-05
0.0858039 9.9973E-05 0.231946 0.0703868 9.9973E-05 0.0455774 0.0848271 9.9973E-05 0.481159
0.0791185 0.0444989 9.9973E-05 0.0785331 0.0724534 0.118127 9.9973E-05 9.9973E-05 0.60697
0.0384981 9.9991E-05 0.153831 0.0461717 0.00389688 0.0980828 0.0275705 0.112943 0.518906
0.138892 0.0271384 0.333386 0.0457573 0.0603788 0.0998139 0.160838 0.0153641 0.118432
0.109407 9.9973E-05 0.204283 0.149074 9.9973E-05 0.00899577 0.100124 9.9973E-05 0.427816
0.0995114 9.9982E-05 0.019218 0.0704144 9.9982E-05 0.0234045 0.140636 0.0152284 0.631387
0.13305 0.0708131 0.409933 0.0236828 9.9991E-05 0.152202 0.0950828 0.00182389 0.113312
0.0322007 9.9955E-05 9.9955E-05 9.9955E-05 9.9955E-05 0.0583809 0.474566 9.9955E-05 0.434353
9.9973E-05 0.0314543 0.115249 9.9973E-05 0.0140545 9.9973E-05 0.760503 0.0395353 0.0389045
0.0255002 9.9982E-05 0.112842 0.146585 0.088395 9.9982E-05 0.234534 0.016586 0.375358
9.9955E-05 0.0842587 9.9955E-05 0.0356004 9.9955E-05 0.103086 0.776555 9.9955E-05 9.9955E-05
9.9955E-05 0.00497647 9.9955E-05 0.046547 9.9955E-05 0.2098 0.738177 9.9955E-05 9.9955E-05
9.9955E-05 9.9955E-05 9.9955E-05 9.9955E-05 0.011491 0.0784273 0.734881 9.9955E-05 0.1747
0.00308153 0.0414924 0.0783528 9.9973E-05 9.9973E-05 9.9973E-05 0.492049 0.0249451 0.359779
0.0518575 9.9982E-05 0.131191 0.000484924 9.9982E-05 0.0295529 0.0873791 0.126257 0.573077
9.9973E-05 9.9973E-05 0.0469446 0.0810902 0.00165215 0.007784 0.521346 9.9973E-05 0.340883
0.0970136 9.9973E-05 0.0536543 9.9973E-05 0.061277 9.9973E-05 0.734521 0.0293649 0.0238694
0.206221 0.0277482 9.9973E-05 9.9973E-05 0.00578809 9.9973E-05 0.531128 0.0556093 0.173206
0.0729707 9.9973E-05 9.9973E-05 0.0329163 0.0522748 9.9973E-05 0.269261 0.155053 0.417225
9.9964E-05 9.9964E-05 0.10827 9.9964E-05 0.0178313 9.9964E-05 0.656781 0.0543337 0.162384
9.9973E-05 0.0574129 0.152655 9.9973E-05 0.0331057 9.9973E-05 0.414238 0.0643411 0.277947
9.9964E-05 0.0618955 9.9964E-05 0.0149874 9.9964E-05 0.0361924 0.603158 9.9964E-05 0.283367
9.9964E-05 0.00788867 0.0218723 0.118814 9.9964E-05 0.255037 0.595989 9.9964E-05 9.9964E-05
0.0265448 0.130034 0.0494086 9.9973E-05 9.9973E-05 9.9973E-05 0.209348 0.0319084 0.552455
0.0254427 9.9964E-05 0.0464741 9.9964E-05 0.00822333 9.9964E-05 9.9964E-05 0.791712 0.127748
9.9946E-05 0.0072601 9.9946E-05 9.9946E-05 9.9946E-05 9.9946E-05 9.9946E-05 0.90632 0.0858206
0.0243819 9.9964E-05 9.9964E-05 0.0152106 9.9964E-05 9.9964E-05 0.003456 0.837109 0.119442
9.9946E-05 9.9946E-05 9.9946E-05 0.102813 9.9946E-05 9.9946E-05 9.9946E-05 0.823843 0.0727451
9.9955E-05 0.0182225 9.9955E-05 0.0771887 9.9955E-05 9.9955E-05 9.9955E-05 0.788308 0.115781
9.9955E-05 9.9955E-05 9.9955E-05 0.0964179 0.0534031 9.9955E-05 9.9955E-05 0.803037 0.0466417
9.99461E-05 0.0940309 9.99461E-05 9.99461E-05 9.99461E-05 9.99461E-05 9.99461E-05 0.89599 0.00937981
0.121746 0.0527563 0.0245724 9.9991E-05 0.0650312 0.00548856 0.305084 0.0938354 0.331386
9.9982E-05 0.0364899 0.0239728 9.9982E-05 0.056313 0.0603131 0.212319 0.111238 0.499154
0.00415082 9.9964E-05 0.106968 9.9964E-05 9.9964E-05 0.109107 0.749276 0.0300987 9.9964E-05
0.0182249 0.074139 9.9982E-05 0.0746756 0.100415 9.9982E-05 0.210261 0.064226 0.457859
0.0386435 0.0618264 0.0992064 9.9973E-05 0.00904277 9.9973E-05 0.452962 9.9973E-05 0.338019
9.9955E-05 9.9955E-05 0.010677 9.9955E-05 9.9955E-05 9.9955E-05 0.354859 0.0788004 0.555164
9.9973E-05 0.0772911 0.0898176 9.9973E-05 9.9973E-05 0.0878017 0.192412 0.056906 0.495471
0.00870483 9.9955E-05 9.9955E-05 9.9955E-05 0.103963 9.9955E-05 0.563442 9.9955E-05 0.32339
0.0864185 9.9964E-05 0.122982 9.9964E-05 9.9964E-05 0.116555 0.6372 0.0364458 9.9964E-05
0.038736 0.0866944 9.9991E-05 0.121798 0.0357604 0.0209609 0.108489 0.0802331 0.507228
0.0586021 0.0519121 0.0284237 9.9982E-05 9.9982E-05 0.00862614 0.176731 0.0735343 0.601971
0.0384271 0.141618 0.17608 0.0275179 0.0471844 0.00597982 0.0137197 0.0503737 0.4991
9.9982E-05 0.0648953 0.0290443 0.015115 9.9982E-05 0.0960603 0.559993 0.0204921 0.2142
9.9964E-05 0.0713809 9.9964E-05 9.9964E-05 9.9964E-05 0.057643 0.358457 0.0313648 0.480755
0.0383896 9.9964E-05 0.149082 9.9964E-05 9.9964E-05 9.9964E-05 0.440302 0.0259416 0.345885
9.9955E-05 9.9955E-05 0.0634665 9.9955E-05 0.102893 9.9955E-05 0.646549 9.9955E-05 0.186592
0.0910443 9.9955E-05 9.9955E-05 9.9955E-05 9.9955E-05 9.9955E-05 0.465058 0.0477483 0.39565
9.9973E-05 0.109084 0.0429224 0.0220713 9.9973E-05 9.9973E-05 0.21072 0.0909114 0.523991
0.134449 9.9973E-05 0.235249 0.170939 9.9973E-05 0.162519 0.0458863 9.9973E-05 0.250658
0.245007 0.0300941 0.15657 0.0935907 0.0673761 0.0219084 0.024672 0.03688 0.323902
0.105472 9.9973E-05 0.0506666 9.9973E-05 9.9973E-05 0.0499518 0.0210303 0.16852 0.60406
0.11436 0.0543285 9.9982E-05 9.9982E-05 0.0410615 0.0146341 0.130191 0.0965634 0.548662
0.157679 9.9964E-05 0.281772 9.9964E-05 9.9964E-05 0.0395374 9.9964E-05 0.0154841 0.505128
0.117646 9.9973E-05 0.168144 0.000509571 0.00798207 0.107926 9.9973E-05 9.9973E-05 0.597492
0.257773 9.9955E-05 0.268488 9.9955E-05 9.9955E-05 9.9955E-05 9.9955E-05 0.0208837 0.452355
0.147115 9.9973E-05 9.9973E-05 0.12487 9.9973E-05 0.109847 0.047641 0.0944056 0.475822
0.201629 0.148544 9.9982E-05 9.9982E-05 0.0228664 0.0463197 0.0514202 0.0516927 0.477328
0.0699636 0.0754662 0.251572 0.0441455 9.9991E-05 0.00123929 0.0338542 0.0193359 0.504323
0.288771 9.9964E-05 0.107626 9.9964E-05 9.9964E-05 0.00132786 0.0361966 9.9964E-05 0.565679
0.122933 0.0447262 0.0074145 0.0639317 9.9973E-05 0.129772 9.9973E-05 9.9973E-05 0.630923
0.0190728 0.158194 9.9982E-05 0.0084899 0.0577541 9.9982E-05 0.152669 0.113157 0.490463
0.14665 9.9973E-05 0.184426 9.9973E-05 0.0660478 0.0117319 0.0720097 9.9973E-05 0.518835
0.132546 9.9973E-05 0.0518081 0.101854 9.9973E-05 9.9973E-05 0.0731268 0.0333135 0.607052
0.16373 9.9982E-05 0.0911202 0.0241929 0.121107 0.0720264 0.0460144 9.9982E-05 0.48161
0.173655 9.9973E-05 0.161258 0.169651 9.9973E-05 0.0648622 9.9973E-05 0.0204128 0.409861
0.0697428 0.0701516 0.0820092 0.0787435 0.0109554 9.9982E-05 0.0565099 9.9982E-05 0.631688
0.108385 9.9955E-05 9.9955E-05 0.0837677 9.9955E-05 0.0402016 9.9955E-05 9.9955E-05 0.767146
0.160234 0.0974293 0.288086 0.0265974 0.113412 0.019241 0.233548 9.9991E-05 0.0613538
0.195478 0.0218755 0.247789 0.131964 0.0634144 0.268987 0.0133508 9.9991E-05 0.0570408
0.235973 0.0642214 9.9964E-05 0.0575754 9.9964E-05 9.9964E-05 0.122606 9.9964E-05 0.519224
0.239959 9.9973E-05 0.000213988 0.131263 9.9973E-05 0.274253 0.213308 9.9973E-05 0.140702
0.199257 9.9982E-05 0.321626 9.9982E-05 0.0452554 0.0912349 0.136731 0.0124607 0.193235
0.125113 9.9964E-05 0.219464 9.9964E-05 9.9964E-05 0.0718421 0.196605 9.9964E-05 0.386576
0.225242 9.9973E-05 0.272426 9.9973E-05 9.9973E-05 0.0156704 0.217684 0.0250725 0.243606
0.184736 0.0928029 0.382225 9.9973E-05 9.9973E-05 0.0552717 0.0463126 9.9973E-05 0.238352
0.0699728 9.9982E-05 0.0587603 0.0597422 9.9982E-05 0.0607059 0.0160057 0.0889476 0.645666
0.107426 9.9991E-05 0.0837035 0.000535176 0.0386551 0.0610812 0.0368765 0.0884554 0.583167
0.0574365 9.9964E-05 0.249519 9.9964E-05 9.9964E-05 9.9964E-05 0.128382 0.0907205 0.473542
0.136856 0.0283225 0.264253 0.126632 9.9982E-05 0.179353 0.164764 9.9982E-05 0.0996188
0.0525903 0.131214 0.0284341 0.106745 0.0306588 0.0883158 0.116099 0.106216 0.339727
9.9982E-05 0.257688 0.114329 0.124886 0.0425384 9.9982E-05 0.0888163 0.000216903 0.371327
0.119212 0.217615 0.0206821 0.144226 9.9982E-05 0.28915 0.11903 0.0898847 9.9982E-05
9.9982E-05 0.0625608 9.9982E-05 0.0368774 0.038675 0.00613582 0.17481 0.0640742 0.616667
0.0449412 0.178689 9.9982E-05 0.117048 9.9982E-05 0.130364 0.11997 0.0691205 0.339667
9.9982E-05 0.029333 0.03888 0.158771 9.9982E-05 0.0681374 0.117443 0.112711 0.474524
0.0710583 0.235882 0.0607781 0.294339 9.9982E-05 0.0288289 0.124211 9.9982E-05 0.184704
0.0963393 0.223902 0.0486519 0.179119 9.9982E-05 0.240537 0.0631892 9.9982E-05 0.148062
0.0998232 0.0565732 0.164182 0.119598 9.9982E-05 0.134249 0.00925685 9.9982E-05 0.416118
0.0865266 0.11419 0.083043 0.104701 0.0376919 9.9982E-05 9.9982E-05 0.113153 0.460494
0.0398541 0.0590017 0.138485 0.0954879 0.0123422 0.0463179 0.141113 0.0984276 0.36897
0.0107379 0.11377 0.162139 0.18393 0.111869 0.199838 0.199262 0.018354 9.9991E-05
9.9991E-05 0.0838981 0.191992 0.0143645 0.0599254 0.091658 0.0547917 0.0508516 0.452419
0.0545662 0.340095 0.108553 0.0542466 9.9982E-05 0.0594207 0.178684 9.9982E-05 0.204234
9.9973E-05 0.164478 0.126317 0.147096 9.9973E-05 0.0266668 0.184632 9.9973E-05 0.35051
0.0241595 0.19762 9.9982E-05 0.0198288 0.0286035 0.0956578 9.9982E-05 0.091314 0.542616
0.0231075 0.11943 9.9982E-05 0.208059 0.191976 0.0357526 9.9982E-05 0.235788 0.185687
9.9955E-05 9.9955E-05 9.9955E-05 0.571707 0.0488068 0.00860548 9.9955E-05 0.370381 9.9955E-05
9.9964E-05 0.0411764 9.9964E-05 0.556487 0.0441264 0.0655863 9.9964E-05 0.292224 9.9964E-05
9.9973E-05 0.0898673 9.9973E-05 0.282392 0.245188 0.00267668 9.9973E-05 0.284001 0.0955748
9.9955E-05 0.343742 9.9955E-05 9.9955E-05 9.9955E-05 0.0180586 0.073918 9.9955E-05 0.563782
0.0749718 0.141132 9.9982E-05 0.0141442 9.9982E-05 0.0783123 0.0478652 0.0712847 0.57209
9.9946E-05 9.9946E-05 0.0179807 9.9946E-05 0.691872 9.9946E-05 9.9946E-05 9.9946E-05 0.289548
0.0530619 9.9982E-05 0.116696 9.9982E-05 0.413507 0.0264422 0.0803533 0.0746237 0.235116
0.0763771 0.0115401 0.0229323 0.0838103 0.318988 0.0130842 0.0591156 0.0337176 0.380435
9.9973E-05 0.354098 9.9973E-05 0.049606 0.0063395 0.2534 0.106473 9.9973E-05 0.229784
0.0894563 0.0552081 9.9991E-05 0.0866286 0.00303355 0.0906357 0.0754012 0.0634053 0.536131
9.9973E-05 0.406314 0.0176248 0.112411 9.9973E-05 0.291293 0.0255755 9.9973E-05 0.146481
9.9991E-05 0.202068 0.0209792 0.0236403 0.0307183 0.0841855 0.183487 0.0118521 0.44297
0.0260423 0.124502 0.108918 0.0590998 9.9991E-05 0.193427 0.0746721 0.0107977 0.402441
9.9991E-05 0.205539 0.116497 0.0259542 0.0158826 0.0447221 0.0557744 0.0469292 0.488602
0.0239065 0.234713 0.0597232 0.139882 0.00393191 0.301627 0.0942131 9.9991E-05 0.141903
0.0806086 0.140887 9.9982E-05 0.0807518 0.027911 0.0172003 0.0713943 9.9982E-05 0.581047
0.0729427 0.219016 0.0087095 0.082813 0.0645464 0.00644439 0.0296365 0.0123664 0.503525
9.9937E-05 9.9937E-05 9.9937E-05 9.9937E-05 0.973753 0.0255475 9.9937E-05 9.9937E-05 9.9937E-05
9.9955E-05 0.0326706 9.9955E-05 9.9955E-05 0.908855 9.9955E-05 0.0280812 9.9955E-05 0.0298932
9.9982E-05 0.0675404 0.0604136 9.9982E-05 0.629764 0.0200497 0.0171402 0.00725768 0.197634
0.0431697 9.9964E-05 9.9964E-05 9.9964E-05 0.65128 0.0286351 9.9964E-05 0.0156772 0.260838
9.9955E-05 0.0388365 9.9955E-05 9.9955E-05 0.830645 9.9955E-05 0.034083 9.9955E-05 0.0959357
9.993E-05 9.993E-05 9.993E-05 9.993E-05 0.999201 9.993E-05 9.993E-05 9.993E-05 9.993E-05
0.0389587 9.9955E-05 9.9955E-05 0.0311085 0.926179 0.00325446 9.9955E-05 9.9955E-05 9.9955E-05
9.9955E-05 9.9955E-05 0.00353031 9.9955E-05 0.829043 9.9955E-05 0.024874 9.9955E-05 0.142053
0.0449631 9.9937E-05 9.9937E-05 9.9937E-05 0.954337 9.9937E-05 9.9937E-05 9.9937E-05 9.9937E-05
9.993E-05 9.993E-05 9.993E-05 9.993E-05 0.999201 9.993E-05 9.993E-05 9.993E-05 9.993E-05
9.993E-05 9.993E-05 9.993E-05 9.993E-05 0.999201 9.993E-05 9.993E-05 9.993E-05 9.993E-05
9.9964E-05 9.9964E-05 0.0459257 0.00726818 0.711997 9.9964E-05 9.9964E-05 0.046564 0.187845
0.0144253 9.9964E-05 0.0339833 9.9964E-05 0.795842 9.9964E-05 0.0281809 9.9964E-05 0.127169
9.9937E-05 9.9937E-05 9.9937E-05 9.9937E-05 0.964551 9.9937E-05 0.0347493 9.9937E-05 9.9937E-05
0.023431 0.0241746 0.020332 9.9982E-05 0.437987 0.073907 0.0904759 9.9982E-05 0.329492
0.0502469 0.0654656 9.9973E-05 9.9973E-05 0.650595 9.9973E-05 0.0552614 0.0462289 0.131902
0.0584919 9.9955E-05 9.9955E-05 0.0511867 0.681505 9.9955E-05 9.9955E-05 9.9955E-05 0.208317
9.9973E-05 9.9973E-05 0.00938566 0.012351 0.859589 0.0129778 9.9973E-05 0.0332765 0.0721205
9.9937E-05 9.9937E-05 9.9937E-05 0.0363086 0.962992 9.9937E-05 9.9937E-05 9.9937E-05 9.9937E-05
9.9955E-05 9.9955E-05 9.9955E-05 0.0393707 0.849366 9.9955E-05 9.9955E-05 0.0170212 0.0937422
9.9937E-05 9.9937E-05 9.9937E-05 9.9937E-05 0.991383 9.9937E-05 9.9937E-05 0.00791774 9.9937E-05
0.00698709 0.0668201 0.0316955 9.9973E-05 0.582725 9.9973E-05 9.9973E-05 0.0925055 0.218967
9.9955E-05 9.9955E-05 0.0465051 9.9955E-05 0.869507 9.9955E-05 9.9955E-05 0.0294978 0.0539904
9.9955E-05 0.406717 9.9955E-05 0.289637 9.9955E-05 0.0606972 9.9955E-05 0.242449 9.9955E-05
0.142483 0.101676 0.0440442 0.22373 0.0340402 9.9991E-05 0.00936033 0.0692847 0.375281
0.035267 0.212795 9.9982E-05 0.155348 0.0472583 0.0467706 9.9982E-05 0.163544 0.338817
0.0682279 0.2506 9.9982E-05 0.305725 0.0636315 0.0477786 9.9982E-05 0.111758 0.152079
9.9982E-05 0.2015 0.0782226 0.150936 0.0848714 9.9982E-05 0.00644799 0.0935572 0.384265
9.9982E-05 0.328878 0.0286936 0.274582 0.0842715 9.9982E-05 0.051643 0.10611 0.125622
9.9973E-05 0.207052 0.0750579 9.9973E-05 0.0728525 0.127012 9.9973E-05 0.222727 0.294998
9.9973E-05 0.387529 9.9973E-05 0.161307 0.192648 9.9973E-05 0.0436484 0.0344611 0.180106
9.9973E-05 0.173284 9.9973E-05 0.0593344 0.093503 0.095724 9.9973E-05 0.159942 0.417913
9.9973E-05 0.296631 9.9973E-05 0.204772 0.215925 9.9973E-05 0.00463522 0.0706995 0.207037
0.0252014 0.240084 0.0467337 0.0970628 0.0619242 0.0182122 0.0493731 0.123367 0.338041
0.0577071 0.0633856 9.9982E-05 0.0305347 0.0319449 0.0370704 9.9982E-05 0.77761 0.00154722
9.9955E-05 9.9955E-05 9.9955E-05 0.0211156 0.0431507 0.0360255 9.9955E-05 0.899208 9.9955E-05
0.0503602 9.9955E-05 9.9955E-05 0.0130468 9.9955E-05 9.9955E-05 0.0108035 0.92529 9.9955E-05
0.0248358 9.9955E-05 9.9955E-05 0.0597975 9.9955E-05 9.9955E-05 9.9955E-05 0.875015 0.0398522
0.0620156 9.9964E-05 9.9964E-05 0.0313663 0.00950312 9.9964E-05 9.9964E-05 0.85581 0.0409055
9.9964E-05 9.9964E-05 0.0149171 0.0549754 0.078983 0.0186665 9.9964E-05 0.832058 9.9964E-05
0.0334817 9.9964E-05 9.9964E-05 0.00457434 0.102559 9.9964E-05 0.0376403 0.821345 9.9964E-05
0.00841707 9.9964E-05 9.9964E-05 0.0720573 9.9964E-05 0.0504019 9.9964E-05 0.842593 0.0261307
9.9973E-05 9.9973E-05 0.0180907 0.0582636 0.0339292 9.9973E-05 0.0117278 0.844056 0.0336327
9.9955E-05 9.9955E-05 0.0460877 0.130884 0.0801998 9.9955E-05 9.9955E-05 0.742328 9.9955E-05
0.072791 9.9955E-05 0.239869 9.9955E-05 9.9955E-05 0.0950261 9.9955E-05 0.591814 9.9955E-05
0.220235 9.9973E-05 0.148402 0.0149054 9.9973E-05 0.0375938 0.0148032 0.563761 9.9973E-05
0.130649 9.9964E-05 0.226078 0.0466452 9.9964E-05 0.112634 9.9964E-05 0.483594 9.9964E-05
0.17923 0.0203018 0.223509 9.9973E-05 9.9973E-05 0.0803383 0.00740452 0.488916 9.9973E-05
0.00138809 9.9964E-05 0.189441 9.9964E-05 9.9964E-05 9.9964E-05 0.336079 0.0401134 0.432579
9.9964E-05 9.9964E-05 0.178071 9.9964E-05 0.130237 0.0936484 0.269251 9.9964E-05 0.328393
0.105222 0.0542093 0.0973582 9.9982E-05 0.0815997 9.9982E-05 0.204494 0.0263999 0.430517
0.135212 0.0221075 0.230676 0.023208 9.9991E-05 0.034955 0.22872 0.0239722 0.30105
0.403591 0.0605542 0.319073 9.9964E-05 9.9964E-05 9.9964E-05 0.122284 9.9964E-05 0.0940976
0.0346826 0.07435 9.9982E-05 9.9982E-05 0.00412725 0.0415133 0.22061 0.0310341 0.593482
0.0140071 9.9973E-05 0.0619259 0.00300214 9.9973E-05 0.00865621 0.326445 9.9973E-05 0.585664
0.0322891 0.0665454 0.0212213 0.0118682 0.00741651 0.116342 0.270295 9.9991E-05 0.473922
0.0166021 9.9964E-05 9.9964E-05 9.9964E-05 0.0301428 0.0662831 0.621322 9.9964E-05 0.26525
0.0913897 0.067324 9.9964E-05 0.0704339 9.9964E-05 9.9964E-05 0.160934 9.9964E-05 0.609518
0.12346 0.0105195 0.0316534 9.9982E-05 9.9982E-05 0.0491909 0.369163 0.0265687 0.389245
0.0114395 9.9946E-05 9.9946E-05 9.9946E-05 9.9946E-05 0.382441 0.60552 9.9946E-05 9.9946E-05
0.135522 9.9973E-05 9.9973E-05 0.0598023 9.9973E-05 0.127893 0.076285 0.0333579 0.56684
9.9982E-05 0.0332829 9.9982E-05 0.0713682 0.00266084 0.218129 0.434226 0.0191306 0.221002
9.9946E-05 9.9946E-05 9.9946E-05 9.9946E-05 9.9946E-05 0.137173 0.35508 9.9946E-05 0.507147
0.102038 9.9964E-05 0.0857457 9.9964E-05 9.9964E-05 0.0590476 0.682445 0.0703239 9.9964E-05
0.769537 0.144526 9.9955E-05 0.0187305 9.9955E-05 9.9955E-05 9.9955E-05 0.0667071 9.9955E-05
0.67858 0.242726 9.9955E-05 9.9955E-05 0.0169247 9.9955E-05 9.9955E-05 0.0612696 9.9955E-05
0.772934 0.167615 9.9946E-05 9.9946E-05 9.9946E-05 0.0588509 9.9946E-05 9.9946E-05 9.9946E-05
0.742894 0.146804 9.9955E-05 9.9955E-05 9.9955E-05 0.0303687 9.9955E-05 0.0794341 9.9955E-05
0.695419 0.168322 0.00437706 9.9964E-05 0.0740804 0.0574018 9.9964E-05 9.9964E-05 9.9964E-05
0.742532 0.130092 9.9955E-05 9.9955E-05 0.0987638 9.9955E-05 9.9955E-05 9.9955E-05 0.028112
0.0113906 9.9964E-05 9.9964E-05 9.9964E-05 0.0616074 9.9964E-05 0.0199271 0.847359 0.0593159
0.0376056 9.9964E-05 0.10007 9.9964E-05 0.0734295 9.9964E-05 9.9964E-05 0.77486 0.013635
0.00363484 9.9973E-05 0.0382696 9.9973E-05 0.104999 0.0122446 9.9973E-05 0.72056 0.119993
0.0416672 9.9973E-05 0.111294 0.0112399 0.143195 9.9973E-05 9.9973E-05 0.6766 0.0157046
0.00992714 0.0693595 0.0151392 9.9973E-05 0.0611295 9.9973E-05 9.9973E-05 0.784916 0.0592288
0.5094 0.00979181 0.0355493 0.0881821 9.9973E-05 0.0252767 9.9973E-05 0.3315 9.9973E-05
0.313116 0.0331018 9.9964E-05 9.9964E-05 9.9964E-05 0.162096 0.022719 0.468567 9.9964E-05
0.449056 9.9955E-05 9.9955E-05 9.9955E-05 9.9955E-05 0.10087 0.0212609 0.428314 9.9955E-05
0.0059399 9.9964E-05 0.0230028 9.9964E-05 0.00462709 9.9964E-05 9.9964E-05 0.786549 0.179482
0.460572 0.00330462 9.9973E-05 0.00796139 9.9973E-05 0.0843567 0.0759772 0.367528 9.9973E-05
9.9955E-05 9.9955E-05 9.9955E-05 0.31323 0.253985 9.9955E-05 9.9955E-05 0.102355 0.329931
0.00106164 0.125747 9.9982E-05 0.0774655 0.130669 0.0232147 9.9982E-05 0.154132 0.48751
9.9955E-05 9.9955E-05 0.0832166 9.9955E-05 0.207058 9.9955E-05 9.9955E-05 0.187496 0.521731
9.9973E-05 0.0576099 9.9973E-05 0.119983 0.183828 9.9973E-05 0.0584484 0.19229 0.38754
9.9973E-05 9.9973E-05 0.175879 0.0856742 0.108892 0.0319041 9.9973E-05 0.145391 0.45196
9.9964E-05 0.0422987 9.9964E-05 0.359814 0.249838 0.0453247 9.9964E-05 0.302325 9.9964E-05
0.183382 0.057689 0.219183 0.0195027 9.9982E-05 0.0437304 0.167085 9.9982E-05 0.309228
0.124954 9.9973E-05 0.0196448 0.0912846 9.9973E-05 0.217363 0.159077 9.9973E-05 0.387377
0.263025 9.9964E-05 0.472188 9.9964E-05 9.9964E-05 0.0343218 9.9964E-05 0.0454449 0.184621
0.0505424 0.041456 0.113582 0.0196838 9.9973E-05 0.30326 9.9973E-05 9.9973E-05 0.471176
0.112494 9.9964E-05 0.00587172 0.17904 9.9964E-05 0.601627 0.100567 9.9964E-05 9.9964E-05
0.0658602 9.9964E-05 0.164047 0.207138 9.9964E-05 0.00787986 9.9964E-05 9.9964E-05 0.554676
0.0877592 9.9973E-05 0.201911 0.0540157 9.9973E-05 0.112176 0.106383 9.9973E-05 0.437454
0.155765 0.076456 0.450335 0.0706035 9.9973E-05 9.9973E-05 0.0332011 9.9973E-05 0.21334
0.0284235 9.9982E-05 0.188647 0.0871509 0.0549559 0.0479505 0.108785 9.9982E-05 0.483887
9.9964E-05 9.9964E-05 0.442907 0.161579 9.9964E-05 0.221371 0.14528 9.9964E-05 0.0284632
0.035913 0.1898 0.0385788 0.0629946 9.9982E-05 0.22762 0.0206932 9.9982E-05 0.424201
0.280909 0.0146578 0.0356947 0.0472498 0.0240529 0.0541743 0.0925678 9.9991E-05 0.450593
0.0595072 9.9973E-05 9.9973E-05 0.126604 0.197124 9.9973E-05 0.153444 0.0776661 0.385355
0.116777 0.0250936 0.317738 0.0376242 9.9982E-05 0.140346 0.0742684 9.9982E-05 0.287953
0.169515 9.9982E-05 0.210592 0.0102399 9.9982E-05 0.0684689 0.084688 0.0268528 0.429444
0.0658338 9.9982E-05 0.153828 0.0551136 0.045058 0.0897724 0.202784 9.9982E-05 0.38741
0.118076 0.0790447 0.0663386 0.000215194 9.9982E-05 0.113681 0.0707621 9.9982E-05 0.551682
0.114751 9.9973E-05 0.0857629 0.0154193 0.0952098 9.9973E-05 0.126657 9.9973E-05 0.561901
0.10906 0.0473805 0.193074 0.00695879 0.0889084 9.9982E-05 9.9982E-05 0.0877485 0.46667
0.132648 9.9964E-05 0.0670471 0.179387 9.9964E-05 9.9964E-05 0.139621 9.9964E-05 0.480897
9.9973E-05 0.0341181 9.9973E-05 9.9973E-05 0.10942 0.0145816 0.0171972 0.73947 0.0849137
9.9982E-05 0.00937048 9.9982E-05 0.0111898 0.0679467 0.0708494 0.00789551 0.7751 0.0574486
0.071109 0.0468845 9.9982E-05 0.030672 0.00924093 0.0257248 9.9982E-05 0.746314 0.0698548
0.0370563 9.9973E-05 9.9973E-05 9.9973E-05 0.0618229 0.00474176 0.0967905 0.782608 0.0166807
9.9955E-05 0.0648896 9.9955E-05 9.9955E-05 0.0287425 9.9955E-05 9.9955E-05 0.821276 0.084592
0.295681 9.9964E-05 0.49503 0.070131 0.0294556 9.9964E-05 9.9964E-05 9.9964E-05 0.109302
0.0300021 9.9991E-05 0.126803 0.109909 0.00318605 0.153543 0.0173902 0.0120572 0.54701
0.061432 0.0365471 9.9982E-05 0.22538 0.162783 0.0525774 9.9982E-05 0.0490743 0.412005
0.12962 9.9955E-05 0.0712268 0.0803531 9.9955E-05 9.9955E-05 9.9955E-05 9.9955E-05 0.7183
0.148321 9.9973E-05 0.142971 9.9973E-05 9.9973E-05 0.0937459 0.134803 0.0209585 0.458901
0.177145 9.9973E-05 0.219918 0.129188 0.0262136 0.136004 9.9973E-05 9.9973E-05 0.311232
0.423452 9.9973E-05 0.246002 0.164124 9.9973E-05 0.0508763 0.0756584 0.0395869 9.9973E-05
0.271074 0.0353756 0.0401604 0.0409511 9.9982E-05 0.0369548 0.0298803 9.9982E-05 0.545404
0.209507 9.9982E-05 0.38542 9.9982E-05 0.0565566 0.181513 0.0164274 0.0664687 0.0839066
0.142479 0.0533404 9.9991E-05 0.0759041 0.00891727 0.107313 0.159473 0.0607914 0.391682
0.309587 9.9973E-05 0.296181 0.0205458 9.9973E-05 0.122311 9.9973E-05 0.13674 0.114334
0.178541 0.0857026 9.9982E-05 0.0129238 0.0817824 9.9982E-05 0.0571718 0.0838879 0.49979
0.22607 0.0308603 0.449605 9.9973E-05 9.9973E-05 0.13805 9.9973E-05 0.0383807 0.116734
0.158334 9.9982E-05 0.182322 0.0742526 0.0894649 0.158724 0.0310894 9.9982E-05 0.305613
0.0305789 0.207129 0.0607552 9.9991E-05 0.113008 0.139587 0.128694 0.0176299 0.302518
0.00776744 0.611874 0.0658488 0.0761341 0.0151168 0.100927 9.9982E-05 9.9982E-05 0.122132
0.04906 0.313646 0.110512 9.9982E-05 0.0289472 0.0454781 0.0579797 9.9982E-05 0.394176
0.0281434 0.167554 9.9973E-05 0.0304168 9.9973E-05 9.9973E-05 0.115663 0.123153 0.53477
0.0367424 0.564093 0.0229945 0.0220144 9.9982E-05 0.138095 0.0061602 9.9982E-05 0.2097
0.040735 0.239872 0.017139 0.0499686 0.0607056 0.0782792 0.0268694 0.0590001 0.427431
0.0341587 0.249788 9.9973E-05 0.0253194 9.9973E-05 0.125487 0.0459417 9.9973E-05 0.519004
0.0370389 0.627311 0.0396391 0.0074348 9.9973E-05 0.191121 0.0971555 9.9973E-05 9.9973E-05
9.9973E-05 0.529829 0.0404599 0.140697 9.9973E-05 0.0808908 0.0914392 9.9973E-05 0.116384
0.0645454 0.391255 9.9964E-05 0.0465477 9.9964E-05 0.04007 9.9964E-05 9.9964E-05 0.457182
0.0226151 0.500382 0.0820742 0.0757767 9.9982E-05 0.14011 0.168167 9.9982E-05 0.0106752
0.100296 0.352481 0.0698412 0.0672034 9.9973E-05 9.9973E-05 0.116622 9.9973E-05 0.293257
0.308747 9.9964E-05 0.449179 9.9964E-05 9.9964E-05 0.0264388 0.112932 9.9964E-05 0.102304
0.115724 9.9964E-05 0.222384 9.9964E-05 9.9964E-05 0.368952 0.0615111 9.9964E-05 0.231029
0.217535 9.9973E-05 0.200746 9.9973E-05 0.109747 0.0822131 0.10121 9.9973E-05 0.288248
0.0995831 9.9982E-05 0.135671 9.9982E-05 0.0740745 0.00337935 0.111732 0.0439766 0.531383
0.303832 0.0384751 0.272238 9.9973E-05 9.9973E-05 0.00297309 0.190571 9.9973E-05 0.191611
0.146424 9.9973E-05 9.9973E-05 0.081135 0.0077413 0.0703453 9.9973E-05 0.0780939 0.61596
0.150948 0.0355582 0.0885833 0.0389367 0.0708299 9.9982E-05 0.0952434 9.9982E-05 0.5197
0.189867 9.9973E-05 0.220846 9.9973E-05 0.0803943 9.9973E-05 0.00599923 0.0456241 0.456969
0.103094 9.9973E-05 0.178157 9.9973E-05 0.101586 0.159026 0.0240527 9.9973E-05 0.433785
0.234425 9.9973E-05 0.20254 9.9973E-05 0.0324065 0.013333 0.134354 9.9973E-05 0.382641
0.371551 9.9964E-05 0.207362 9.9964E-05 0.0352083 9.9964E-05 0.170303 9.9964E-05 0.215176
0.3135 0.039744 0.150399 9.9982E-05 0.106783 0.0727271 0.0597353 9.9982E-05 0.256912
0.171699 0.016137 0.0883411 9.9982E-05 0.0524944 0.0497553 0.103001 9.9982E-05 0.518372
0.175443 9.9991E-05 0.0973296 0.0690274 0.0344653 0.0247643 0.0830446 0.0171939 0.498631
0.235258 9.9982E-05 0.00177945 0.0655048 9.9982E-05 0.137923 0.0901061 0.0109222 0.458307
0.159057 9.9964E-05 0.103698 9.9964E-05 0.0280495 0.147851 9.9964E-05 9.9964E-05 0.560944
0.373301 9.9973E-05 0.114388 0.0105383 9.9973E-05 0.0268602 9.9973E-05 0.0714987 0.403114
0.0846734 0.0860531 0.137731 0.0062131 9.9982E-05 0.0763939 0.0466054 9.9982E-05 0.56213
0.133585 0.0424667 0.132782 0.0368988 0.0823178 0.0600933 0.0881977 0.0158309 0.407829
0.115454 0.0351918 9.9991E-05 0.115192 0.068845 0.0456408 0.0380961 0.0364101 0.54507
9.9982E-05 0.012549 0.0267081 0.0296769 0.105123 9.9982E-05 0.144379 0.337522 0.343842
9.9991E-05 0.157467 0.208342 0.0287519 0.311968 0.0267758 0.0217202 0.00956133 0.235314
0.107043 9.9973E-05 9.9973E-05 0.143383 0.0827026 9.9973E-05 0.105273 0.0848958 0.476403
0.0446925 9.9982E-05 0.0723524 0.200095 0.0607093 9.9982E-05 0.0415026 0.0177042 0.562744
9.9982E-05 9.9982E-05 0.0463606 0.0798248 0.128082 0.00602403 0.0864619 0.199521 0.453525
0.0656526 0.0371375 0.159742 9.9982E-05 0.0402731 0.154246 0.143607 9.9982E-05 0.399143
0.0328491 9.9982E-05 0.0336993 0.156091 0.10528 9.9982E-05 0.116796 0.101654 0.453432
9.9982E-05 0.105836 0.095307 0.43273 0.0647737 0.0609787 0.127188 0.112987 9.9982E-05
0.0403492 0.0226926 0.0457022 0.209155 0.147447 0.0316994 9.9991E-05 0.0247136 0.478141
0.0837161 0.0710512 0.0737223 0.0727772 0.0847372 9.9982E-05 9.9982E-05 0.0687283 0.545068
9.9982E-05 9.9982E-05 0.126964 0.104023 0.20827 0.0667724 0.0375902 0.0485225 0.407658
0.00972096 9.9982E-05 0.18839 0.336252 0.0500123 9.9982E-05 0.0214889 0.0726236 0.321312
0.0116614 0.0666181 0.0227321 0.146806 0.165148 0.00352883 0.063965 0.0745501 0.44499
9.9982E-05 0.0301255 0.0331996 0.0200084 0.119415 0.04933 9.9982E-05 0.142601 0.605121
9.9964E-05 9.9964E-05 9.9964E-05 0.46016 0.130175 0.0750541 0.010854 0.323357 9.9964E-05
9.9964E-05 9.9964E-05 0.0389419 0.165489 0.074018 9.9964E-05 9.9964E-05 0.111254 0.609897
0.0301464 9.9982E-05 0.0334056 0.179237 0.182419 9.9982E-05 0.0812195 0.0709914 0.422382
9.9991E-05 0.0255457 0.0190835 0.0405411 0.106929 0.03286 0.185916 0.0881247 0.5009
0.0508978 0.034102 9.9973E-05 0.0593145 0.137187 9.9973E-05 9.9973E-05 0.14714 0.571059
0.056426 9.9991E-05 0.0188489 0.0393679 0.0557667 0.0365924 0.0185301 0.185673 0.588695
0.021975 9.9964E-05 9.9964E-05 9.9964E-05 0.0587115 0.396069 9.9964E-05 0.0109283 0.511917
9.9973E-05 0.0231742 0.0351586 9.9973E-05 0.0118894 0.30275 9.9973E-05 0.153396 0.473332
0.00166379 0.0272813 0.0723451 9.9982E-05 0.022997 0.778287 0.0817907 9.9982E-05 0.0154356
9.99459E-05 0.0183392 9.99459E-05 9.99459E-05 9.99459E-05 0.935567 9.99459E-05 9.99459E-05 0.0454941
9.9973E-05 9.9973E-05 0.0343109 9.9973E-05 0.0879701 0.309238 0.00281749 0.0662985 0.499065
9.9982E-05 0.0732356 0.0919394 0.17295 0.20276 0.0262247 9.9982E-05 0.0475976 0.385093
9.9964E-05 9.9964E-05 9.9964E-05 0.179052 0.241079 0.180381 9.9964E-05 0.0157366 0.383353
9.9973E-05 9.9973E-05 0.0270594 0.297229 0.203528 0.111427 9.9973E-05 0.143977 0.216481
9.9973E-05 9.9973E-05 0.0193905 0.177971 0.21973 0.137112 9.9973E-05 0.0905415 0.354954
9.9973E-05 0.0373949 9.9973E-05 0.194325 0.0443303 0.543309 9.9973E-05 0.0152078 0.165133
9.9964E-05 9.9964E-05 9.9964E-05 0.248409 0.0144627 0.487366 9.9964E-05 0.020266 0.229096
9.9964E-05 9.9964E-05 9.9964E-05 0.0414012 0.105748 0.287723 0.0168914 9.9964E-05 0.547836
9.9973E-05 0.014691 0.0039973 9.9973E-05 0.0808887 0.311933 9.9973E-05 0.0865497 0.501641
9.9964E-05 9.9964E-05 9.9964E-05 0.0194712 0.119374 0.575259 9.9964E-05 0.0466828 0.238813
9.9973E-05 0.035626 0.10163 9.9973E-05 0.0968199 0.269148 9.9973E-05 0.021506 0.47497
0.0310188 0.00719422 9.9973E-05 0.037496 0.138809 0.216461 9.9973E-05 9.9973E-05 0.56872
0.00952005 0.118015 0.167518 9.9982E-05 0.179599 0.174941 9.9982E-05 0.00949576 0.340711
9.9955E-05 0.00291562 0.188311 9.9955E-05 9.9955E-05 0.484129 9.9955E-05 9.9955E-05 0.324144
9.9973E-05 0.0018191 0.0623804 9.9973E-05 0.021011 0.490981 0.0317961 9.9973E-05 0.391713
0.0637603 0.00673332 0.051266 9.9991E-05 0.0482488 0.326233 0.0514437 0.0273269 0.424888
0.0397116 0.0865475 9.9982E-05 9.9982E-05 0.0777944 0.392898 0.0579632 0.0313063 0.313579
0.0496809 0.000721961 0.136241 0.130813 0.0576494 0.105244 0.0531187 9.9991E-05 0.466431
9.9946E-05 0.122171 9.9946E-05 9.9946E-05 9.9946E-05 0.349067 9.9946E-05 9.9946E-05 0.528163
0.023528 0.00853127 9.9955E-05 9.9955E-05 9.9955E-05 0.694467 9.9955E-05 9.9955E-05 0.272974
9.9991E-05 0.0193083 0.00879005 0.0223985 0.0192127 0.262414 0.0444932 0.074696 0.548587
9.99549E-05 9.99549E-05 0.0227968 9.99549E-05 9.99549E-05 0.6529 0.0273604 9.99549E-05 0.296443
9.9955E-05 0.0803294 9.9955E-05 9.9955E-05 9.9955E-05 0.485131 9.9955E-05 0.0368547 0.397185
9.9964E-05 0.0845373 9.9964E-05 9.9964E-05 9.9964E-05 0.177118 0.033645 0.0642642 0.640036
0.0407562 0.0561455 0.00114015 9.9991E-05 0.0135812 0.352311 0.105707 0.00887414 0.421385
9.9982E-05 0.0635508 0.177615 0.113403 0.113299 9.9982E-05 0.0354529 0.124186 0.372294
0.0897086 0.0389186 0.0507448 0.100243 0.166369 0.0130433 0.144677 0.0654702 0.330826
0.0456254 0.066773 0.083063 0.198942 0.232614 0.061081 9.9991E-05 0.0731107 0.238691
0.0441309 0.0903505 0.138523 0.0349979 0.149076 0.0385091 9.9991E-05 0.158875 0.345437
0.139841 0.0569827 0.042526 0.00893506 0.168005 9.9991E-05 0.0218344 0.172033 0.389743
0.0124902 0.0671889 9.9982E-05 0.0710771 0.170803 0.135387 9.9982E-05 0.124814 0.41804
9.9955E-05 9.9955E-05 9.9955E-05 0.122287 0.132468 0.58454 9.9955E-05 0.160204 9.9955E-05
0.0417148 0.0805309 0.00639282 9.9982E-05 0.11672 0.0449335 9.9982E-05 0.0930621 0.616446
9.9955E-05 9.9955E-05 9.9955E-05 0.187329 0.0890569 0.432478 9.9955E-05 0.290636 9.9955E-05
9.9964E-05 9.9964E-05 9.9964E-05 0.0538098 0.150225 0.15728 9.9964E-05 0.0947896 0.543496
9.9946E-05 9.9946E-05 9.9946E-05 9.9946E-05 9.9946E-05 0.788493 0.00246846 9.9946E-05 0.208439
9.9973E-05 9.9973E-05 0.0502924 9.9973E-05 0.0285351 0.873989 0.0359936 0.00891485 0.00197497
9.9964E-05 0.00641823 0.0618303 9.9964E-05 9.9964E-05 0.401834 0.0422641 9.9964E-05 0.487253
0.00271658 9.9955E-05 9.9955E-05 9.9955E-05 9.9955E-05 0.335845 9.9955E-05 0.0318597 0.629079
9.9946E-05 9.9946E-05 0.121377 9.9946E-05 9.9946E-05 0.459875 9.9946E-05 9.9946E-05 0.418147
9.9955E-05 9.9955E-05 9.9955E-05 9.9955E-05 9.9955E-05 0.433161 0.0145494 0.0269109 0.524879
9.9937E-05 9.9937E-05 9.9937E-05 9.9937E-05 9.9937E-05 0.407199 9.9937E-05 9.9937E-05 0.592102
9.9973E-05 9.9973E-05 0.0296265 0.0354471 0.0638027 0.0838629 9.9973E-05 0.742362 0.0445988
0.10102 9.9982E-05 0.0325439 0.0384295 0.0982229 0.0112108 9.9982E-05 0.709804 0.00856878
9.9946E-05 9.9946E-05 0.0341834 9.9946E-05 0.0827569 9.9946E-05 9.9946E-05 0.88246 9.9946E-05
9.9946E-05 9.9946E-05 9.9946E-05 9.9946E-05 9.9946E-05 0.0148062 9.9946E-05 0.926017 0.0585766
0.050591 9.9973E-05 0.0741621 0.0654828 9.9973E-05 0.0277066 0.305648 9.9973E-05 0.476109
0.00319259 9.9982E-05 0.0793408 0.0213817 0.0350987 9.9982E-05 0.413107 0.111913 0.335766
9.9955E-05 9.9955E-05 0.120899 9.9955E-05 0.00212523 9.9955E-05 0.511059 9.9955E-05 0.365417
9.9955E-05 0.0828353 9.9955E-05 9.9955E-05 9.9955E-05 9.9955E-05 0.303387 0.124824 0.488454
0.130007 0.0917777 9.9973E-05 9.9973E-05 0.0285782 9.9973E-05 0.159422 0.0510179 0.538897
0.0494334 0.0909982 0.106297 9.9991E-05 0.0442036 0.0354296 0.600536 0.021881 0.0511207
0.0204044 9.9982E-05 0.00961127 9.9982E-05 0.00166919 0.0609884 0.379724 0.00488464 0.522518
9.9964E-05 0.0811077 9.9964E-05 0.00768233 9.9964E-05 0.134292 0.502697 9.9964E-05 0.273821
0.0137403 0.0966794 0.00867667 0.00952906 0.163538 0.0256519 9.9991E-05 0.255582 0.426502
9.9955E-05 9.9955E-05 9.9955E-05 0.0905724 9.9955E-05 0.131935 0.35818 9.9955E-05 0.418813
0.0873491 0.0716375 0.0257999 9.9982E-05 0.0536847 0.0251248 0.502511 9.9982E-05 0.233693
0.0021546 9.9973E-05 0.0214037 9.9973E-05 9.9973E-05 0.0697052 0.390197 0.0167591 0.499481
9.9964E-05 9.9964E-05 0.0675275 9.9964E-05 9.9964E-05 0.0752096 0.494424 0.0256791 0.33676
9.9946E-05 9.9946E-05 9.9946E-05 9.9946E-05 9.9946E-05 0.0544547 0.43764 9.9946E-05 0.507306
9.9964E-05 9.9964E-05 9.9964E-05 9.9964E-05 0.0143835 0.108639 0.358135 0.0962744 0.422168
9.9955E-05 9.9955E-05 0.0208436 9.9955E-05 9.9955E-05 0.204208 0.744152 9.9955E-05 0.0302966
0.0238763 0.128545 0.00109876 0.0034632 9.9991E-05 0.130683 0.521034 0.00164675 0.189553
0.0845175 9.9964E-05 9.9964E-05 0.0377089 9.9964E-05 0.0804668 0.544737 9.9964E-05 0.25217
9.9946E-05 9.9946E-05 9.9946E-05 0.0735076 9.9946E-05 0.263979 0.661914 9.9946E-05 9.9946E-05
0.107473 0.0936421 9.9973E-05 9.9973E-05 0.0588123 9.9973E-05 0.457115 0.00974981 0.272908
9.9955E-05 0.190837 9.9955E-05 0.0977517 9.9955E-05 0.091117 0.619795 9.9955E-05 9.9955E-05
9.9946E-05 9.9946E-05 9.9946E-05 0.122077 9.9946E-05 0.254983 0.622341 9.9946E-05 9.9946E-05
0.0186643 9.9973E-05 9.9973E-05 0.0413795 9.9973E-05 0.0362157 0.331392 0.0198485 0.5522
0.0929701 9.9982E-05 0.0527284 9.9982E-05 0.0636219 0.0328831 0.674877 0.00595019 0.0767693
0.0203204 0.143692 0.102113 0.00843964 0.025396 9.9991E-05 0.354745 0.00780728 0.337387
0.0221917 0.091685 0.0215444 0.014737 0.00318027 0.0533932 0.110219 0.0654416 0.617608
0.0680882 9.9973E-05 0.0302954 0.039371 9.9973E-05 9.9973E-05 0.433472 0.0159761 0.412498
0.130538 9.9973E-05 0.171552 0.106932 9.9973E-05 0.179872 0.00525487 9.9973E-05 0.405551
0.0621192 9.9964E-05 0.0870265 9.9964E-05 9.9964E-05 0.00532222 0.298851 9.9964E-05 0.546282
0.0687657 0.131393 0.00136982 9.9982E-05 0.0472793 9.9982E-05 0.364641 0.0291235 0.357227
9.9955E-05 0.0223747 9.9955E-05 9.9955E-05 9.9955E-05 0.0584251 0.71425 9.9955E-05 0.20445
0.0899049 0.000726167 0.0999297 9.9991E-05 0.0597864 0.0894787 0.201592 0.0602334 0.398248
0.206925 0.0735376 0.0562244 0.0454847 9.9973E-05 0.0139376 9.9973E-05 0.603591 9.9973E-05
0.0220356 9.9973E-05 0.121042 0.109411 9.9973E-05 9.9973E-05 0.0387788 0.665371 0.043062
0.106093 9.9964E-05 0.00387919 0.055119 9.9964E-05 0.0427008 9.9964E-05 0.791808 9.9964E-05
0.148021 9.9946E-05 9.9946E-05 9.9946E-05 9.9946E-05 0.0701358 9.9946E-05 0.781243 9.9946E-05
0.137489 0.1303 9.9955E-05 9.9955E-05 9.9955E-05 9.9955E-05 9.9955E-05 0.697565 0.0341464
0.153164 9.9964E-05 0.000540902 0.0201342 9.9964E-05 9.9964E-05 0.74284 0.082921 9.9964E-05
0.105772 0.0709224 0.0356788 9.9982E-05 9.9982E-05 0.0419237 0.659033 0.0658485 0.0206216
