0.0597427 0.0359336 0.78495 9.9973E-05 9.9973E-05 0.0193305 0.00231195 9.9973E-05 0.0974319
9.9955E-05 9.9955E-05 0.901199 0.037411 0.0346358 9.9955E-05 9.9955E-05 9.9955E-05 0.0262539
0.071764 0.0380194 0.720313 9.9973E-05 9.9973E-05 0.00118267 9.9973E-05 0.102998 0.065423
0.0718246 0.0899489 0.726035 0.0051537 0.0338293 9.9982E-05 9.9982E-05 0.0283598 0.044649
0.0288465 0.068674 0.826477 0.0755027 9.9955E-05 9.9955E-05 9.9955E-05 9.9955E-05 9.9955E-05
0.110983 0.0613401 0.551538 9.9982E-05 9.9982E-05 0.043698 0.142012 0.0542445 0.0359852
0.0983602 0.0212482 0.714523 9.9964E-05 9.9964E-05 9.9964E-05 0.0995877 9.9964E-05 0.0658806
0.119804 0.0446497 0.659859 0.0169804 9.9973E-05 9.9973E-05 0.108506 9.9973E-05 0.0499013
0.0811791 9.99639E-05 0.784404 9.99639E-05 9.99639E-05 0.0792475 0.0217149 9.99639E-05 0.0330544
0.08301 0.103275 0.590482 0.04111 9.9982E-05 9.9982E-05 0.0813035 0.0505348 0.0500854
0.153162 9.9964E-05 0.694201 9.9964E-05 9.9964E-05 9.9964E-05 0.114264 0.0193316 0.0186424
9.9955E-05 0.0591186 9.9955E-05 9.9955E-05 0.772 0.0315007 9.9955E-05 0.136881 9.9955E-05
9.9946E-05 9.9946E-05 9.9946E-05 9.9946E-05 0.448897 9.9946E-05 9.9946E-05 0.491485 0.0590185
9.9973E-05 0.016138 0.022943 0.113772 0.623443 9.9973E-05 9.9973E-05 0.175547 0.047857
9.9964E-05 0.132765 0.0186592 9.9964E-05 0.5938 9.9964E-05 9.9964E-05 0.221771 0.0326046
0.0447502 0.0706486 0.118411 9.9982E-05 0.327799 0.0169707 0.0986042 0.322617 9.9982E-05
9.9982E-05 0.104485 0.00122741 0.101587 0.20069 9.9982E-05 0.00832587 0.535967 0.0475173
0.0335372 0.0472187 0.00928092 0.0378415 0.299522 0.114364 0.0124034 0.391825 0.0540073
9.9955E-05 0.0802875 0.0867151 9.9955E-05 0.57492 9.9955E-05 9.9955E-05 0.257578 9.9955E-05
0.063025 9.9964E-05 0.032205 9.9964E-05 0.785708 9.9964E-05 0.0916834 9.9964E-05 0.0269791
0.0971703 0.0818176 0.017076 0.0176582 0.342549 0.0430337 0.0529136 0.346383 0.00139848
0.0597492 9.9964E-05 9.9964E-05 9.9964E-05 0.253847 9.9964E-05 0.230703 0.404954 0.0503474
0.0358763 9.9991E-05 0.0143494 0.0539027 0.159013 0.133715 0.0458308 0.540385 0.0168281
9.9973E-05 0.0898264 0.00478582 9.9973E-05 0.586957 0.0540841 0.0453247 0.218722 9.9973E-05
0.045514 0.0630182 0.103714 0.0285795 0.166994 0.0332435 0.0150681 0.543769 9.9991E-05
9.9964E-05 0.0744665 0.0415226 9.9964E-05 0.442138 9.9964E-05 9.9964E-05 0.4165 0.0249731
9.9964E-05 0.15066 9.9964E-05 9.9964E-05 0.786128 0.00632759 9.9964E-05 0.0353071 0.0211774
9.9946E-05 0.269635 9.9946E-05 9.9946E-05 0.728988 9.9946E-05 9.9946E-05 0.000776802 9.9946E-05
9.9973E-05 0.00649608 0.0144884 0.0483278 0.700893 9.9973E-05 0.0988772 0.130618 9.9973E-05
9.993E-05 9.993E-05 9.993E-05 9.993E-05 9.993E-05 9.993E-05 9.993E-05 9.993E-05 0.999201
9.993E-05 9.993E-05 9.993E-05 9.993E-05 9.993E-05 9.993E-05 9.993E-05 9.993E-05 0.999201
9.9973E-05 0.0140992 0.451892 9.9973E-05 0.0455443 0.0122406 9.9973E-05 0.108423 0.367501
0.0203652 0.145597 0.424308 9.9973E-05 9.9973E-05 0.0655757 9.9973E-05 0.01659 0.327264
0.04559 0.0196138 0.00850035 0.00162674 0.110308 0.188001 0.100345 0.503288 0.0227279
0.00963392 0.0252673 0.119624 9.9982E-05 0.0261681 0.299065 9.9982E-05 0.512152 0.00788968
9.9964E-05 9.9964E-05 9.9964E-05 0.0141257 9.9964E-05 0.363867 0.0204605 0.575832 0.0253147
0.175152 9.9955E-05 0.124634 9.9955E-05 0.609161 9.9955E-05 9.9955E-05 0.0905535 9.9955E-05
9.9973E-05 0.0355498 0.0239782 9.9973E-05 9.9973E-05 0.634392 0.0115948 0.259055 0.0351312
0.0621907 9.9973E-05 0.074631 0.0249492 0.215634 0.155525 9.9973E-05 0.46677 9.9973E-05
0.0793424 9.9955E-05 0.0214802 9.9955E-05 9.9955E-05 0.190599 9.9955E-05 0.708079 9.9955E-05
0.0557748 9.9982E-05 0.0467637 9.9982E-05 0.0470351 0.0429844 0.161749 0.610525 0.0349678
0.0950315 9.9973E-05 9.9973E-05 9.9973E-05 0.0664273 0.125476 0.0255415 0.603422 0.0838015
9.9964E-05 0.0201951 9.9964E-05 9.9964E-05 0.244168 0.618076 9.9964E-05 0.0884625 0.0286985
0.0326075 0.0544861 0.0489692 0.00292656 0.0197115 0.0290045 0.241043 0.571151 9.9991E-05
0.0076263 0.0791354 0.0891216 0.0714936 9.9982E-05 0.260268 0.0926458 0.399509 9.9982E-05
0.064793 0.0544845 0.0708025 9.9982E-05 0.130323 0.0128281 9.9982E-05 0.58952 0.0770493
0.0152722 9.9973E-05 9.9973E-05 0.0273984 9.9973E-05 0.621643 0.0277462 0.301616 0.0060249
9.9955E-05 9.9955E-05 0.029807 9.9955E-05 9.9955E-05 0.317208 9.9955E-05 0.605053 0.0474319
0.013774 0.103122 0.0154313 0.0340418 9.9991E-05 0.162264 0.0639633 0.563458 0.0438453
0.0184301 9.9964E-05 0.0601881 0.00410418 9.9964E-05 0.676982 0.239896 9.9964E-05 9.9964E-05
0.156388 9.9973E-05 9.9973E-05 0.0601985 0.319612 0.146416 0.144636 0.17245 9.9973E-05
9.9973E-05 0.0298434 9.9973E-05 0.104997 0.368475 0.152707 0.337358 0.00632027 9.9973E-05
0.0709043 0.114044 0.00144217 0.0121685 0.168605 0.0897214 9.9991E-05 0.505996 0.037019
9.999E-05 0.00984942 0.0504459 0.072592 0.0730532 0.00437833 0.121157 0.650335 0.0180894
0.133592 9.9973E-05 9.9973E-05 0.0344449 0.0769669 9.9973E-05 0.0541561 0.654319 0.0462209
0.199563 9.9991E-05 0.0712427 0.0586864 0.203391 0.187055 0.0751132 0.186072 0.0187769
0.105832 0.0119049 9.9991E-05 0.0334055 0.210185 0.0821729 0.0198661 0.534361 0.00217179
0.0655091 0.0749838 0.0297525 0.00110485 0.113592 0.0753459 0.0875176 0.552095 9.9991E-05
0.0828024 0.0233228 0.0412641 0.0655155 0.23664 0.141231 0.0753172 0.29533 0.0385767
9.9982E-05 0.0376973 0.162494 0.0328034 0.482021 0.115378 0.12702 9.9982E-05 0.0423854
0.0557621 0.0881935 9.9982E-05 0.0156516 0.13713 0.167203 9.9982E-05 0.494667 0.0411933
0.109364 0.0630158 0.0447642 9.9991E-05 0.298707 0.0958755 0.0302462 0.342025 0.0159031
0.0732468 9.9964E-05 9.9964E-05 9.9964E-05 0.654702 0.0660175 0.16613 9.9964E-05 0.0395041
9.9982E-05 0.0330546 9.9982E-05 0.0607449 0.451364 0.0494212 0.00178565 0.377023 0.0264069
0.0085676 0.0991923 0.00861317 0.0941012 0.146456 9.9991E-05 0.0492021 0.560147 0.0336204
0.0538147 0.0262019 0.0349037 9.9991E-05 0.0895133 0.130655 0.0576977 0.524906 0.0822082
9.9982E-05 0.0557955 9.9982E-05 0.0207429 0.477191 0.165179 0.0528518 0.208991 0.0190485
0.0260022 9.9973E-05 9.9973E-05 9.9973E-05 0.350667 0.0906312 0.116634 0.395928 0.0198381
0.0788674 0.0319787 0.0102648 0.057768 0.124677 0.121202 0.0133114 0.460251 0.101678
0.0746662 9.9982E-05 9.9982E-05 0.0273503 0.518004 0.146831 0.0717644 0.101371 0.0598123
0.0578703 9.9946E-05 9.9946E-05 9.9946E-05 9.9946E-05 0.361082 9.9946E-05 0.580448 9.9946E-05
9.9964E-05 0.00412775 9.9964E-05 9.9964E-05 0.140042 0.680942 9.9964E-05 0.148107 0.0263812
9.9982E-05 0.0696956 0.0929763 0.0173607 0.190174 0.164768 9.9982E-05 0.443261 0.021564
9.9937E-05 9.9937E-05 9.9937E-05 9.9937E-05 9.9937E-05 0.889683 0.109618 9.9937E-05 9.9937E-05
0.00980767 9.9964E-05 9.9964E-05 0.0477707 0.0145412 0.843942 0.0835381 9.9964E-05 9.9964E-05
9.9937E-05 9.9937E-05 9.9937E-05 9.9937E-05 9.9937E-05 0.760965 9.9937E-05 0.238336 9.9937E-05
9.9964E-05 0.040018 9.9964E-05 9.9964E-05 9.9964E-05 0.498404 0.0460185 0.351391 0.0637685
0.0736978 0.0625633 0.0802792 9.9973E-05 9.9973E-05 0.194513 9.9973E-05 0.527687 0.0609594
0.0738116 0.0643629 9.9973E-05 9.9973E-05 0.0709571 0.384464 9.9973E-05 0.387562 0.0185428
0.0913423 0.0603482 0.0283388 9.9982E-05 0.113699 0.603873 9.9982E-05 0.093456 0.00874287
0.167477 9.9973E-05 9.9973E-05 0.0254864 0.0371127 0.518088 9.9973E-05 0.225716 0.02582
9.9982E-05 0.101792 0.0835977 0.000435222 0.0486981 0.376255 9.9982E-05 0.36893 0.0200926
9.9973E-05 0.0508496 0.0552551 0.022749 0.0669293 0.568489 9.9973E-05 0.235428 9.9973E-05
0.0160368 9.9982E-05 0.049107 9.9982E-05 0.0270333 0.467865 0.0182546 0.414178 0.00732524
9.9955E-05 9.9955E-05 9.9955E-05 0.0345062 9.9955E-05 0.592233 9.9955E-05 0.371672 0.00108935
9.9955E-05 9.9955E-05 0.0173153 0.0329106 9.9955E-05 0.703223 0.246051 9.9955E-05 9.9955E-05
9.9964E-05 9.9964E-05 0.00800246 9.9964E-05 9.9964E-05 0.238914 0.129251 0.594794 0.0286382
0.0370486 0.0477524 0.746136 9.9973E-05 0.0486684 9.9973E-05 9.9973E-05 0.0886901 0.0314044
9.9946E-05 9.9946E-05 0.807827 9.9946E-05 9.9946E-05 9.9946E-05 9.9946E-05 0.0892262 0.102347
0.00167197 0.0718233 0.687599 9.9964E-05 9.9964E-05 9.9964E-05 9.9964E-05 0.0978906 0.140615
9.9964E-05 0.0044594 0.780893 9.9964E-05 9.9964E-05 9.9964E-05 0.038687 0.0528723 0.122688
9.9973E-05 0.00102808 0.766664 0.010725 9.9973E-05 0.00404996 9.9973E-05 0.104206 0.113026
0.0177123 0.0535535 0.784744 0.0151101 9.9991E-05 0.000762033 0.0107772 0.0492562 0.0679846
9.9955E-05 9.9955E-05 0.865301 9.9955E-05 0.00812331 9.9955E-05 9.9955E-05 0.0749035 0.0511728
9.9991E-05 0.0997619 0.0380316 0.0434601 0.137286 0.118622 0.0202751 0.492363 0.0501001
0.0593076 0.0146119 9.9982E-05 0.0772473 0.0169673 0.192001 9.9982E-05 0.573349 0.0663162
9.9946E-05 9.9946E-05 0.0457244 9.9946E-05 0.164333 0.789342 9.9946E-05 9.9946E-05 9.9946E-05
0.0284187 0.106932 0.0261881 0.0402067 0.0469266 0.189916 0.0755732 0.449262 0.0365765
0.00719698 9.9964E-05 0.0191859 9.9964E-05 0.201543 0.332304 9.9964E-05 0.43937 9.9964E-05
0.0300698 9.9973E-05 9.9973E-05 0.0466268 9.9973E-05 0.266522 0.0100695 0.584515 0.0618977
0.0795645 9.9982E-05 0.0063617 0.0461725 9.9982E-05 0.234725 0.133253 0.483138 0.0165856
9.9964E-05 0.118117 9.9964E-05 9.9964E-05 9.9964E-05 0.456152 0.0231763 0.395121 0.00703362
0.136298 9.9955E-05 0.0691349 9.9955E-05 0.119174 0.674893 9.9955E-05 9.9955E-05 9.9955E-05
0.00276511 0.0282134 0.0951204 0.143122 9.9982E-05 0.181365 9.9982E-05 0.485028 0.0641866
0.0104501 0.119601 0.0761419 9.9982E-05 0.023627 0.239942 0.0203981 0.50964 9.9982E-05
0.147408 0.125165 0.0434367 9.9991E-05 0.0199782 0.131888 0.039344 0.474078 0.0186016
9.9982E-05 0.0580398 9.9982E-05 0.106185 0.0635533 0.440004 0.132281 0.189867 0.00986986
0.0104021 9.9973E-05 9.9973E-05 0.099041 9.9973E-05 0.310515 0.0318037 0.475312 0.0726265
0.0351495 0.00751304 9.9973E-05 9.9973E-05 0.122533 0.437841 9.9973E-05 0.379232 0.0174308
9.9955E-05 0.0803948 9.9955E-05 9.9955E-05 9.9955E-05 0.596174 9.9955E-05 0.302258 0.0206737
0.0672403 9.9964E-05 0.0997026 0.00109801 9.9964E-05 0.442696 9.9964E-05 0.388864 9.9964E-05
0.05625 9.9982E-05 0.103921 9.9982E-05 0.0628719 0.180889 0.00427696 0.579171 0.0124196
9.9982E-05 0.0228983 0.0500412 0.171867 0.517892 0.0362483 0.0511155 0.149737 9.9982E-05
0.186666 0.0202341 0.0612371 9.9982E-05 0.232464 9.9982E-05 0.0520177 0.419953 0.0272274
0.0247735 9.9982E-05 0.0312654 0.153653 0.271958 9.9982E-05 0.000464493 0.480948 0.0367378
0.0800029 0.0902658 0.0565721 0.0447079 0.0473213 0.0188986 0.0894738 0.572658 9.9991E-05
9.9964E-05 9.9964E-05 0.0235952 0.065625 0.515863 9.9964E-05 9.9964E-05 0.376797 0.01772
0.104342 0.0951517 0.0234113 0.0293731 0.280682 9.9973E-05 9.9973E-05 0.46674 9.9973E-05
0.0995731 9.9955E-05 9.9955E-05 0.100722 0.375425 9.9955E-05 9.9955E-05 0.42378 9.9955E-05
0.071504 0.0325565 0.038438 0.0819578 0.110739 0.111089 0.0459597 0.48749 0.0202668
0.124587 0.0721274 0.0484973 0.0638618 0.0795774 0.08641 0.0230307 0.501809 9.9991E-05
0.031641 9.9991E-05 0.00756147 0.063829 0.285821 0.0587441 0.00108726 0.547456 0.00376015
0.154288 9.9964E-05 9.9964E-05 0.034563 0.325935 9.9964E-05 9.9964E-05 0.445883 0.0389317
0.0388157 9.9991E-05 0.0175642 0.0649245 0.101784 0.0662133 0.0622983 0.631492 0.0168088
0.0538395 9.9982E-05 0.105334 0.0292467 0.00350661 0.0466668 0.0317363 0.72947 9.9982E-05
0.1159 0.0941624 9.9964E-05 0.159364 0.223956 9.9964E-05 9.9964E-05 0.406218 9.9964E-05
0.124081 0.0789685 9.9982E-05 0.0659901 0.0556831 9.9982E-05 0.110486 0.537887 0.0267047
0.0565428 0.0959335 9.9982E-05 0.0800058 0.208023 0.0157117 9.9982E-05 0.505427 0.0381569
9.9973E-05 9.9973E-05 0.0851144 0.121604 0.356716 9.9973E-05 0.0594831 0.350805 0.025977
0.0751345 0.0568256 0.0398082 9.9982E-05 0.234621 0.0632156 9.9982E-05 0.527795 0.00240077
0.0335999 9.9973E-05 0.00898938 9.9973E-05 0.201964 9.9973E-05 0.0414971 0.683962 0.0296877
0.131386 0.0857964 0.0282211 0.0521293 0.394718 0.140673 9.9982E-05 0.166876 9.9982E-05
0.0378392 0.0200625 0.00546914 0.226004 0.411015 0.0126078 0.159781 0.110213 0.0170083
0.137666 9.9964E-05 9.9964E-05 9.9964E-05 0.192777 9.9964E-05 0.113653 0.536205 0.019299
0.149441 0.0397173 9.9982E-05 0.220374 0.232007 0.195768 0.156941 9.9982E-05 0.00555168
0.114097 9.9991E-05 0.0178405 0.0642256 0.438451 0.0772852 0.00449099 0.273386 0.0101231
0.0807413 9.9973E-05 0.0113973 0.0626696 0.265535 0.211218 9.9973E-05 0.368139 9.9973E-05
0.131816 9.9973E-05 0.00910532 0.0274716 0.41236 0.151463 9.9973E-05 0.267484 9.9973E-05
0.102402 9.9973E-05 0.0405894 0.0138756 0.599332 0.0171573 9.9973E-05 0.226344 9.9973E-05
0.0938304 9.9982E-05 0.032077 9.9982E-05 0.0899756 0.00528575 0.0126845 0.72197 0.043977
0.177388 0.121773 0.0477675 0.0454333 0.00603346 9.9982E-05 0.0980468 0.503358 9.9982E-05
0.0245883 9.9973E-05 9.9973E-05 0.127787 0.239153 0.115431 9.9973E-05 0.460362 0.0323791
0.0615447 0.0728876 9.9991E-05 0.0533339 0.383643 0.220953 0.179155 0.0106216 0.0177614
0.041294 9.9973E-05 0.127106 0.0675246 0.129042 9.9973E-05 0.106209 0.528524 9.9973E-05
0.0640128 0.0686437 9.9982E-05 0.0667101 0.0701471 0.178075 0.118793 0.433419 9.9982E-05
0.0766241 9.9982E-05 0.103373 0.161546 0.0755934 0.135306 0.445235 9.9982E-05 0.00212213
9.9973E-05 0.051844 0.0955812 0.120346 9.9973E-05 0.188313 0.0316424 0.511973 9.9973E-05
0.0940226 0.0283373 0.119126 0.0280866 0.066588 0.186474 0.128313 0.348953 9.9991E-05
0.0834643 0.0719586 0.0101029 0.0802863 0.0182321 0.00883548 0.161967 0.526499 0.0386543
0.044278 9.9973E-05 0.0792484 9.9973E-05 0.0967852 0.142328 0.36143 0.27563 9.9973E-05
0.0594372 9.9982E-05 9.9982E-05 0.0587295 0.218153 0.0390031 0.4256 0.162696 0.036181
0.107203 9.9991E-05 0.025286 0.172712 0.0248826 0.0651628 0.168484 0.429485 0.00668385
0.00524394 0.102482 0.076587 0.0979106 0.087404 9.9991E-05 0.217168 0.400731 0.0123736
0.0148992 0.139195 0.132825 9.9982E-05 0.0951404 0.0350643 0.163316 0.419361 9.9982E-05
0.00234794 0.143485 0.0381842 0.0553465 0.208546 0.210546 0.341345 9.9982E-05 9.9982E-05
9.9982E-05 9.9982E-05 0.123203 0.0742056 0.031065 0.0920442 0.0626955 0.565313 0.0512739
0.0623638 9.9964E-05 9.9964E-05 9.9964E-05 0.115012 0.156864 0.328754 0.336607 9.9964E-05
0.039267 9.9973E-05 9.9973E-05 0.118149 0.117302 0.15032 0.149692 0.42497 9.9973E-05
0.0826849 0.00527866 0.129297 0.0922967 0.0553951 0.100672 9.9982E-05 0.534176 9.9982E-05
9.9991E-05 0.247244 0.257386 0.0293305 0.0132141 0.0491873 0.216397 0.130784 0.0563569
9.9946E-05 0.16351 0.473534 9.9946E-05 9.9946E-05 9.9946E-05 0.362356 9.9946E-05 9.9946E-05
9.9946E-05 0.137141 0.398324 9.9946E-05 9.9946E-05 9.9946E-05 0.463936 9.9946E-05 9.9946E-05
9.9973E-05 0.371897 0.327141 9.9973E-05 0.0443339 9.9973E-05 0.194835 0.0197927 0.0417006
0.0271386 9.9964E-05 9.9964E-05 0.0104379 9.9964E-05 0.0178762 0.300247 0.643901 9.9964E-05
0.0164937 0.0307018 0.102773 0.0738236 9.9991E-05 0.0620732 0.147572 0.536152 0.0303108
9.9955E-05 0.656005 9.9955E-05 9.9955E-05 0.0716563 9.9955E-05 9.9955E-05 0.236784 0.0350553
9.9964E-05 0.475593 9.9964E-05 0.0044378 0.170829 9.9964E-05 9.9964E-05 0.329462 0.0192783
0.0272408 0.276144 0.0944358 0.0691626 9.9982E-05 0.0590287 0.0774798 0.396308 9.9982E-05
9.9964E-05 9.9964E-05 9.9964E-05 0.151267 9.9964E-05 0.152054 0.396792 0.297031 0.002456
0.11561 0.132128 9.9982E-05 0.0931964 0.00929811 0.0940609 0.0973924 0.458114 9.9982E-05
9.9964E-05 9.9964E-05 9.9964E-05 0.118681 0.118892 0.0481923 0.544793 0.169042 9.9964E-05
0.0617544 9.9973E-05 9.9973E-05 0.0509146 0.0583641 0.0579781 0.188098 0.582591 9.9973E-05
9.9982E-05 0.0779265 9.9982E-05 0.11466 0.0942197 0.0339326 0.21841 0.438058 0.0225929
0.00889451 0.0344 0.0436388 0.100574 9.9982E-05 0.0483114 0.238222 0.525759 9.9982E-05
0.0175533 9.9973E-05 9.9973E-05 0.0443877 0.110113 0.135192 0.533944 0.15851 9.9973E-05
0.0270336 0.0715391 9.9991E-05 0.0491164 0.0806306 0.0227484 0.099289 0.615922 0.0336205
0.00725229 0.0897902 9.9982E-05 9.9982E-05 0.0716955 0.147539 0.16808 0.505903 0.00954055
9.9937E-05 0.975356 9.9937E-05 9.9937E-05 0.0239441 9.9937E-05 9.9937E-05 9.9937E-05 9.9937E-05
0.0508245 0.901507 9.9964E-05 0.0148105 9.9964E-05 0.00354968 9.9964E-05 0.0289081 9.9964E-05
9.9955E-05 0.599723 9.9955E-05 9.9955E-05 0.139909 0.0098298 9.9955E-05 0.250039 9.9955E-05
0.0292341 0.604448 9.9955E-05 0.00772323 9.9955E-05 9.9955E-05 9.9955E-05 0.358095 9.9955E-05
9.9955E-05 0.794501 9.9955E-05 9.9955E-05 9.9955E-05 0.0980885 9.9955E-05 0.0739168 0.0329934
0.00295714 0.996343 9.9937E-05 9.9937E-05 9.9937E-05 9.9937E-05 9.9937E-05 9.9937E-05 9.9937E-05
0.0413819 0.957919 9.9937E-05 9.9937E-05 9.9937E-05 9.9937E-05 9.9937E-05 9.9937E-05 9.9937E-05
9.9946E-05 0.830973 9.9946E-05 0.0260098 9.9946E-05 9.9946E-05 9.9946E-05 0.142418 9.9946E-05
9.9946E-05 0.930032 9.9946E-05 9.9946E-05 9.9946E-05 0.0559572 9.9946E-05 0.0134115 9.9946E-05
9.993E-05 0.999201 9.993E-05 9.993E-05 9.993E-05 9.993E-05 9.993E-05 9.993E-05 9.993E-05
9.9937E-05 0.961675 9.9937E-05 9.9937E-05 9.9937E-05 9.9937E-05 9.9937E-05 9.9937E-05 0.0376253
0.0301606 0.758453 9.9973E-05 0.0312932 0.00950656 9.9973E-05 9.9973E-05 0.13058 0.0397064
9.9955E-05 0.772215 0.0451899 9.9955E-05 9.9955E-05 9.9955E-05 9.9955E-05 0.165768 0.0163269
9.9946E-05 0.949849 9.9946E-05 9.9946E-05 9.9946E-05 0.0493144 9.9946E-05 9.9946E-05 0.000237436
0.0984633 0.352137 0.111507 9.9973E-05 0.0422575 0.0857571 9.9973E-05 0.309578 9.9973E-05
0.0855375 0.664185 9.9964E-05 9.9964E-05 9.9964E-05 0.00395298 9.9964E-05 0.243864 0.00205986
0.0436859 0.6704 9.9964E-05 9.9964E-05 9.9964E-05 9.9964E-05 0.00839575 0.213776 0.0633425
9.9955E-05 0.834841 9.9955E-05 9.9955E-05 0.0243732 9.9955E-05 9.9955E-05 0.124359 0.0159268
9.9946E-05 0.935591 0.0534351 9.9946E-05 9.9946E-05 0.0103743 9.9946E-05 9.9946E-05 9.9946E-05
0.0191469 0.890423 0.0233435 9.9964E-05 9.9964E-05 9.9964E-05 9.9964E-05 0.0440215 0.0226647
9.9937E-05 0.972221 9.9937E-05 9.9937E-05 9.9937E-05 9.9937E-05 9.9937E-05 9.9937E-05 0.0270791
0.0622259 0.626465 0.0185709 0.041555 0.0380724 9.9973E-05 9.9973E-05 0.21281 9.9973E-05
0.0280102 0.912412 9.9964E-05 9.9964E-05 0.0183384 0.00861023 9.9964E-05 0.0322288 9.9964E-05
9.9964E-05 0.0502725 0.298373 0.0564906 0.0232879 9.9964E-05 0.571176 9.9964E-05 9.9964E-05
0.117621 0.145343 0.0957182 9.9982E-05 0.104532 9.9982E-05 0.173382 0.315821 0.0473836
0.0587411 0.106237 0.179011 9.9973E-05 9.9973E-05 9.9973E-05 0.231518 0.401908 0.0222849
0.0558467 0.134597 0.0902666 0.0216202 9.9991E-05 0.00294602 0.441285 0.175462 0.0778755
0.0650473 0.0603317 0.110734 0.0958288 0.07256 9.9982E-05 0.115401 0.479896 9.9982E-05
9.9982E-05 0.0892976 0.176964 0.0336519 9.9982E-05 0.0631895 0.376428 0.202057 0.0582125
0.0404569 0.0329741 0.161344 0.0912995 0.0407536 0.0859113 0.100168 0.446992 9.9991E-05
9.9973E-05 0.174654 0.0999827 9.9973E-05 9.9973E-05 0.0836591 0.336489 0.295855 0.00906042
0.0512806 0.053573 0.0738115 9.9973E-05 9.9973E-05 9.9973E-05 0.215306 0.491351 0.114378
9.9964E-05 0.168673 0.0935504 9.9964E-05 9.9964E-05 9.9964E-05 0.360131 0.346775 0.0304708
9.9982E-05 0.0701411 0.104095 9.9982E-05 0.0767697 0.0526182 0.191925 0.445874 0.0583769
0.0876268 9.9964E-05 0.783158 0.0344878 9.9964E-05 9.9964E-05 0.0444205 0.0499072 9.9964E-05
0.0222569 0.0597067 0.828954 0.0130433 9.9964E-05 9.9964E-05 9.9964E-05 9.9964E-05 0.0756394
0.0530381 9.9964E-05 0.877388 9.9964E-05 0.0161143 9.9964E-05 9.9964E-05 0.000101245 0.0529589
0.0531619 9.9955E-05 0.890206 9.9955E-05 9.9955E-05 9.9955E-05 9.9955E-05 0.0398532 0.0162787
0.0523891 0.0234501 0.719833 9.9964E-05 9.9964E-05 9.9964E-05 0.0318658 9.9964E-05 0.172062
9.9955E-05 0.079548 0.803581 0.0172486 9.9955E-05 9.9955E-05 9.9955E-05 9.9955E-05 0.0991223
9.9955E-05 0.0579592 0.825191 9.9955E-05 9.9955E-05 9.9955E-05 9.9955E-05 0.0389715 0.0773784
0.0350529 9.9964E-05 0.839743 0.0252029 9.9964E-05 0.0305808 9.9964E-05 9.9964E-05 0.0690209
9.9964E-05 9.9964E-05 0.892705 0.0218652 0.0468554 9.9964E-05 9.9964E-05 0.0272893 0.0108857
0.00726749 0.115734 0.76766 9.9973E-05 0.0676538 9.9973E-05 0.0101163 9.9973E-05 0.0312689
0.0802732 9.9973E-05 0.581823 0.0456553 0.216256 0.0527011 9.9973E-05 9.9973E-05 0.0229908
0.180279 9.9964E-05 0.583491 9.9964E-05 0.149905 0.0799955 9.9964E-05 9.9964E-05 0.00593004
0.0797273 9.9982E-05 0.500198 0.0228526 0.285238 0.0127126 0.0770833 9.9982E-05 0.0219879
0.0829467 9.9955E-05 0.484068 9.9955E-05 0.340794 0.0916908 9.9955E-05 9.9955E-05 9.9955E-05
0.0151126 9.9973E-05 0.0869687 9.9973E-05 0.112565 0.26809 0.00734522 0.509619 9.9973E-05
0.0645169 0.0607796 0.0060416 0.0193271 0.178635 0.221525 9.9982E-05 0.448974 9.9982E-05
0.144472 0.0238767 9.9973E-05 9.9973E-05 0.117854 0.145661 0.0170781 0.550758 9.9973E-05
9.9973E-05 9.9973E-05 9.9973E-05 0.032535 0.335111 0.24308 0.00428885 0.333489 0.0511964
0.213438 0.00276002 9.9982E-05 0.0266123 0.578416 0.0214535 0.00277005 0.15435 9.9982E-05
0.0451917 0.0527913 0.0504897 0.0913611 9.9982E-05 0.187228 9.9982E-05 0.561808 0.0109306
0.0597764 0.00453929 9.9964E-05 9.9964E-05 0.106583 0.288586 9.9964E-05 0.540116 9.9964E-05
0.0514146 9.9973E-05 9.9973E-05 0.0475401 0.047302 0.227065 0.100473 0.525906 9.9973E-05
0.00341949 0.0176446 9.9964E-05 9.9964E-05 9.9964E-05 0.595454 0.0274757 0.355606 9.9964E-05
0.112014 0.0158065 0.0354008 0.0286275 0.0151338 0.0852326 0.0684351 0.61217 0.0271801
9.9973E-05 0.036057 0.0100849 0.0324255 0.193133 0.348416 9.9973E-05 0.379583 9.9973E-05
9.9955E-05 9.9955E-05 9.9955E-05 0.138068 0.0507474 0.764092 0.046592 9.9955E-05 9.9955E-05
9.9982E-05 9.9982E-05 0.106522 0.0151485 0.11967 0.169904 0.0548729 0.528039 0.00564312
9.9973E-05 9.9973E-05 9.9973E-05 0.0744016 0.0136607 0.497197 0.177065 0.235841 0.00153464
0.0615866 0.00147584 9.9973E-05 0.0670831 9.9973E-05 0.348143 9.9973E-05 0.510639 0.0107723
0.0646813 9.9964E-05 0.0654255 9.9964E-05 0.154826 0.666688 9.9964E-05 0.0479791 9.9964E-05
0.81325 9.9946E-05 0.0974335 9.9946E-05 9.9946E-05 9.9946E-05 0.088717 9.9946E-05 9.9946E-05
0.796948 0.0107428 0.0373701 9.9964E-05 9.9964E-05 9.9964E-05 0.106667 0.0478727 9.9964E-05
0.938234 9.9946E-05 9.9946E-05 0.0606836 9.9946E-05 9.9946E-05 0.000483196 9.9946E-05 9.9946E-05
0.829966 9.9964E-05 0.071902 9.9964E-05 9.9964E-05 0.0408048 0.0389212 0.0180062 9.9964E-05
0.80561 0.0277597 9.9982E-05 9.9982E-05 0.021637 0.0356494 0.048844 0.0561563 0.00414407
0.847955 0.0418762 9.9955E-05 0.0269963 9.9955E-05 9.9955E-05 9.9955E-05 0.0826723 9.9955E-05
9.9964E-05 0.0599946 0.784699 0.0313783 9.9964E-05 9.9964E-05 9.9964E-05 0.0801817 0.043347
0.0633248 0.0518084 0.775564 9.9973E-05 0.0334452 9.9973E-05 9.9973E-05 0.0699402 0.00561761
9.9973E-05 0.0461658 0.722209 0.0106895 9.9973E-05 9.9973E-05 0.00897471 0.157911 0.0537496
9.9964E-05 0.116699 0.73125 9.9964E-05 0.0904192 9.9964E-05 9.9964E-05 0.0400171 0.0212153
0.000468689 0.0825705 0.802374 9.9964E-05 0.00955347 9.9964E-05 9.9964E-05 0.104634 9.9964E-05
0.474012 9.9973E-05 0.337871 9.9973E-05 0.0694 0.0076244 0.108258 9.9973E-05 0.00253498
0.431385 9.9964E-05 0.422949 0.042268 9.9964E-05 0.0618609 0.0411376 9.9964E-05 9.9964E-05
0.468125 0.0305361 0.376507 0.0335283 9.9964E-05 0.0909039 9.9964E-05 9.9964E-05 9.9964E-05
9.993E-05 9.993E-05 9.993E-05 9.993E-05 9.993E-05 9.993E-05 9.993E-05 9.993E-05 0.999201
0.474611 9.9982E-05 0.31728 0.0135797 0.0136468 0.103996 0.0664802 9.9982E-05 0.010206
9.9973E-05 0.331993 0.199977 0.0227149 9.9973E-05 9.9973E-05 0.142376 0.296482 0.006158
0.0584553 0.237562 0.099826 9.9973E-05 0.05573 9.9973E-05 9.9973E-05 0.511365 0.036762
9.9955E-05 0.27509 0.222227 9.9955E-05 9.9955E-05 9.9955E-05 9.9955E-05 0.48519 0.0169934
0.0176304 0.21164 0.217991 0.0973758 9.9991E-05 0.0189426 0.107241 0.310131 0.0189479
0.0235875 0.229915 0.121192 0.0271433 0.0730191 9.9991E-05 0.0469934 0.467226 0.0108231
9.9955E-05 0.300307 0.442495 0.00488216 9.9955E-05 9.9955E-05 0.251817 9.9955E-05 9.9955E-05
0.0980881 9.9973E-05 9.9973E-05 0.0739239 0.282252 0.0695053 0.00208651 0.473844 9.9973E-05
0.100382 9.9973E-05 9.9973E-05 0.0866651 0.215936 0.106065 0.171447 0.319206 9.9973E-05
0.0956022 9.9973E-05 0.0223307 0.041945 0.574482 9.9973E-05 9.9973E-05 0.19861 0.0667309
0.142896 0.00501914 9.9982E-05 0.238101 0.131432 0.0218288 0.0353474 0.425176 9.9982E-05
0.0220941 9.9964E-05 9.9964E-05 0.288297 0.259307 0.142118 0.287783 9.9964E-05 9.9964E-05
9.9991E-05 0.0139861 0.00362872 0.0349096 0.269562 0.0182038 0.0770964 0.53334 0.0491737
0.093799 9.9982E-05 9.9982E-05 0.144315 0.252908 0.00549171 0.123888 0.353705 0.0256931
0.07278 9.9982E-05 0.00972853 0.0628216 0.488432 0.052262 9.9982E-05 0.266468 0.0473079
0.143508 0.0763407 0.0726438 0.0830768 0.0625776 0.0204666 9.9982E-05 0.541187 9.9982E-05
9.9955E-05 9.9955E-05 9.9955E-05 0.0915013 0.46155 0.1678 0.278649 9.9955E-05 9.9955E-05
0.108165 0.0181072 9.9982E-05 0.130147 0.1301 0.151126 0.0941813 0.367974 9.9982E-05
0.13925 9.9982E-05 9.9982E-05 0.0783608 0.215421 0.0286887 0.0238285 0.494488 0.0197626
0.101996 0.181719 0.0941885 9.9982E-05 0.0834372 0.105946 0.0612939 0.371219 9.9982E-05
0.0895924 9.9973E-05 9.9973E-05 0.268057 0.219057 0.00656201 0.050686 0.365745 9.9973E-05
0.168538 0.0440695 9.9982E-05 0.180201 0.161455 0.0491487 0.0246678 0.371721 9.9982E-05
0.0134919 0.0835298 0.0437085 0.155556 0.123928 0.130436 0.0122025 0.437047 9.9991E-05
0.0552055 9.9982E-05 0.0208448 0.161656 0.0848745 0.165843 0.00824054 0.503135 9.9982E-05
0.0595173 0.0656069 0.0277135 0.0487949 0.0957609 0.124706 9.9991E-05 0.54296 0.0348413
0.0318131 0.136385 9.9991E-05 0.113456 0.131565 0.00923633 0.103752 0.43676 0.0369333
0.0496229 0.0392621 0.0428102 0.0621211 0.206005 9.9991E-05 0.0106753 0.55969 0.0297133
9.9946E-05 0.0937304 0.7694 9.9946E-05 9.9946E-05 9.9946E-05 9.9946E-05 0.13627 9.9946E-05
9.9964E-05 0.0275844 0.818545 0.0361935 9.9964E-05 9.9964E-05 9.9964E-05 0.109159 0.00811846
0.0353976 9.9964E-05 0.765585 0.0275101 9.9964E-05 9.9964E-05 0.0581551 0.112952 9.9964E-05
0.0402265 0.0551713 0.790727 0.0286549 9.9982E-05 0.0431981 9.9982E-05 0.0285073 0.0133154
9.9955E-05 0.0279869 0.791598 9.9955E-05 9.9955E-05 9.9955E-05 9.9955E-05 0.145452 0.0344637
0.122807 0.0121001 0.0227269 9.9973E-05 0.699877 9.9973E-05 9.9973E-05 0.133068 0.00912108
9.9973E-05 0.0747249 0.020974 0.136717 0.302876 9.9973E-05 9.9973E-05 0.408481 0.0559279
9.9991E-05 0.220242 0.17769 0.0426546 0.0685877 0.0229501 0.0639072 0.344544 0.0593247
9.9964E-05 9.9964E-05 9.9964E-05 0.0323241 0.245104 0.0263283 9.9964E-05 0.634113 0.061731
0.0828356 0.00960215 0.0198385 0.0732812 0.170841 0.110126 9.9991E-05 0.49008 0.0432955
0.0688013 0.0442478 9.9982E-05 0.170096 0.378949 9.9982E-05 0.117736 0.186681 0.0332882
0.0782311 9.9973E-05 0.106165 9.9973E-05 0.675528 0.0280342 0.0870723 9.9973E-05 0.0246693
0.196726 9.9982E-05 0.00716651 0.0567611 0.207859 0.0310328 9.9982E-05 0.498198 0.00205681
0.193783 0.0174178 0.0426926 0.165077 0.454579 9.9991E-05 0.0036114 0.10834 0.0143987
0.12007 0.0539906 0.0415821 0.0676924 0.128278 0.122868 0.166966 0.251565 0.0469867
0.153132 0.000279713 0.109887 0.0560311 0.56815 0.0474233 9.9991E-05 0.052093 0.012904
0.0666429 0.0480498 0.0753795 9.9973E-05 0.205937 9.9973E-05 0.000391543 0.603299 9.9973E-05
0.174585 0.0126322 0.0665225 0.0916739 0.513169 0.0188095 0.0025518 0.116682 0.00337333
0.0925165 0.0604082 0.0275914 0.117221 0.331608 0.0291434 0.0448958 0.287542 0.00907378
0.0935539 9.9982E-05 0.0591102 0.0185573 0.0457006 0.0354355 0.21194 0.535502 9.9982E-05
0.0873233 9.9964E-05 9.9964E-05 0.127181 0.0607018 9.9964E-05 0.420071 0.304322 9.9964E-05
9.9964E-05 9.9964E-05 0.0287855 9.9964E-05 0.175092 0.0051552 0.221814 0.568754 9.9964E-05
0.0471642 9.9982E-05 0.041628 9.9982E-05 0.125659 0.153539 0.149787 0.480693 0.00132957
0.0494482 9.9973E-05 9.9973E-05 0.0782342 0.0648912 0.0251606 0.451463 0.330503 9.9973E-05
0.0728228 0.0263181 0.0572064 9.9982E-05 0.0106702 0.146727 0.101753 0.584302 9.9982E-05
0.119223 9.9982E-05 0.0347147 0.0872733 9.9982E-05 0.0939438 0.167244 0.479769 0.0176327
0.0761392 9.9964E-05 9.9964E-05 0.117364 9.9964E-05 0.124662 0.594414 0.0870205 9.9964E-05
0.0623215 9.9964E-05 9.9964E-05 0.0393875 9.9964E-05 0.08601 0.547367 0.264514 9.9964E-05
0.0907424 9.9955E-05 9.9955E-05 0.0283162 9.9955E-05 9.9955E-05 0.32856 0.551882 9.9955E-05
0.131213 9.9964E-05 9.9964E-05 0.0395648 9.9964E-05 0.208551 0.488193 0.132078 9.9964E-05
0.0367417 9.9964E-05 9.9964E-05 9.9964E-05 0.111389 0.0271331 0.374354 0.449982 9.9964E-05
0.137092 0.0413438 9.9982E-05 0.0023139 0.652235 0.159028 9.9982E-05 0.000567559 0.00722024
0.0871134 9.9973E-05 9.9973E-05 0.281295 0.341006 0.00122172 0.0601203 0.228943 9.9973E-05
0.0778767 0.0364863 9.9973E-05 0.0500526 0.499822 9.9973E-05 9.9973E-05 0.301809 0.0336533
0.0861503 9.9964E-05 9.9964E-05 0.103458 0.142727 9.9964E-05 9.9964E-05 0.631316 0.0359494
0.143043 9.9964E-05 9.9964E-05 9.9964E-05 0.593808 0.12624 9.9964E-05 0.13317 0.003339
0.111906 0.0117261 0.0326744 0.12945 0.0784509 0.0711632 0.0212503 0.538235 0.00514502
0.0351009 0.0215712 0.0263726 9.9991E-05 0.153242 0.0490138 0.0786812 0.579119 0.0567987
0.0828769 0.0897628 9.9973E-05 0.0361182 0.340523 9.9973E-05 0.000903277 0.449516 9.9973E-05
0.116868 0.0361079 9.9973E-05 0.0641724 0.265034 9.9973E-05 9.9973E-05 0.508912 0.00860661
0.0781237 0.0219449 0.031988 9.9982E-05 0.289734 0.16773 9.9982E-05 0.365312 0.0449682
0.101145 0.0874233 9.9964E-05 9.9964E-05 0.557622 0.148143 9.9964E-05 0.105267 9.9964E-05
0.24995 0.0791029 9.9982E-05 0.111412 0.225617 0.101959 9.9982E-05 0.2081 0.0236588
9.9964E-05 0.0338167 9.9964E-05 0.102021 0.324776 0.016397 9.9964E-05 0.522589 9.9964E-05
0.0822894 9.9982E-05 0.00352449 0.0749445 0.16366 0.0240746 9.9982E-05 0.599062 0.052245
0.145603 0.0242945 9.9991E-05 0.0374943 0.206998 0.0461929 0.123363 0.414044 0.00191082
0.0926397 0.0903628 9.9973E-05 0.0688785 0.265435 0.030929 9.9973E-05 0.451455 9.9973E-05
0.112283 0.0472466 0.0485992 9.9973E-05 0.502071 9.9973E-05 9.9973E-05 0.269532 0.0199685
0.0644048 9.9964E-05 9.9964E-05 9.9964E-05 0.204292 0.130811 9.9964E-05 0.594816 0.00527577
0.0889279 0.0712685 0.0048618 0.0945207 0.219478 0.087768 9.9991E-05 0.424509 0.00856629
0.156067 0.0907466 9.9991E-05 0.0370019 0.0872692 0.0124504 0.0438479 0.48531 0.0872061
9.9973E-05 0.116119 0.269074 9.9973E-05 0.0860927 9.9973E-05 0.0931856 0.356801 0.0784277
9.9991E-05 0.164415 0.106067 0.0358375 0.0104593 0.134789 0.0559574 0.451899 0.0404743
0.0109332 0.048793 0.0902869 9.9982E-05 0.130087 9.9982E-05 0.0501951 0.57639 0.0931155
0.0200939 9.9973E-05 0.0524305 0.0698017 0.121516 9.9973E-05 9.9973E-05 0.644293 0.0915654
9.9982E-05 0.217552 0.168268 0.0209404 0.118189 0.0670642 9.9982E-05 0.386598 0.021188
0.00749882 0.00294684 9.9982E-05 0.141199 0.251953 0.0399281 0.126615 0.429659 9.9982E-05
9.9982E-05 0.0296249 0.147504 0.142627 0.0379403 0.00218356 9.9982E-05 0.57216 0.0677599
9.9964E-05 0.136172 0.198956 9.9964E-05 0.154906 0.0806176 0.428949 9.9964E-05 9.9964E-05
0.013835 0.210711 0.0928628 0.0175288 0.181881 0.00324939 0.110919 0.368913 9.9991E-05
9.9991E-05 0.0943507 0.0940978 0.010591 0.0477459 0.0535008 0.10763 0.587063 0.00492084
0.00848132 0.211629 9.9982E-05 0.0605265 0.153074 0.10892 0.0215356 0.435633 9.9982E-05
9.9982E-05 0.10608 0.133194 9.9982E-05 0.187038 0.0826207 0.135809 0.299256 0.0558021
9.9964E-05 0.0723941 0.19321 9.9964E-05 0.0154263 9.9964E-05 0.123401 0.595169 9.9964E-05
9.9973E-05 0.190244 9.9973E-05 0.0888689 0.101101 9.9973E-05 0.091874 0.442616 0.084996
9.9973E-05 0.192821 0.422628 0.000161961 0.0388042 9.9973E-05 0.335702 9.9973E-05 0.0095827
0.0219292 0.202596 0.0518372 9.9991E-05 0.0491064 0.0225354 0.142526 0.468847 0.0405233
9.9991E-05 0.138498 0.0889222 0.0532011 0.0381657 0.00906724 0.074804 0.512456 0.084785
0.0120239 0.102399 0.046561 0.0601247 0.162845 9.9991E-05 0.0928989 0.492788 0.0302601
0.00378169 0.169268 0.248513 0.00767773 9.9973E-05 0.00308263 9.9973E-05 0.567377 9.9973E-05
9.9991E-05 0.131738 0.151305 0.0569287 0.105905 0.0826375 0.0323587 0.364262 0.0747647
0.00751001 0.0428329 9.9973E-05 0.362217 9.9973E-05 0.162341 9.9973E-05 0.392252 0.0325473
0.092993 0.045948 0.00387126 0.149335 0.138212 0.00700191 0.0399264 0.459248 0.0634646
0.0127481 9.9955E-05 9.9955E-05 0.770622 0.102118 0.114011 9.9955E-05 9.9955E-05 9.9955E-05
0.0754194 9.9955E-05 9.9955E-05 0.874624 0.00958522 0.0398719 9.9955E-05 9.9955E-05 9.9955E-05
9.9973E-05 0.0702998 0.0200879 0.259075 0.18134 9.9973E-05 9.9973E-05 0.466104 0.0027938
0.00688947 0.260717 0.137386 0.138263 0.00158693 9.9982E-05 0.0930526 0.361905 9.9982E-05
9.9964E-05 0.340012 0.0753403 0.276443 9.9964E-05 9.9964E-05 9.9964E-05 0.293973 0.0138321
9.9973E-05 0.231835 0.176026 0.271375 9.9973E-05 9.9973E-05 0.149679 0.14845 0.0223342
9.9982E-05 0.304249 0.157751 0.252346 0.00776334 9.9982E-05 0.016166 0.246086 0.0154385
9.9973E-05 0.0357559 0.0898415 0.724063 9.9973E-05 9.9973E-05 0.0794986 0.0627928 0.00774847
9.9973E-05 0.0651344 0.0742982 0.704132 9.9973E-05 9.9973E-05 0.0201169 0.0967329 0.0392855
0.0444657 0.132067 9.9973E-05 0.319966 9.9973E-05 0.0186656 9.9973E-05 0.470622 0.0139142
9.9973E-05 0.136731 0.0494384 0.425642 0.0202402 0.0681229 9.9973E-05 0.299526 9.9973E-05
9.9955E-05 0.0422334 9.9955E-05 0.761451 9.9955E-05 9.9955E-05 9.9955E-05 0.138803 0.0570134
0.0362432 0.0916883 9.9973E-05 0.425166 0.0111838 9.9973E-05 9.9973E-05 0.387046 0.0483734
0.010172 0.0145053 0.0208288 0.399812 9.9973E-05 9.9973E-05 9.9973E-05 0.535919 0.0184631
9.9991E-05 0.0880055 0.0268537 0.219754 0.0670073 0.00851963 0.0254691 0.490861 0.0734299
9.9973E-05 9.9973E-05 0.0101501 0.478342 0.15076 0.0378833 9.9973E-05 0.2959 0.0266645
0.0183036 9.9973E-05 9.9973E-05 0.476373 0.0824916 0.104882 9.9973E-05 0.2732 0.0444508
0.00448681 9.9982E-05 0.0488132 0.330765 0.0213501 9.9982E-05 0.0163435 0.556903 0.0211387
0.0864061 0.0301067 0.0412324 0.390277 0.067295 9.9991E-05 0.0442319 0.326142 0.0142097
9.9982E-05 0.165545 0.0504752 0.11535 0.22215 0.0550553 0.0683728 0.322852 9.9982E-05
9.9964E-05 9.9964E-05 9.9964E-05 0.387136 0.0378856 9.9964E-05 0.108197 0.460334 0.00604816
0.114292 9.9964E-05 9.9964E-05 0.651612 9.9964E-05 0.0440793 0.00808484 0.181532 9.9964E-05
9.9955E-05 9.9955E-05 0.0426473 0.376131 9.9955E-05 0.0344306 9.9955E-05 0.546291 9.9955E-05
9.9964E-05 0.00570008 9.9964E-05 0.629931 0.103173 0.111253 9.9964E-05 0.149543 9.9964E-05
0.0417549 0.00866103 9.9955E-05 0.561539 9.9955E-05 9.9955E-05 9.9955E-05 0.387545 9.9955E-05
0.0214578 9.9982E-05 0.0184179 0.331361 0.0288618 0.0471286 9.9982E-05 0.509671 0.042902
0.0512661 9.9964E-05 0.0659989 0.350236 9.9964E-05 0.110817 9.9964E-05 0.421282 9.9964E-05
9.9991E-05 0.122577 0.148175 0.0702396 0.0302427 0.03662 0.0994661 0.485145 0.00743451
0.0361704 0.152885 0.152971 0.179609 9.9991E-05 0.00726653 0.024768 0.420712 0.0255187
0.0655523 0.201193 0.153227 0.0121289 0.0368797 9.9991E-05 0.153593 0.344489 0.0328377
0.0801428 0.253083 0.136438 0.0885322 0.0854347 0.0200414 0.0425036 0.280766 0.0130579
0.0693107 0.156123 0.181423 0.064689 0.0634882 9.9982E-05 9.9982E-05 0.413273 0.0514932
0.0885654 0.241513 0.0574516 0.136296 9.9982E-05 9.9982E-05 0.0594268 0.360452 0.0560948
0.0187324 0.131211 0.158139 0.615425 9.9964E-05 9.9964E-05 0.0760928 9.9964E-05 9.9964E-05
0.0173664 0.135448 0.0968296 0.232317 9.9973E-05 9.9973E-05 9.9973E-05 0.50616 0.0115783
9.9964E-05 0.0804929 0.375239 0.378786 9.9964E-05 9.9964E-05 0.155997 9.9964E-05 0.00908537
9.9955E-05 0.169541 0.0308756 0.273658 9.9955E-05 9.9955E-05 9.9955E-05 0.525426 9.9955E-05
9.9955E-05 9.9955E-05 9.9955E-05 0.77034 9.9955E-05 0.177538 0.00738687 0.0442352 9.9955E-05
9.9955E-05 9.9955E-05 9.9955E-05 0.797086 0.0664455 0.120214 9.9955E-05 9.9955E-05 0.0157541
9.9964E-05 9.9964E-05 9.9964E-05 0.474359 0.0172342 0.0941147 9.9964E-05 0.411932 0.00196016
9.9937E-05 9.9937E-05 9.9937E-05 0.423177 9.9937E-05 9.9937E-05 9.9937E-05 0.576123 9.9937E-05
9.9955E-05 9.9955E-05 9.9955E-05 0.60328 0.0411047 0.0142473 9.9955E-05 0.340868 9.9955E-05
9.9964E-05 9.9964E-05 9.9964E-05 0.469166 0.000638715 0.0755511 9.9964E-05 0.446896 0.00734835
9.9955E-05 9.9955E-05 9.9955E-05 0.47906 0.0241615 0.00152756 9.9955E-05 0.494751 9.9955E-05
0.000323757 0.0681848 0.763213 0.0690054 9.9973E-05 9.9973E-05 9.9973E-05 0.0443714 0.0546018
0.122511 0.117583 0.687184 0.032438 0.00737933 9.9973E-05 9.9973E-05 9.9973E-05 0.032604
0.0438102 0.0949155 0.832971 9.9955E-05 9.9955E-05 9.9955E-05 9.9955E-05 9.9955E-05 0.0278031
9.9955E-05 9.9955E-05 0.788516 9.9955E-05 9.9955E-05 9.9955E-05 0.000300105 0.0528522 0.157832
0.00759785 0.0284122 9.9982E-05 9.9982E-05 0.047395 0.309425 0.0382833 0.48596 0.0827267
0.0607216 0.0509932 0.105301 9.9964E-05 9.9964E-05 0.370583 9.9964E-05 0.412 9.9964E-05
0.0228982 9.9973E-05 9.9973E-05 0.00379389 0.030621 0.420999 9.9973E-05 0.461024 0.0603646
0.0284029 9.9982E-05 0.0821923 9.9982E-05 0.0471078 0.233344 0.0176738 0.55269 0.0383891
0.0883634 0.0150259 0.0650179 9.9982E-05 0.0282655 0.183761 0.0496573 0.56971 9.9982E-05
0.0767168 9.9982E-05 0.0472179 0.0401972 0.0635574 0.535031 0.0498253 0.187255 9.9982E-05
9.9964E-05 0.041568 9.9964E-05 0.0322969 9.9964E-05 0.313866 9.9964E-05 0.561178 0.0506913
9.9964E-05 9.9964E-05 9.9964E-05 0.0792749 9.9964E-05 0.448323 0.138878 0.286285 0.046838
0.00220731 0.106841 0.259535 0.11035 0.0253934 9.9991E-05 0.0140395 0.477822 0.00371082
0.0160639 0.0600581 9.9973E-05 0.0945097 0.00514269 0.4798 9.9973E-05 0.344126 9.9973E-05
0.110648 9.9973E-05 9.9973E-05 0.0103042 0.0514328 0.508385 9.9973E-05 0.282463 0.0364671
0.0586106 9.9955E-05 9.9955E-05 0.0548622 9.9955E-05 0.340289 9.9955E-05 0.545739 9.9955E-05
0.0312214 9.9964E-05 0.00363918 9.9964E-05 9.9964E-05 0.52395 9.9964E-05 0.40604 0.0347493
9.9973E-05 0.0125062 9.9973E-05 0.0642273 9.9973E-05 0.368294 0.0230545 0.526969 0.00464902
9.9964E-05 9.9964E-05 0.0313733 9.9964E-05 0.00816214 0.362044 9.9964E-05 0.58988 0.00814033
9.9946E-05 9.9946E-05 9.9946E-05 0.0806744 9.9946E-05 0.858419 9.9946E-05 0.0603068 9.9946E-05
0.0190594 0.0126324 9.9982E-05 0.0642879 0.022806 0.553587 0.102123 0.225304 9.9982E-05
0.0424309 9.9964E-05 0.0399121 0.0454675 9.9964E-05 0.543608 9.9964E-05 0.328182 9.9964E-05
9.9946E-05 9.9946E-05 9.9946E-05 0.0432059 9.9946E-05 0.812338 0.143856 9.9946E-05 9.9946E-05
0.0193989 0.0349207 0.0152322 0.0198506 0.153776 0.340413 9.9991E-05 0.368995 0.0473129
0.0270386 9.9964E-05 9.9964E-05 9.9964E-05 9.9964E-05 0.670184 0.232391 0.058505 0.0114816
9.9955E-05 9.9955E-05 9.9955E-05 0.0733439 0.0369342 0.672907 0.216315 9.9955E-05 9.9955E-05
9.9955E-05 9.9955E-05 9.9955E-05 0.0239793 9.9955E-05 0.357078 9.9955E-05 0.541836 0.0766076
0.0682994 9.9964E-05 0.0387618 9.9964E-05 0.110297 0.603993 9.9964E-05 0.178249 9.9964E-05
0.0715121 0.105476 0.0333667 9.9982E-05 0.0666317 0.356122 0.0354912 0.3312 9.9982E-05
9.9982E-05 0.0307644 0.0778024 0.114293 0.079763 0.0533843 9.9982E-05 0.630384 0.0134094
0.0880462 9.9964E-05 9.9964E-05 9.9964E-05 0.0818071 0.328098 0.00645947 0.495189 9.9964E-05
0.0393535 0.0208517 9.9991E-05 0.0878325 0.434477 0.00315315 0.101304 0.286957 0.0259718
0.0775433 0.0192437 9.9964E-05 0.0716513 9.9964E-05 0.303294 9.9964E-05 0.527868 9.9964E-05
9.9973E-05 9.9973E-05 0.0127312 9.9973E-05 0.19968 0.306012 0.00623055 0.429354 0.045692
9.9973E-05 9.9973E-05 9.9973E-05 0.0692761 0.027455 0.542506 0.0500418 0.299667 0.0107539
0.0859976 0.0288291 0.0955005 9.9982E-05 9.9982E-05 0.232918 0.0599457 0.46855 0.0280588
0.204176 9.9973E-05 0.562466 9.9973E-05 0.0517501 0.0299683 0.0800615 9.9973E-05 0.071278
0.0902694 9.9982E-05 0.671414 9.9982E-05 0.0682782 0.0400583 0.0302088 0.0362416 0.0633297
0.0477192 9.9964E-05 0.723613 9.9964E-05 0.0887184 9.9964E-05 0.0535943 9.9964E-05 0.0859551
0.134409 9.9955E-05 0.755456 9.9955E-05 9.9955E-05 9.9955E-05 0.0432235 9.9955E-05 0.0664113
0.193622 9.9964E-05 0.683766 9.9964E-05 9.9964E-05 9.9964E-05 0.024592 0.071866 0.0257539
0.0238103 0.00196328 0.0618907 9.9982E-05 0.115284 0.705372 9.9982E-05 0.08757 0.00390986
9.9982E-05 9.9982E-05 0.0336913 0.0307307 0.0690658 0.627942 0.0508956 0.147718 0.0397568
