9.9955E-05 9.9955E-05 0.00447157 0.0557182 0.0402255 0.0744524 9.9955E-05 9.9955E-05 0.824633 9.9955E-05
9.9955E-05 9.9955E-05 0.00752551 0.0763226 9.9955E-05 0.0474107 0.0191028 9.9955E-05 0.849139 9.9955E-05
0.0022034 9.9973E-05 0.0312659 0.0590442 0.0389164 0.0687222 9.9973E-05 0.074 0.725548 9.9973E-05
0.00807369 9.9973E-05 0.0656483 9.9973E-05 0.0370514 0.0690795 0.0112302 0.061902 0.746715 9.9973E-05
9.9955E-05 9.9955E-05 0.0500983 9.9955E-05 0.0310457 9.9955E-05 0.0205666 0.0689847 0.828805 9.9955E-05
9.9973E-05 0.0975027 0.0436705 0.242779 0.0272577 0.0460295 0.0161076 9.9973E-05 0.526353 9.9973E-05
9.99461E-05 0.0278803 9.99461E-05 0.169509 9.99461E-05 0.0447063 9.99461E-05 9.99461E-05 0.757304 9.99461E-05
0.00537556 0.038241 0.144525 0.0272537 0.0269671 0.0422839 9.9982E-05 0.0271401 0.688014 9.9982E-05
9.99549E-05 0.0857758 0.0520859 9.99549E-05 9.99549E-05 0.047402 9.99549E-05 9.99549E-05 0.778095 0.0361417
9.9973E-05 9.9973E-05 0.0234353 0.145154 0.0434848 0.0461341 0.066138 0.0343681 0.640985 9.9973E-05
9.9955E-05 0.035245 0.0837032 0.142608 9.9955E-05 9.9955E-05 9.9955E-05 0.0429922 0.694952 9.9955E-05
9.9946E-05 9.9946E-05 0.00177713 0.902451 9.9946E-05 9.9946E-05 9.9946E-05 0.0535167 9.9946E-05 0.0416559
0.106842 9.9964E-05 0.0787167 0.352128 9.9964E-05 9.9964E-05 0.00172658 0.438652 9.9964E-05 0.0215346
0.018055 9.9955E-05 9.9955E-05 0.800328 0.0658317 9.9955E-05 0.0693809 0.0459042 9.9955E-05 9.9955E-05
9.9946E-05 9.9946E-05 9.9946E-05 0.751783 0.132602 9.9946E-05 9.9946E-05 0.0906951 0.0243208 9.9946E-05
9.9955E-05 9.9955E-05 9.9955E-05 0.550737 0.114012 9.9955E-05 0.0315346 0.233852 0.0693644 9.9955E-05
9.9955E-05 9.9955E-05 9.9955E-05 0.490248 0.131234 0.00485217 0.00204581 0.371121 9.9955E-05 9.9955E-05
0.0311414 0.0124726 0.0156064 0.46772 0.050395 0.0521262 9.9982E-05 0.313968 9.9982E-05 0.0563697
0.0581818 9.9955E-05 9.9955E-05 0.72116 0.0742354 9.9955E-05 9.9955E-05 0.0999601 0.0459627 9.9955E-05
9.9946E-05 0.0267516 0.119765 0.841868 9.9946E-05 9.9946E-05 9.9946E-05 9.9946E-05 0.0110158 9.9946E-05
0.0908999 0.0102464 9.9982E-05 0.379869 0.0547346 0.0160688 0.0436374 0.327806 9.9982E-05 0.0765386
0.049653 0.208796 0.0521545 0.267228 0.00995711 0.0375105 0.00988509 0.356787 0.00792842 9.9991E-05
0.0550779 9.9964E-05 0.0617676 0.276041 9.9964E-05 9.9964E-05 0.0620932 0.50566 0.0389613 9.9964E-05
9.9937E-05 9.9937E-05 9.9937E-05 0.842332 0.00795873 9.9937E-05 9.9937E-05 0.14901 9.9937E-05 9.9937E-05
9.9973E-05 0.0139452 9.9973E-05 0.292616 0.00263916 0.0217456 9.9973E-05 0.57438 0.0841447 0.0102299
9.9955E-05 0.0650747 9.9955E-05 0.413273 0.108714 0.0299246 9.9955E-05 0.382514 9.9955E-05 9.9955E-05
9.9946E-05 9.9946E-05 9.9946E-05 0.908449 0.0249841 0.0291175 0.03685 9.9946E-05 9.9946E-05 9.9946E-05
9.9928E-05 9.9928E-05 9.9928E-05 0.851919 0.147282 9.9928E-05 9.9928E-05 9.9928E-05 9.9928E-05 9.9928E-05
0.026973 0.0234059 9.9973E-05 0.807407 0.00565613 9.9973E-05 0.0730006 0.0628207 0.000436543 9.9973E-05
9.99201E-05 9.99201E-05 9.99201E-05 9.99201E-05 9.99201E-05 0.999101 9.99201E-05 9.99201E-05 9.99201E-05 9.99201E-05
9.99201E-05 9.99201E-05 9.99201E-05 9.99201E-05 9.99201E-05 0.999101 9.99201E-05 9.99201E-05 9.99201E-05 9.99201E-05
0.00763262 0.00555485 9.9982E-05 0.0140151 0.00935482 0.360264 9.9982E-05 0.112869 0.476109 0.0139999
9.9955E-05 9.9955E-05 9.9955E-05 9.9955E-05 0.0898456 0.261864 9.9955E-05 0.0460297 0.491345 0.110416
0.0322033 9.9982E-05 0.110917 0.0514031 0.0171406 9.9982E-05 0.00149984 0.511229 0.0446367 0.230771
9.9973E-05 0.0109887 0.0655704 0.0745313 9.9973E-05 0.0297975 9.9973E-05 0.51258 0.0723886 0.233843
9.9973E-05 9.9973E-05 0.01722 0.0168485 0.0137956 0.00994099 9.9973E-05 0.51234 0.057621 0.371934
0.404243 9.9964E-05 0.115305 0.375505 9.9964E-05 9.9964E-05 9.9964E-05 0.00963844 0.0882959 0.00661348
0.0543343 0.0216201 9.9973E-05 9.9973E-05 0.0579189 9.9973E-05 0.0159621 0.1896 0.038783 0.621482
0.237711 9.9973E-05 0.0103892 0.122623 0.024294 9.9973E-05 9.9973E-05 0.409357 0.0925826 0.102744
9.9973E-05 9.9973E-05 0.00278673 0.0476469 0.0847774 0.0313986 9.9973E-05 0.620983 0.0136384 0.198469
9.9964E-05 0.106033 0.0669744 9.9964E-05 9.9964E-05 0.0285505 9.9964E-05 0.568325 0.0574545 0.172263
9.9973E-05 9.9973E-05 0.0284391 0.0253649 0.102027 0.0752341 9.9973E-05 0.534755 0.0416503 0.19223
9.9973E-05 9.9973E-05 0.0613522 0.173471 0.0289517 0.00449761 9.9973E-05 0.0262863 0.0132786 0.691862
9.9982E-05 0.161552 0.0436701 0.0648034 0.0227756 0.0010301 9.9982E-05 0.619197 0.0466602 0.0401121
9.9973E-05 0.0037418 9.9973E-05 9.9973E-05 0.130588 0.00906195 0.117221 0.463648 0.0341437 0.241294
0.0845345 0.144458 9.9973E-05 0.0513849 9.9973E-05 0.0449137 0.0317551 0.587047 0.0556069 9.9973E-05
0.0454024 9.9955E-05 9.9955E-05 9.9955E-05 9.9955E-05 0.0182519 0.0181654 0.259676 9.9955E-05 0.658005
0.0532269 0.0172359 9.9973E-05 9.9973E-05 0.00976667 9.9973E-05 0.0165893 0.46726 0.09637 0.339251
0.0641096 9.9964E-05 0.0215922 0.0379308 9.9964E-05 9.9964E-05 9.9964E-05 0.524047 0.10462 0.2473
0.0679047 0.22493 9.9946E-05 9.9946E-05 9.9946E-05 9.9946E-05 9.9946E-05 9.9946E-05 0.068367 0.638199
0.307779 0.0536393 0.164026 0.234472 9.9973E-05 9.9973E-05 0.000336501 0.0212913 9.9973E-05 0.218156
0.159376 0.276173 0.0345624 0.247995 9.9973E-05 9.9973E-05 0.0949373 0.00523192 9.9973E-05 0.181423
0.0917349 0.0407932 0.00974444 0.0438959 0.0610864 0.0402597 0.0294103 0.535156 0.044758 0.103161
0.170467 0.0207839 9.9964E-05 9.9964E-05 9.9964E-05 0.00301971 9.9964E-05 0.631904 0.130123 0.0433034
0.177375 0.000228073 0.0219227 9.9991E-05 0.0352701 0.0200797 0.0789311 0.507591 0.0328285 0.125673
0.301879 0.0778505 0.124058 0.131857 9.9991E-05 0.0163639 0.00665668 0.0438862 0.0799186 0.21743
0.267303 0.0619148 0.0980486 0.068758 9.9964E-05 0.00918483 9.9964E-05 0.494391 9.9964E-05 9.9964E-05
0.117261 9.9964E-05 0.0378786 0.139446 0.0615586 9.9964E-05 9.9964E-05 0.56919 0.0742649 9.9964E-05
0.105201 0.0412091 0.0756425 0.212841 9.9991E-05 0.0525634 0.0305282 0.264322 0.069409 0.148183
0.108081 0.1345 0.0886539 0.405539 0.0140228 0.00837615 0.0119287 0.00505682 0.166466 0.0573755
0.0916899 0.0724696 9.9982E-05 0.178107 0.0473924 0.0228149 0.0285092 0.431693 9.9982E-05 0.127125
0.154008 0.0318715 0.0638215 0.197188 9.9991E-05 0.0141382 0.105891 0.340643 0.0735304 0.0188094
0.129654 0.0427446 0.134143 0.587223 9.9973E-05 0.0392579 0.0308129 9.9973E-05 9.9973E-05 0.035865
0.291597 9.9973E-05 9.9973E-05 0.256906 9.9973E-05 0.0284233 0.0520009 0.352896 0.00872257 0.00915392
0.0452395 0.0377374 0.0503617 9.9991E-05 0.0345173 0.00591046 0.0866931 0.602365 0.0744589 0.0626168
0.297601 9.9964E-05 9.9964E-05 0.166041 9.9964E-05 0.0186708 9.9964E-05 0.427852 0.0723124 0.0171231
0.159074 0.0361333 0.0413468 0.377624 0.0220338 0.0202939 0.0578042 0.146435 0.0193245 0.119931
0.178854 0.0587043 9.9982E-05 0.250186 0.0907112 0.044385 0.0190387 0.300774 9.9982E-05 0.0571471
0.192596 9.9991E-05 0.109266 0.0340436 0.0188867 0.012777 0.00507861 0.524444 0.042654 0.0601548
0.214608 0.0334094 0.0892841 0.341635 9.9982E-05 0.0535969 0.133749 0.0186714 9.9982E-05 0.114846
0.0823625 9.9946E-05 0.0455208 9.9946E-05 9.9946E-05 9.9946E-05 9.9946E-05 0.466853 9.9946E-05 0.404664
0.0474801 9.9955E-05 9.9955E-05 0.150987 9.9955E-05 0.0188818 9.9955E-05 0.0576693 9.9955E-05 0.724482
0.196198 0.023985 9.9973E-05 0.031575 9.9973E-05 9.9973E-05 0.0439703 0.440359 0.0423536 0.221259
9.9946E-05 0.15553 9.9946E-05 0.0462349 9.9946E-05 9.9946E-05 0.00372994 9.9946E-05 9.9946E-05 0.793905
9.9955E-05 0.0780752 0.014259 0.049145 9.9955E-05 9.9955E-05 0.0671143 9.9955E-05 9.9955E-05 0.790907
0.0625524 0.0183662 9.9946E-05 9.9946E-05 9.9946E-05 9.9946E-05 9.9946E-05 0.250629 9.9946E-05 0.667852
9.9946E-05 9.9946E-05 0.139233 9.9946E-05 9.9946E-05 0.0193172 9.9946E-05 0.404846 9.9946E-05 0.436004
0.0971652 0.00706753 9.9991E-05 0.0471257 0.0458816 0.0878906 0.0295377 0.478973 0.0438922 0.162367
0.0622276 0.0239161 0.0148681 0.108935 0.0432616 0.0182715 9.9982E-05 0.343655 9.9982E-05 0.384664
9.9946E-05 9.9946E-05 9.9946E-05 0.268978 9.9946E-05 9.9946E-05 9.9946E-05 0.116617 0.0265524 0.587253
9.9955E-05 9.9955E-05 0.126818 0.158732 9.9955E-05 9.9955E-05 9.9955E-05 0.182884 0.0356557 0.49541
0.0731025 9.9973E-05 9.9973E-05 0.0110827 0.0366171 0.0516742 9.9973E-05 0.498909 0.043354 0.284961
9.9946E-05 9.9946E-05 9.9946E-05 0.125244 0.0368814 9.9946E-05 9.9946E-05 0.207825 9.9946E-05 0.62945
9.9955E-05 9.9955E-05 9.9955E-05 0.123043 0.0210058 0.0236058 9.9955E-05 0.351253 9.9955E-05 0.480593
9.9955E-05 0.0949512 9.9955E-05 0.00970409 9.9955E-05 9.9955E-05 0.0680424 0.331038 9.9955E-05 0.495764
0.0618706 0.182939 9.9955E-05 9.9955E-05 9.9955E-05 9.9955E-05 0.0910142 9.9955E-05 0.0217902 0.641886
0.0445505 0.103037 0.0301538 9.9973E-05 0.0390154 0.00238282 9.9973E-05 0.536894 9.9973E-05 0.243666
0.0350185 9.9973E-05 0.0193011 0.0297842 0.0440803 0.0261567 9.9973E-05 0.0669142 0.778445 9.9973E-05
9.9937E-05 9.9937E-05 9.9937E-05 9.9937E-05 9.9937E-05 0.0816399 9.9937E-05 0.0899582 0.827702 9.9937E-05
9.9955E-05 9.9955E-05 9.9955E-05 0.0716662 0.0344767 0.116789 9.9955E-05 0.0499274 0.726641 9.9955E-05
9.9955E-05 0.0645832 9.9955E-05 9.9955E-05 0.00991962 0.0924239 9.9955E-05 0.0421689 0.790405 9.9955E-05
9.9964E-05 9.9964E-05 9.9964E-05 0.0461879 0.014542 0.100132 9.9964E-05 0.0927462 0.739253 0.00673981
9.9964E-05 0.0243827 9.9964E-05 9.9964E-05 0.0610787 0.0521292 0.0313682 0.0294475 0.801194 9.9964E-05
9.9964E-05 9.9964E-05 9.9964E-05 0.00232946 9.9964E-05 0.0378002 0.00719316 0.0737279 0.864127 0.0144228
0.131348 0.0191782 0.0697439 9.9973E-05 9.9973E-05 0.00561473 9.9973E-05 0.479967 0.138599 0.155249
0.0633844 9.9982E-05 0.0470469 0.0550259 0.0510838 0.00345525 9.9982E-05 0.514345 0.0514175 0.214041
9.9955E-05 9.9955E-05 0.0250974 0.139707 9.9955E-05 9.9955E-05 0.0597174 9.9955E-05 0.0402063 0.734772
9.9982E-05 9.9982E-05 0.0266938 0.131441 0.128923 0.0605523 0.0672831 0.389002 0.0848726 0.111032
9.9964E-05 9.9964E-05 0.0743204 0.265024 9.9964E-05 0.00239725 9.9964E-05 0.334077 0.0160618 0.30772
0.00142812 9.9964E-05 9.9964E-05 9.9964E-05 9.9964E-05 0.0244456 0.0571092 0.570795 0.0696151 0.276208
9.9973E-05 0.03591 9.9973E-05 0.062256 0.0179835 0.0221292 0.156833 0.444066 9.9973E-05 0.260523
9.9964E-05 9.9964E-05 0.0261115 9.9964E-05 0.095635 0.0240738 0.0140549 0.363318 9.9964E-05 0.476407
9.9955E-05 9.9955E-05 0.11247 0.164801 9.9955E-05 9.9955E-05 0.0434412 9.9955E-05 0.0375016 0.641287
0.107174 9.9991E-05 0.0185067 0.087545 0.0700304 0.0311231 0.130649 0.435217 0.0803354 0.0393191
0.0979494 0.0618907 9.9982E-05 0.0583215 9.9982E-05 0.00945697 0.0158471 0.65136 0.0695571 0.0354173
0.108207 9.9973E-05 9.9973E-05 0.21131 0.131058 0.0494481 9.9973E-05 0.286003 0.0434272 0.170247
0.121676 0.110896 9.9964E-05 9.9964E-05 0.0218032 0.00672353 9.9964E-05 0.213102 9.9964E-05 0.525399
9.9973E-05 0.0296571 0.00811602 9.9973E-05 9.9973E-05 0.0350336 0.0185105 0.510351 0.0157987 0.382233
9.9964E-05 0.00809324 0.0380133 0.209189 9.9964E-05 9.9964E-05 9.9964E-05 0.370196 0.0142017 0.359906
9.9955E-05 9.9955E-05 0.0155635 0.0192472 0.105765 9.9955E-05 9.9955E-05 0.192955 9.9955E-05 0.665969
0.000132325 9.9973E-05 0.0290632 0.068195 9.9973E-05 9.9973E-05 0.0351465 0.38081 0.0930573 0.393296
9.9982E-05 0.0382992 9.9982E-05 0.313078 0.0229932 0.0124309 0.0377562 0.489164 0.0254437 0.0606354
0.507578 0.137289 9.9982E-05 0.0786775 0.0107722 0.0442434 0.06719 0.107001 0.0470484 9.9982E-05
0.215554 9.9973E-05 0.157494 0.107781 0.0515577 0.0475831 9.9973E-05 0.323781 0.0959507 9.9973E-05
0.268348 0.0428287 0.013983 0.0144111 0.0345073 0.0112286 0.0581884 0.392129 0.164275 9.9991E-05
0.125525 0.0023749 0.00541209 9.9982E-05 0.0275362 9.9982E-05 0.00252335 0.534279 0.108136 0.194013
0.40875 9.9955E-05 9.9955E-05 0.147576 9.9955E-05 0.0619174 0.0210102 0.360246 9.9955E-05 9.9955E-05
0.291968 9.9955E-05 0.0701201 0.134793 0.0346403 9.9955E-05 9.9955E-05 0.467979 9.9955E-05 9.9955E-05
0.248585 9.9964E-05 0.114359 0.149017 9.9964E-05 9.9964E-05 0.0660192 0.390269 0.0313516 9.9964E-05
0.337434 0.0192403 0.0120869 9.9982E-05 9.9982E-05 0.0147712 0.0281163 0.443242 0.0980836 0.0468258
0.276249 0.0737355 0.057455 9.9973E-05 9.9973E-05 0.0222852 0.0225367 0.512005 0.0354342 9.9973E-05
0.256564 0.0260131 9.9973E-05 0.110245 9.9973E-05 0.0513182 9.9973E-05 0.496528 0.00592116 0.0531107
0.40152 9.9946E-05 0.0498183 0.15615 9.9946E-05 9.9946E-05 9.9946E-05 0.391912 9.9946E-05 9.9946E-05
9.9973E-05 0.0461895 0.165553 9.9973E-05 0.039686 9.9973E-05 0.0149645 0.685383 0.00746055 0.0404638
0.190509 9.9973E-05 0.0217773 0.128659 0.122392 0.0708279 0.0175343 0.448 9.9973E-05 9.9973E-05
0.254732 9.9964E-05 0.0964266 0.101464 0.0227023 9.9964E-05 9.9964E-05 0.504893 9.9964E-05 0.0193822
0.198204 0.0332772 0.108784 9.9982E-05 0.0899293 0.0600867 0.07448 0.39219 0.0428486 9.9982E-05
0.32149 0.0115603 0.0788 0.0246166 0.0705884 9.9973E-05 9.9973E-05 0.441679 9.9973E-05 0.0509656
0.318223 0.0893275 9.9973E-05 0.123555 9.9973E-05 0.0335677 0.0714684 0.246492 0.117067 9.9973E-05
0.305482 0.0146458 0.0269491 0.0440776 0.0685683 9.9973E-05 9.9973E-05 0.524511 9.9973E-05 0.0154663
0.298799 9.9964E-05 9.9964E-05 9.9964E-05 0.0711258 0.0223454 0.0867005 0.511389 0.0092406 9.9964E-05
0.345725 9.9991E-05 0.0814924 0.232443 0.04339 0.0082492 0.0160593 0.116726 0.00379147 0.152024
0.432004 0.17986 0.0830179 0.0527535 0.0319211 9.9991E-05 0.111037 0.0528359 0.0176281 0.0388429
0.158153 0.0394909 0.0688185 0.0439947 0.0537329 9.9991E-05 0.0173688 0.49129 0.0353878 0.0916628
0.50646 0.162436 0.0670968 9.9973E-05 0.0188109 0.00793719 0.133292 9.9973E-05 9.9973E-05 0.103668
0.422025 9.9973E-05 0.0586631 0.259291 9.9973E-05 9.9973E-05 0.0402316 0.139845 0.0210813 0.0585628
0.248278 9.9964E-05 0.0905983 0.185634 9.9964E-05 9.9964E-05 0.0745425 0.303592 9.9964E-05 0.0969552
0.306562 9.9964E-05 0.124112 0.160007 9.9964E-05 0.0455095 9.9964E-05 0.254517 9.9964E-05 0.108893
0.329514 9.9973E-05 0.108596 0.258631 9.9973E-05 9.9973E-05 0.0570196 0.176836 0.0161464 0.0529576
0.300495 9.9982E-05 0.0184323 0.00917396 0.0128297 0.0226172 0.0275507 0.538247 0.0704548 9.9982E-05
0.302835 0.021152 9.9973E-05 0.121122 0.103646 9.9973E-05 0.00873047 0.385169 0.0570456 9.9973E-05
0.22513 9.9982E-05 0.00180221 0.140235 0.030811 0.0405482 9.9982E-05 0.375048 0.0691318 0.117094
0.776084 0.136808 9.9964E-05 9.9964E-05 0.0010161 0.010659 9.9964E-05 0.00471133 9.9964E-05 0.0703221
0.100529 0.0171033 0.128831 9.9973E-05 0.0594553 9.9973E-05 9.9973E-05 0.524081 0.0595196 0.110181
0.032121 0.0869878 0.0252056 0.103221 0.0674271 9.9991E-05 0.193236 0.470823 0.00976807 0.0111098
9.9982E-05 0.366375 0.1591 0.0490981 9.9982E-05 0.0117079 0.206422 0.015999 0.0870202 0.104078
0.00545753 0.0845072 0.0152762 0.0786323 9.9991E-05 0.0256485 0.0619234 0.649633 0.0700244 0.00879715
0.131238 0.185337 0.0600479 0.0234892 0.012804 9.9991E-05 0.0484821 0.289389 0.119828 0.129284
0.141897 0.0881324 9.9973E-05 0.064064 0.039212 9.9973E-05 9.9973E-05 0.477357 0.151313 0.0377248
9.9982E-05 0.356357 0.0992932 0.0683848 9.9982E-05 0.0354513 0.0298567 0.264554 0.0195927 0.126311
9.9982E-05 0.342122 0.146395 0.0948682 9.9982E-05 0.0277012 0.135356 0.185774 0.00415184 0.0634324
9.9973E-05 0.12188 0.122513 0.0580912 9.9973E-05 9.9973E-05 0.199904 0.378224 0.0372643 0.0818237
0.146687 0.218837 0.0255605 0.056781 9.9982E-05 0.051628 0.00503625 0.45773 9.9982E-05 0.0375403
0.0177827 0.173096 0.0492776 0.206385 9.9991E-05 0.0180037 0.0836876 0.356092 0.0760164 0.019559
0.0819475 0.344703 0.00164087 0.134857 0.140677 0.00444777 0.047333 9.9991E-05 0.0107325 0.233562
0.0491291 0.125816 0.099652 0.0137079 0.00964799 0.0854725 0.0437479 0.479774 0.0160613 0.0769918
0.10028 0.306961 9.9955E-05 0.101522 9.9955E-05 9.9955E-05 9.9955E-05 0.313462 9.9955E-05 0.177275
0.210348 0.177142 0.0330799 0.129139 9.9964E-05 9.9964E-05 9.9964E-05 0.410601 9.9964E-05 0.0392905
9.9982E-05 0.0170647 9.9982E-05 0.0258271 0.0391729 0.00654512 0.110767 0.535974 0.142974 0.121476
0.103458 0.194983 9.9982E-05 0.0192299 0.258677 0.0226205 9.9982E-05 0.103407 0.248187 0.0492367
9.9937E-05 0.368148 9.9937E-05 9.9937E-05 0.14397 9.9937E-05 9.9937E-05 9.9937E-05 0.487182 9.9937E-05
9.9946E-05 0.495825 9.9946E-05 9.9946E-05 0.111481 0.00516621 9.9946E-05 9.9946E-05 0.386928 9.9946E-05
0.0837452 0.21459 9.9964E-05 9.9964E-05 0.301212 0.0193822 9.9964E-05 0.0532208 0.32745 9.9964E-05
0.0166152 0.232234 9.9955E-05 9.9955E-05 9.9955E-05 9.9955E-05 0.0161447 0.663481 9.9955E-05 0.0710258
0.0233318 0.20464 0.0979528 9.9982E-05 0.055634 0.0323865 0.0210847 0.511729 9.9982E-05 0.0530409
0.0115076 9.9955E-05 9.9955E-05 0.0164051 0.664333 0.00188901 9.9955E-05 0.305366 9.9955E-05 9.9955E-05
0.0881404 9.9982E-05 0.0125585 0.045922 0.440797 0.030093 9.9982E-05 0.242401 0.0517938 0.0880951
0.107619 9.9973E-05 9.9973E-05 0.0366931 0.418208 0.0231746 9.9973E-05 0.324374 0.0235804 0.0660511
0.0205462 0.323545 9.9964E-05 9.9964E-05 9.9964E-05 0.0159652 0.26246 0.285294 9.9964E-05 0.0917904
0.0713212 0.078949 0.146417 9.9991E-05 0.0747513 0.00190739 0.0454277 0.50549 0.0214161 0.0542203
9.9946E-05 0.493467 9.9946E-05 9.9946E-05 9.9946E-05 9.9946E-05 0.197121 0.185815 9.9946E-05 0.122997
0.0336456 0.126178 0.0105749 0.103695 0.0190291 9.9982E-05 0.0522727 0.521114 9.9982E-05 0.133291
0.177975 0.19546 0.0507452 0.00261975 9.9973E-05 9.9973E-05 0.0392642 0.480795 9.9973E-05 0.0528413
0.0982299 0.174718 0.0194539 0.0198604 9.9973E-05 9.9973E-05 0.0830081 0.556279 0.0481501 9.9973E-05
0.175643 0.430826 0.0214995 0.058434 9.9973E-05 9.9973E-05 0.0746411 0.150918 9.9973E-05 0.0877393
9.99551E-05 0.137481 9.99551E-05 9.99551E-05 0.103433 9.99551E-05 9.99551E-05 0.608341 0.0219923 0.128253
0.10921 0.126403 0.0380645 9.9982E-05 0.087411 9.9982E-05 0.0265337 0.485774 0.0721607 0.0542436
9.9946E-05 0.0495624 9.9946E-05 9.9946E-05 0.904712 9.9946E-05 0.014551 0.0305746 9.9946E-05 9.9946E-05
9.9946E-05 9.9946E-05 9.9946E-05 0.0362968 0.835297 9.9946E-05 0.00961648 0.11819 9.9946E-05 9.9946E-05
9.9964E-05 9.9964E-05 0.0454425 9.9964E-05 0.603302 0.0306068 9.9964E-05 0.172917 0.0153817 0.13195
9.9946E-05 9.9946E-05 0.0613385 9.9946E-05 0.659849 0.0108567 9.9946E-05 0.267356 9.9946E-05 9.9946E-05
9.9955E-05 9.9955E-05 0.0858211 9.9955E-05 0.77015 0.00499899 9.9955E-05 0.075098 9.9955E-05 0.0634317
9.9928E-05 9.9928E-05 9.9928E-05 9.9928E-05 0.983049 0.0161517 9.9928E-05 9.9928E-05 9.9928E-05 9.9928E-05
9.9946E-05 9.9946E-05 0.0179212 0.0131813 0.956655 9.9946E-05 0.0116424 9.9946E-05 9.9946E-05 9.9946E-05
0.0102525 9.9937E-05 9.9937E-05 9.9937E-05 0.825956 9.9937E-05 9.9937E-05 0.163092 9.9937E-05 9.9937E-05
0.0128308 9.9955E-05 0.0234893 0.00619173 0.934071 9.9955E-05 9.9955E-05 0.0229171 9.9955E-05 9.9955E-05
9.9928E-05 9.9928E-05 9.9928E-05 9.9928E-05 0.996112 0.00308902 9.9928E-05 9.9928E-05 9.9928E-05 9.9928E-05
9.9928E-05 9.9928E-05 9.9928E-05 9.9928E-05 0.976724 0.0224762 9.9928E-05 9.9928E-05 9.9928E-05 9.9928E-05
0.0297548 9.9955E-05 9.9955E-05 0.0504136 0.664327 0.0639034 9.9955E-05 0.191101 9.9955E-05 9.9955E-05
9.9964E-05 9.9964E-05 0.0195045 0.0447786 0.779224 0.0239685 9.9964E-05 0.116293 0.0158319 9.9964E-05
9.9937E-05 9.9937E-05 0.00305313 9.9937E-05 0.95645 9.9937E-05 9.9937E-05 9.9937E-05 9.9937E-05 0.0397976
0.109607 9.9973E-05 0.0546654 0.0816571 0.387312 9.9973E-05 9.9973E-05 0.252847 0.0307906 0.0828207
0.0503926 0.00672113 0.02238 9.9973E-05 0.616778 0.0512274 0.0118059 0.240395 9.9973E-05 9.9973E-05
0.0574137 0.0270417 9.9955E-05 9.9955E-05 0.723065 9.9955E-05 9.9955E-05 0.179577 0.0124029 9.9955E-05
0.0486588 9.9964E-05 0.00594343 0.0272365 0.878438 0.0369054 9.9964E-05 9.9964E-05 0.00241835 9.9964E-05
9.9928E-05 9.9928E-05 9.9928E-05 9.9928E-05 0.969727 9.9928E-05 9.9928E-05 0.0294732 9.9928E-05 9.9928E-05
9.9955E-05 9.9955E-05 0.026288 9.9955E-05 0.897476 0.0361261 9.9955E-05 0.0136602 0.0259496 9.9955E-05
9.9928E-05 9.9928E-05 9.9928E-05 9.9928E-05 0.983885 0.0153159 9.9928E-05 9.9928E-05 9.9928E-05 9.9928E-05
9.9964E-05 9.9964E-05 0.0438887 0.0732679 0.583223 0.053204 0.0393419 0.206675 9.9964E-05 9.9964E-05
9.9937E-05 9.9937E-05 9.9937E-05 0.0653454 0.886392 9.9937E-05 0.0475625 9.9937E-05 9.9937E-05 9.9937E-05
9.9955E-05 0.538341 9.9955E-05 0.0640942 0.0336229 9.9955E-05 0.0618593 9.9955E-05 0.301583 9.9955E-05
9.9973E-05 0.164651 0.0984502 0.0752445 0.0596275 9.9973E-05 0.0340731 0.413224 0.154429 9.9973E-05
9.9964E-05 0.204679 9.9964E-05 0.0383599 0.0502001 9.9964E-05 0.0353154 0.450668 0.220378 9.9964E-05
9.9964E-05 0.460728 0.0659885 9.9964E-05 0.0456479 0.0671799 9.9964E-05 0.238774 0.121282 9.9964E-05
9.9991E-05 0.156482 0.0290819 0.134596 0.167901 0.0215297 0.063827 0.332638 0.0432079 0.0506363
0.0529787 0.316042 9.9982E-05 0.131237 0.0753736 0.0234912 9.9982E-05 0.16747 0.193506 0.039701
0.0762862 0.0900349 9.9973E-05 0.110175 0.0506336 9.9973E-05 0.0671531 0.472435 0.132982 9.9973E-05
9.9964E-05 0.293877 9.9964E-05 9.9964E-05 0.13034 9.9964E-05 0.00940489 0.356006 0.10821 0.101762
9.9973E-05 0.175116 0.0300048 9.9973E-05 0.153989 0.126138 0.0258632 0.376996 9.9973E-05 0.111593
9.9973E-05 0.288426 9.9973E-05 0.0197126 0.147804 0.092917 0.0336514 0.325869 0.0913203 9.9973E-05
0.0251696 0.139667 9.9982E-05 0.0895886 0.0849706 9.9982E-05 0.0308134 0.425151 0.152698 0.0517422
9.9955E-05 0.017049 0.100517 9.9955E-05 9.9955E-05 9.9955E-05 0.00798967 0.07366 0.800285 9.9955E-05
0.00536672 9.9955E-05 9.9955E-05 9.9955E-05 0.0539409 0.0673905 0.0432387 9.9955E-05 0.829563 9.9955E-05
0.0406024 9.9946E-05 0.021333 9.9946E-05 9.9946E-05 0.0423698 9.9946E-05 9.9946E-05 0.895095 9.9946E-05
0.00550993 9.9955E-05 0.062981 9.9955E-05 9.9955E-05 0.0442517 9.9955E-05 0.00532768 0.88143 9.9955E-05
0.0984006 9.9955E-05 0.0237331 9.9955E-05 0.00681435 0.0940956 9.9955E-05 9.9955E-05 0.776456 9.9955E-05
9.9955E-05 9.9955E-05 9.9955E-05 0.0265154 0.0691628 0.0715408 0.0298052 9.9955E-05 0.802476 9.9955E-05
9.9955E-05 9.9955E-05 0.0121855 9.9955E-05 0.0553325 0.0586402 9.9955E-05 0.0600851 0.813257 9.9955E-05
0.012885 0.0269743 0.0102849 9.9973E-05 9.9973E-05 0.0523545 0.0374923 0.0255772 0.834132 9.9973E-05
9.9964E-05 9.9964E-05 9.9964E-05 0.0553735 0.0341855 0.0210229 9.9964E-05 0.0341753 0.851565 0.00327796
9.9955E-05 0.041759 9.9955E-05 0.0475637 0.0722476 9.9955E-05 9.9955E-05 0.00445909 0.833471 9.9955E-05
9.9964E-05 9.9964E-05 0.13065 0.1677 9.9964E-05 0.0640535 0.0112481 9.9964E-05 0.531963 0.0939851
9.9955E-05 9.9955E-05 0.232526 0.236622 0.00172497 0.0202759 9.9955E-05 9.9955E-05 0.508351 9.9955E-05
9.9964E-05 0.065988 0.196338 0.237062 9.9964E-05 0.0443566 0.0436095 9.9964E-05 0.412245 9.9964E-05
0.0227097 9.9964E-05 0.143867 0.221769 9.9964E-05 9.9964E-05 0.0799664 9.9964E-05 0.481857 0.0494303
0.0738138 9.9973E-05 9.9973E-05 0.123738 0.0271774 0.039546 9.9973E-05 0.463817 0.0417705 0.229837
9.9973E-05 9.9973E-05 0.0492934 0.126454 0.016745 9.9973E-05 0.0670795 0.366392 0.0639455 0.309791
0.0152842 9.9982E-05 0.100864 0.161686 0.0203752 9.9982E-05 0.0417153 0.611153 0.00374063 0.0449815
0.330348 9.9964E-05 0.0162913 0.115952 9.9964E-05 9.9964E-05 9.9964E-05 0.256829 0.0540844 0.226096
0.418139 9.9964E-05 0.215336 0.235564 9.9964E-05 0.018275 9.9964E-05 0.050457 9.9964E-05 0.061829
9.9964E-05 9.9964E-05 0.0653892 0.0450084 0.0159182 9.9964E-05 0.139531 0.642987 9.9964E-05 0.0907664
0.113481 9.9964E-05 0.020558 0.0447688 0.0218553 9.9964E-05 9.9964E-05 0.5291 9.9964E-05 0.269837
0.0962541 9.9964E-05 0.0320553 0.0924785 0.032671 9.9964E-05 9.9964E-05 0.445952 9.9964E-05 0.30019
0.00844065 0.0273594 9.9964E-05 9.9964E-05 0.0538067 9.9964E-05 0.0717388 0.302856 9.9964E-05 0.535398
0.184996 0.0589813 0.0358544 9.9982E-05 0.037497 0.0147858 0.0627249 0.533251 9.9982E-05 0.0717095
9.9955E-05 9.9955E-05 0.082097 0.109293 9.9955E-05 9.9955E-05 0.0553567 0.340302 9.9955E-05 0.412452
9.9955E-05 0.0293429 0.0445472 9.9955E-05 9.9955E-05 0.00254011 0.147061 9.9955E-05 9.9955E-05 0.776009
0.137007 0.020253 0.110472 0.063728 9.9973E-05 9.9973E-05 0.023991 0.505945 9.9973E-05 0.138305
0.0393523 0.155635 9.9955E-05 9.9955E-05 9.9955E-05 9.9955E-05 0.0190703 0.236753 9.9955E-05 0.54869
0.0856134 9.9964E-05 9.9964E-05 9.9964E-05 9.9964E-05 0.00643873 0.027492 0.470386 0.0110648 0.398605
9.9964E-05 9.9964E-05 0.103947 0.159113 9.9964E-05 9.9964E-05 0.00834067 0.0388301 0.0288847 0.660485
9.9955E-05 0.109416 0.845675 9.9955E-05 0.0282703 9.9955E-05 9.9955E-05 0.013306 0.00283285 9.9955E-05
9.9955E-05 0.0207657 0.839433 9.9955E-05 0.022301 9.9955E-05 9.9955E-05 0.0989613 0.0180396 9.9955E-05
9.9937E-05 9.9937E-05 0.97446 9.9937E-05 0.0017663 9.9937E-05 9.9937E-05 0.0230746 9.9937E-05 9.9937E-05
9.9946E-05 9.9946E-05 0.944378 9.9946E-05 9.9946E-05 9.9946E-05 0.0286011 0.0164026 0.0100186 9.9946E-05
9.9973E-05 0.00645218 0.858272 0.0289491 0.0423216 9.9973E-05 0.0292677 0.0149272 9.9973E-05 0.0195103
9.9937E-05 9.9937E-05 0.865139 9.9937E-05 0.047732 9.9937E-05 9.9937E-05 0.0864298 9.9937E-05 9.9937E-05
9.9964E-05 9.9964E-05 0.00243326 0.0299855 0.0612766 0.0453643 9.9964E-05 0.0800139 0.780527 9.9964E-05
0.129759 9.9955E-05 9.9955E-05 9.9955E-05 0.0481521 0.00489023 9.9955E-05 0.0289443 0.787754 9.9955E-05
9.9955E-05 0.0103248 9.9955E-05 9.9955E-05 0.0886428 0.0942582 9.9955E-05 0.126748 0.679527 9.9955E-05
0.0297741 9.9973E-05 0.0215744 0.0740398 0.117113 0.0281174 9.9973E-05 0.0299461 0.699136 9.9973E-05
0.0696226 9.9955E-05 9.9955E-05 9.9955E-05 0.041876 0.0251948 9.9955E-05 0.0658579 0.796949 9.9955E-05
0.0673278 0.0769216 0.463203 0.0391355 9.9964E-05 0.026144 9.9964E-05 9.9964E-05 0.326868 9.9964E-05
9.9973E-05 0.0141521 0.387256 0.0314751 9.9973E-05 0.0353771 0.0897046 9.9973E-05 0.432889 0.00884587
9.9964E-05 9.9964E-05 0.454415 0.0551035 9.9964E-05 0.0112474 0.0649984 9.9964E-05 0.379087 0.0347493
9.99201E-05 9.99201E-05 9.99201E-05 9.99201E-05 9.99201E-05 0.999101 9.99201E-05 9.99201E-05 9.99201E-05 9.99201E-05
0.0139077 9.9973E-05 0.477015 0.0114549 9.9973E-05 0.0481836 0.0250834 9.9973E-05 0.324613 0.0994432
9.9955E-05 0.212059 9.9955E-05 9.9955E-05 0.417283 9.9955E-05 0.0149852 0.196702 0.15847 9.9955E-05
9.9991E-05 0.0624576 0.0292517 0.0693842 0.211501 0.0541129 0.026429 0.452894 0.0567828 0.0370869
9.9955E-05 9.9955E-05 9.9955E-05 9.9955E-05 0.262891 0.0352342 0.0304069 0.4958 0.175168 9.9955E-05
9.9982E-05 0.06414 0.0264539 0.0318745 0.235072 0.00842714 9.9982E-05 0.351105 0.243553 0.039175
0.132206 0.0332135 9.9964E-05 9.9964E-05 0.0776782 0.117184 9.9964E-05 0.591369 0.0479491 9.9964E-05
0.0101927 0.281934 9.9955E-05 9.9955E-05 0.291381 9.9955E-05 0.0273253 9.9955E-05 0.388668 9.9955E-05
0.267434 9.9964E-05 0.143222 0.126152 9.9964E-05 9.9964E-05 0.0186088 0.39616 9.9964E-05 0.0480231
0.345901 0.081234 0.109998 9.9973E-05 0.00951216 9.9973E-05 0.0867392 0.292124 9.9973E-05 0.0741911
0.324655 9.9973E-05 0.0145971 0.434209 9.9973E-05 0.0286321 0.0459871 0.0998405 0.0517794 9.9973E-05
0.251578 0.0317316 0.0229746 0.0908823 9.9973E-05 9.9973E-05 0.19551 0.378976 9.9973E-05 0.0280477
0.237322 0.263102 0.0579353 9.9955E-05 9.9955E-05 9.9955E-05 0.319651 9.9955E-05 9.9955E-05 0.12149
9.9964E-05 9.9964E-05 0.0862813 0.288731 9.9964E-05 0.0147704 9.9964E-05 0.503683 0.0642959 0.0418386
0.155427 0.00656442 0.0414531 0.236051 0.0194335 9.9991E-05 0.137783 0.358674 0.00523741 0.0392757
0.262549 9.9964E-05 0.0777826 0.374782 9.9964E-05 9.9964E-05 0.00595875 0.192054 9.9964E-05 0.0864744
0.146088 0.00247484 0.0137739 0.139237 0.0247289 9.9982E-05 0.0540927 0.533938 0.0854673 9.9982E-05
0.335009 0.234175 9.99459E-05 0.249611 9.99459E-05 9.99459E-05 9.99459E-05 9.99459E-05 9.99459E-05 0.180605
0.27611 0.0863126 0.0394643 9.9964E-05 9.9964E-05 9.9964E-05 0.0810711 0.46716 9.9964E-05 0.0494825
0.315471 9.9973E-05 0.107899 0.0527314 0.0279959 0.0237651 0.00485315 0.466985 9.9973E-05 9.9973E-05
0.0575846 0.0677529 0.0547401 0.103032 0.194744 9.9982E-05 9.9982E-05 0.365278 0.0836612 0.0730067
0.413262 0.0689277 0.018617 0.0774878 9.9973E-05 9.9973E-05 0.0688987 0.27181 9.9973E-05 0.0806974
0.243329 0.0249823 0.113257 0.0390428 9.9973E-05 9.9973E-05 0.0735019 0.442909 9.9973E-05 0.0626783
0.173371 0.0432379 9.9973E-05 0.0851604 0.101303 9.9973E-05 0.105078 0.356637 9.9973E-05 0.134913
0.176172 0.059395 0.051604 0.0267371 9.9973E-05 9.9973E-05 0.0243353 0.51122 9.9973E-05 0.150237
0.244234 9.9964E-05 0.0519605 0.012937 0.0666441 9.9964E-05 0.0349169 0.588908 9.9964E-05 9.9964E-05
0.152172 9.9964E-05 9.9964E-05 0.154127 0.0333233 9.9964E-05 9.9964E-05 0.467743 0.0579314 0.134303
0.0579144 0.0314598 0.152981 0.0689416 0.0563092 0.0138377 0.00877341 0.452083 0.0600943 0.0976059
9.9946E-05 9.9946E-05 9.9946E-05 9.9946E-05 0.0437905 9.9946E-05 9.9946E-05 0.166507 0.788262 0.000841342
9.9955E-05 9.9955E-05 9.9955E-05 9.9955E-05 0.0127792 9.9955E-05 0.0281521 0.101401 0.821441 0.035727
0.0348879 0.0111699 0.0277786 9.9964E-05 9.9964E-05 9.9964E-05 0.046706 0.098964 0.780094 9.9964E-05
9.9955E-05 9.9955E-05 0.0809486 9.9955E-05 0.0655557 0.0235046 9.9955E-05 9.9955E-05 0.747336 0.0821554
9.9946E-05 9.9946E-05 9.9946E-05 9.9946E-05 9.9946E-05 0.0318635 9.9946E-05 0.153874 0.806791 0.00687265
0.358026 0.0330972 0.160555 0.365787 0.0235444 9.9964E-05 9.9964E-05 0.0585902 9.9964E-05 9.9964E-05
0.268003 0.0431174 0.09626 0.0732893 0.0322201 0.0237862 9.9982E-05 0.43622 0.0269042 9.9982E-05
9.9991E-05 0.188124 0.0558496 0.0315832 0.136405 0.00140516 0.0643399 0.34752 0.140775 0.033898
0.237811 0.0374125 9.9973E-05 0.0396171 9.9973E-05 0.0502758 0.0340695 0.576802 9.9973E-05 0.0237117
0.268964 9.9964E-05 0.0641263 9.9964E-05 9.9964E-05 0.00504607 9.9964E-05 0.390006 0.0883138 0.183143
0.467876 0.143141 0.0329191 0.0513913 0.0794319 0.024008 0.0983585 0.102674 9.9982E-05 9.9982E-05
0.478667 0.0661222 0.193417 0.120461 9.9973E-05 0.0308719 9.9973E-05 9.9973E-05 0.0965927 0.0135684
0.239354 9.9973E-05 0.142952 0.0842913 9.9973E-05 0.024594 0.00319754 0.505123 9.9973E-05 0.000187307
0.126933 9.9991E-05 0.274772 0.24097 0.0729784 0.0154461 0.164945 0.0144162 0.0351561 0.0542836
0.145749 0.100263 0.172111 9.9964E-05 0.0703707 9.9964E-05 9.9964E-05 0.313322 9.9964E-05 0.197784
0.498022 9.9982E-05 0.119086 0.150366 9.9982E-05 0.005695 0.0385151 0.00940823 0.146864 0.0318428
0.215039 9.9973E-05 0.106686 9.9973E-05 0.0228135 0.049146 9.9973E-05 0.538264 0.0296595 0.0380928
0.456967 0.0316195 0.0498197 0.240436 9.9982E-05 0.0590053 9.9982E-05 0.0324867 0.0511669 0.0782987
0.472323 0.0341542 9.9991E-05 0.0606065 0.00802509 0.0552755 0.054829 0.19265 0.0425256 0.0795107
0.0378254 0.172041 0.0384828 0.0276753 0.0633938 9.9991E-05 0.0666532 0.48756 0.00298684 0.103282
9.9964E-05 0.383967 0.124257 0.0656551 9.9964E-05 9.9964E-05 0.0984078 0.257007 9.9964E-05 0.0703052
0.0835311 0.236962 0.0453244 0.0630874 9.9973E-05 0.00694955 9.9973E-05 0.541908 9.9973E-05 0.0219376
0.0645607 0.151377 9.9973E-05 0.0892046 9.9973E-05 9.9973E-05 0.0318142 0.556569 0.0775358 0.0286389
0.0922946 0.383613 0.0986906 9.9964E-05 9.9964E-05 9.9964E-05 0.0586251 0.343011 9.9964E-05 0.0233657
0.0153956 0.127735 0.0709805 0.0908273 9.9991E-05 0.00312215 0.171392 0.419187 0.0701067 0.0311536
9.9964E-05 0.199482 0.066797 9.9964E-05 9.9964E-05 0.028877 0.101484 0.546436 9.9964E-05 0.0565255
9.9955E-05 0.514584 0.115036 9.9955E-05 9.9955E-05 9.9955E-05 0.0685755 0.0856446 9.9955E-05 0.21566
9.9964E-05 0.495788 0.0408626 0.0873183 9.9964E-05 9.9964E-05 0.0491561 0.231806 9.9964E-05 0.09467
0.117491 0.257967 0.0733459 9.9964E-05 9.9964E-05 9.9964E-05 0.0866681 0.429993 9.9964E-05 0.0341345
0.00310366 0.401173 0.0607809 0.066438 9.9973E-05 9.9973E-05 0.0836173 0.171867 9.9973E-05 0.212721
0.109306 0.206734 0.0966323 0.0482696 9.9964E-05 9.9964E-05 9.9964E-05 0.386204 9.9964E-05 0.152454
0.668883 9.9964E-05 0.0624646 0.175668 9.9964E-05 0.0019585 9.9964E-05 9.9964E-05 0.0125058 0.0781203
0.661577 9.9964E-05 9.9964E-05 0.0322198 0.0132331 9.9964E-05 0.168617 0.0644302 9.9964E-05 0.0595232
0.561982 9.9964E-05 0.0397345 0.124918 0.0710209 9.9964E-05 9.9964E-05 0.19201 0.00993516 9.9964E-05
0.289088 0.00391779 0.00258241 0.046908 0.0607052 0.042448 0.0214368 0.525772 0.00704171 9.9991E-05
0.447034 9.9955E-05 0.182703 0.120023 9.9955E-05 9.9955E-05 9.9955E-05 0.103311 9.9955E-05 0.14643
0.270004 0.0212402 0.0632944 9.9982E-05 0.0686195 0.0324793 0.0871609 0.422244 0.0347576 9.9982E-05
0.279613 0.0446512 0.048311 9.9982E-05 0.084946 0.0309421 9.9982E-05 0.430956 0.000525393 0.079855
0.266439 9.9982E-05 0.0234976 0.0294296 0.141207 9.9982E-05 0.0427446 0.379171 0.000142666 0.117169
0.407855 9.9982E-05 0.0174831 0.074909 0.0260264 0.0033351 0.0336843 0.401742 9.9982E-05 0.0347656
0.328168 9.9964E-05 0.14538 9.9964E-05 9.9964E-05 0.0142164 9.9964E-05 0.352469 0.05039 0.108976
0.668747 9.9955E-05 0.0646102 0.131773 0.0832156 9.9955E-05 9.9955E-05 9.9955E-05 9.9955E-05 0.0511544
0.402745 9.9973E-05 0.151392 0.0808787 0.103583 9.9973E-05 0.00876084 0.206979 0.0453618 9.9973E-05
0.425368 9.9964E-05 9.9964E-05 0.0297566 0.0341712 9.9964E-05 0.000960253 0.426231 9.9964E-05 0.0831134
0.323697 9.9964E-05 9.9964E-05 9.9964E-05 9.9964E-05 0.00952455 0.0398192 0.447556 0.111738 0.0672656
0.327167 0.0504183 0.074677 9.9982E-05 9.9982E-05 0.0168002 0.120119 0.327894 0.0260159 0.056709
0.481133 9.9964E-05 0.0236876 9.9964E-05 0.0772439 9.9964E-05 0.0490939 0.368011 9.9964E-05 0.000430639
0.555236 0.00809252 0.112057 9.9964E-05 9.9964E-05 0.0426144 9.9964E-05 0.244121 0.037479 9.9964E-05
0.338341 9.9955E-05 0.0477755 9.9955E-05 9.9955E-05 9.9955E-05 9.9955E-05 0.495037 0.0321058 0.0862408
0.368732 9.9973E-05 0.0198197 9.9973E-05 0.0622754 9.9973E-05 0.0417138 0.377853 0.0931038 0.0362032
0.371794 0.0237739 0.0246178 9.9982E-05 0.169175 0.0113524 0.0102344 0.373859 0.0149936 9.9982E-05
9.9964E-05 0.0396993 9.9964E-05 0.153827 0.131651 0.0460401 9.9964E-05 0.355939 0.272444 9.9964E-05
0.105138 0.126474 9.9982E-05 0.0252661 0.186053 0.0548597 0.0153522 0.408825 0.0778333 9.9982E-05
0.133402 0.0326258 0.0377378 0.0760925 0.136759 0.0333723 0.00573821 0.398142 0.0892009 0.0569291
0.0269582 9.9991E-05 0.0921363 0.0184705 0.130181 0.0239965 0.108435 0.466327 0.0682173 0.0651782
0.0533024 0.00755666 9.9991E-05 0.0789398 0.223516 0.0109163 0.00205399 0.416122 0.163451 0.0440427
0.511065 0.0696669 9.9955E-05 9.9955E-05 0.0433298 9.9955E-05 0.079454 0.295984 9.9955E-05 9.9955E-05
0.0970177 0.00719527 0.0280914 0.0872192 0.159385 0.0106103 9.9982E-05 0.428273 0.182008 9.9982E-05
0.111427 0.410523 9.9964E-05 0.0293361 0.122628 9.9964E-05 9.9964E-05 9.9964E-05 0.191805 0.133881
0.156978 0.0382204 9.9973E-05 0.198821 0.154693 0.0140165 9.9973E-05 0.389925 0.0470461 9.9973E-05
0.162906 9.9973E-05 9.9973E-05 0.0189326 0.132623 0.0415486 0.044942 0.557608 0.0411399 9.9973E-05
0.142551 9.9973E-05 9.9973E-05 0.140141 0.193824 0.0364219 0.049499 0.393724 0.0435383 9.9973E-05
0.0944577 0.196561 0.036837 0.00830368 0.103919 0.0246592 9.9991E-05 0.308962 0.161022 0.0651796
9.9982E-05 0.0366091 9.9982E-05 0.0367981 0.077761 0.0295941 0.145772 0.500456 0.143207 0.0296036
0.165174 0.110856 9.9964E-05 9.9964E-05 0.12946 0.0487241 9.9964E-05 0.452928 0.0924576 9.9964E-05
9.9964E-05 0.305811 9.9964E-05 9.9964E-05 0.15247 0.0767708 0.0248548 9.9964E-05 0.400808 0.0388855
9.9964E-05 9.9964E-05 9.9964E-05 0.116994 0.271698 0.0787977 9.9964E-05 0.412473 0.0825506 0.0370864
0.0114126 0.0835206 9.9982E-05 0.0979817 0.200706 0.0201986 9.9982E-05 0.452188 0.122589 0.0112029
0.0657082 0.0828079 0.0209475 9.9991E-05 0.0777286 0.0249211 0.0350209 0.570302 0.109759 0.0127052
0.15072 0.0200108 9.9964E-05 9.9964E-05 0.0982776 0.0506549 9.9964E-05 0.473555 0.206382 9.9964E-05
0.0899799 0.03637 0.00616013 0.11571 0.123142 0.0122588 0.0492931 0.459233 0.107753 9.9991E-05
0.0979344 9.9964E-05 9.9964E-05 9.9964E-05 0.0628849 0.0556879 0.338863 0.368709 9.9964E-05 0.075521
9.9964E-05 0.057704 9.9964E-05 0.054346 0.0887864 0.0351048 0.303347 0.460312 9.9964E-05 9.9964E-05
0.127466 9.9946E-05 9.9946E-05 0.0476453 9.9946E-05 9.9946E-05 0.764558 9.9946E-05 9.9946E-05 0.0597306
0.0816302 0.00964626 0.0348264 9.99459E-05 9.99459E-05 9.99459E-05 0.873297 9.99459E-05 9.99459E-05 9.99459E-05
0.105403 9.9973E-05 9.9973E-05 9.9973E-05 0.0482004 0.0111438 0.266921 0.472918 0.0671951 0.0279189
9.9955E-05 0.0793126 9.9955E-05 9.9955E-05 0.327377 9.9955E-05 0.0751733 0.35205 0.165587 9.9955E-05
9.9955E-05 0.0938866 9.9955E-05 9.9955E-05 0.347045 9.9955E-05 0.205811 0.279788 0.0729699 9.9955E-05
9.9973E-05 0.138035 9.9973E-05 0.0938985 0.286986 9.9973E-05 0.161595 0.151377 0.153557 0.0142507
9.9955E-05 9.9955E-05 9.9955E-05 0.103538 0.302522 9.9955E-05 0.219761 0.23546 0.138219 9.9955E-05
9.9955E-05 0.110337 9.9955E-05 9.9955E-05 0.101195 9.9955E-05 0.681878 0.0426404 0.0634499 9.9955E-05
9.9964E-05 0.0868966 9.9964E-05 9.9964E-05 0.0861098 0.0383412 0.638714 0.104343 0.0451959 9.9964E-05
9.9955E-05 9.9955E-05 9.9955E-05 9.9955E-05 0.121409 0.00809148 0.381348 0.457177 9.9955E-05 0.0314749
9.9946E-05 9.9946E-05 9.9946E-05 9.9946E-05 0.0855436 9.9946E-05 0.454686 0.438942 0.0202294 9.9946E-05
9.9955E-05 9.9955E-05 9.9955E-05 9.9955E-05 0.122713 0.031468 0.702763 0.109236 0.0333206 9.9955E-05
9.9955E-05 9.9955E-05 9.9955E-05 0.117955 0.0424069 0.0145806 0.319049 0.505509 9.9955E-05 9.9955E-05
9.9937E-05 9.9937E-05 9.9937E-05 9.9937E-05 0.132573 9.9937E-05 0.40891 0.457817 9.9937E-05 9.9937E-05
9.9982E-05 0.0208106 0.00331782 0.0478568 0.111009 9.9982E-05 0.202907 0.52185 0.0782396 0.013809
9.9955E-05 9.9955E-05 0.0213013 0.0777159 9.9955E-05 9.9955E-05 0.515331 0.356756 0.0283963 9.9955E-05
0.106222 9.9973E-05 9.9973E-05 0.0208368 0.0363294 0.0278834 0.526707 0.265471 9.9973E-05 0.0162502
9.9955E-05 9.9955E-05 0.0924227 9.9955E-05 9.9955E-05 9.9955E-05 0.301148 0.536645 0.06066 0.00862388
9.9982E-05 0.0432626 0.144128 9.9982E-05 0.0354088 0.0625442 0.342354 0.32486 0.016041 0.0312017
0.102586 0.00029127 0.0305579 0.0768669 0.13962 9.9982E-05 0.15295 0.372218 9.9982E-05 0.124711
0.00278414 0.116956 0.0191102 9.9955E-05 9.9955E-05 9.9955E-05 0.447735 0.412915 9.9955E-05 9.9955E-05
9.9937E-05 9.9937E-05 0.0869377 9.9937E-05 9.9937E-05 9.9937E-05 0.784009 0.128353 9.9937E-05 9.9937E-05
9.9955E-05 9.9955E-05 0.00702302 0.019803 9.9955E-05 9.9955E-05 0.339893 0.540223 9.9955E-05 0.0925588
0.191961 9.99459E-05 9.99459E-05 9.99459E-05 9.99459E-05 9.99459E-05 0.642439 0.0998598 9.99459E-05 0.0651407
9.9955E-05 9.9955E-05 9.9955E-05 0.079225 9.9955E-05 0.0100101 0.525119 0.358566 9.9955E-05 0.0265799
9.9982E-05 0.00707769 0.0150679 9.9982E-05 0.0103063 0.0497136 0.158259 0.602363 0.0127474 0.144265
0.182669 9.9955E-05 9.9955E-05 9.9955E-05 9.9955E-05 0.01207 0.359251 0.404437 9.9955E-05 0.0410719
9.9982E-05 0.0293097 0.0583866 0.0125501 0.178314 9.9982E-05 0.0595626 0.464551 0.138045 0.05908
0.076334 9.9991E-05 0.040228 0.0951027 0.122739 0.00659412 0.120402 0.377959 0.158281 0.0022609
0.0111415 0.108858 0.0293013 0.0198809 0.192591 0.00382637 0.0649044 0.395572 0.146246 0.0276796
0.0162074 0.134933 0.0725193 0.105912 0.217372 0.0186697 0.0552823 0.254342 0.124663 9.9991E-05
9.9964E-05 9.9964E-05 0.0817289 9.9964E-05 0.12024 0.0299988 9.9964E-05 0.408884 0.199615 0.159133
9.9982E-05 0.0666013 0.0480485 9.9982E-05 0.12604 0.0374931 0.11496 0.497935 0.105448 0.00327442
9.9964E-05 0.0612427 0.0271857 9.9964E-05 0.138113 0.0272296 0.611842 9.9964E-05 0.133987 9.9964E-05
9.9964E-05 0.0313404 0.0702082 9.9964E-05 0.175687 9.9964E-05 0.0184999 0.596733 0.107132 9.9964E-05
9.99461E-05 0.151553 9.99461E-05 9.99461E-05 0.139276 9.99461E-05 0.390276 9.99461E-05 0.318296 9.99461E-05
9.9955E-05 9.9955E-05 0.00376614 9.9955E-05 0.184026 9.9955E-05 0.312682 0.457418 0.0416077 9.9955E-05
9.9946E-05 0.00306119 9.9946E-05 9.9946E-05 9.9946E-05 9.9946E-05 0.870741 0.0293548 9.9946E-05 0.0962431
9.9946E-05 0.00901923 9.9946E-05 9.9946E-05 9.9946E-05 0.0119137 0.913132 9.9946E-05 9.9946E-05 0.0653353
0.0383944 9.9964E-05 9.9964E-05 0.0229767 9.9964E-05 0.0191969 0.446241 0.41887 9.9964E-05 0.0539214
