0.00103357 9.9964E-05 0.04726 9.9964E-05 9.9964E-05 0.834713 0.0312943 0.0156166 9.9964E-05 0.0696826
9.9955E-05 0.0389552 0.0159412 0.0486279 0.0126978 0.883278 9.9955E-05 9.9955E-05 9.9955E-05 9.9955E-05
0.0327073 9.9964E-05 0.0152376 9.9964E-05 9.9964E-05 0.77317 0.136536 0.0400444 0.00190439 9.9964E-05
9.9964E-05 0.000814322 0.0412361 0.000438198 9.9964E-05 0.750061 9.9964E-05 0.121197 0.085853 9.9964E-05
9.9955E-05 9.9955E-05 0.0422313 0.0624655 9.9955E-05 0.831042 0.0261673 0.0375938 9.9955E-05 9.9955E-05
9.9955E-05 0.135621 0.0399541 9.9955E-05 0.227065 0.525967 9.9955E-05 0.070893 9.9955E-05 9.9955E-05
9.9955E-05 0.0374912 9.9955E-05 0.0283536 0.149946 0.77496 9.9955E-05 0.00874864 9.9955E-05 9.9955E-05
9.9955E-05 9.9955E-05 0.0691331 0.0404786 0.168425 0.681805 9.9955E-05 0.0396578 9.9955E-05 9.9955E-05
0.0941806 9.99459E-05 0.064875 9.99459E-05 9.99459E-05 0.796063 9.99459E-05 9.99459E-05 9.99459E-05 0.0442817
9.9964E-05 9.9964E-05 0.00486672 0.0199888 0.196499 0.646076 0.0605396 0.0716302 9.9964E-05 9.9964E-05
9.9946E-05 9.9946E-05 0.102143 9.9946E-05 0.202508 0.692099 9.9946E-05 0.00264982 9.9946E-05 9.9946E-05
0.059164 0.798848 0.0431857 9.9964E-05 0.0481457 9.9964E-05 0.017021 9.9964E-05 0.0332356 9.9964E-05
9.9955E-05 0.435236 0.0525759 9.9955E-05 9.9955E-05 9.9955E-05 0.465299 9.9955E-05 0.00745635 0.0389331
9.9964E-05 0.622683 0.0760839 0.0634309 9.9964E-05 9.9964E-05 0.114406 9.9964E-05 0.0203891 0.102607
9.9946E-05 0.803262 9.9946E-05 9.9946E-05 9.9946E-05 9.9946E-05 0.125654 0.0176365 9.9946E-05 0.0528484
9.9955E-05 0.508292 9.9955E-05 9.9955E-05 0.0987438 0.0862763 0.215018 0.0911704 9.9955E-05 9.9955E-05
9.9946E-05 0.369131 9.9946E-05 0.0836415 9.9946E-05 0.0750979 0.47153 9.9946E-05 9.9946E-05 9.9946E-05
0.107734 0.41911 0.0394986 9.9973E-05 0.054844 9.9973E-05 0.324287 0.0371617 9.9973E-05 0.017065
9.9955E-05 0.725913 9.9955E-05 9.9955E-05 9.9955E-05 0.0778055 0.149437 0.0107157 9.9955E-05 0.0356286
9.9946E-05 0.759846 0.0783686 9.9946E-05 0.0518305 9.9946E-05 9.9946E-05 9.9946E-05 0.109355 9.9946E-05
0.102971 0.440636 9.9964E-05 0.0484726 0.0747836 9.9964E-05 0.240924 0.0918129 9.9964E-05 9.9964E-05
0.0431512 0.161506 0.0422531 9.9973E-05 0.153167 9.9973E-05 0.378749 9.9973E-05 0.123349 0.0975247
0.1186 0.193773 9.9982E-05 0.0512859 0.038076 0.0787423 0.379251 0.0390188 0.101052 9.9982E-05
0.020822 0.820793 9.9955E-05 9.9955E-05 0.0585188 9.9955E-05 0.0825958 0.0167703 9.9955E-05 9.9955E-05
0.0246762 0.261148 0.0388344 9.9982E-05 0.0557281 0.0202634 0.563274 0.00324743 0.0326284 9.9982E-05
9.9964E-05 0.41574 9.9964E-05 9.9964E-05 9.9964E-05 0.00968514 0.425213 0.00577413 0.11815 0.0250372
9.9946E-05 0.952645 9.9946E-05 9.9946E-05 9.9946E-05 0.00292121 9.9946E-05 0.0331116 0.0107224 9.9946E-05
0.0384693 0.893475 9.9937E-05 9.9937E-05 9.9937E-05 9.9937E-05 9.9937E-05 0.0673564 9.9937E-05 9.9937E-05
9.9946E-05 0.808972 9.9946E-05 0.124215 0.043642 9.9946E-05 9.9946E-05 9.9946E-05 0.0225719 9.9946E-05
9.9937E-05 9.9937E-05 9.9937E-05 9.9937E-05 9.9937E-05 0.809054 0.147563 0.0426836 9.9937E-05 9.9937E-05
9.9937E-05 9.9937E-05 9.9937E-05 9.9937E-05 9.9937E-05 0.795945 0.198104 9.9937E-05 0.0052512 9.9937E-05
0.007156 9.99371E-05 9.99371E-05 9.99371E-05 9.99371E-05 0.790957 0.201187 9.99371E-05 9.99371E-05 9.99371E-05
0.0443153 9.9955E-05 9.9955E-05 9.9955E-05 9.9955E-05 0.657209 0.133345 0.0520373 9.9955E-05 0.112594
0.182249 0.0849575 0.0881989 0.0101956 0.055883 9.9982E-05 0.486575 0.00120261 0.0905381 9.9982E-05
0.24921 0.111653 0.0204028 9.9964E-05 9.9964E-05 0.0818043 0.493034 0.0434962 9.9964E-05 9.9964E-05
0.316935 0.0114451 0.0392959 9.9964E-05 0.0279018 0.0373044 0.566718 9.9964E-05 9.9964E-05 9.9964E-05
9.9964E-05 0.180713 0.044813 9.9964E-05 0.0157107 0.120478 0.0560949 9.9964E-05 0.581791 9.9964E-05
0.550598 9.9973E-05 0.0259643 0.00228428 9.9973E-05 0.0140195 0.329151 9.9973E-05 0.0378622 0.039821
0.158463 0.083328 0.00890083 0.0839415 9.9982E-05 0.0843618 0.45745 9.9982E-05 0.107155 0.0161999
0.162666 9.9973E-05 9.9973E-05 0.060591 0.0934349 0.0147231 0.626738 0.0196689 9.9973E-05 0.0218784
9.9955E-05 9.9955E-05 0.0023424 9.9955E-05 0.228849 0.0358527 0.566272 9.9955E-05 0.166184 9.9955E-05
0.0939217 0.0269315 0.0396375 0.0471444 0.107419 0.0569969 0.542733 9.9982E-05 0.0850158 9.9982E-05
0.628778 0.0927211 9.9955E-05 9.9955E-05 9.9955E-05 9.9955E-05 0.123203 9.9955E-05 0.109449 0.0453495
0.0298575 0.149238 0.0268713 9.9973E-05 0.246569 9.9973E-05 0.482355 0.033162 9.9973E-05 0.0316475
0.314225 0.016855 9.9964E-05 0.0412236 9.9964E-05 9.9964E-05 0.465374 0.117491 9.9964E-05 0.0444324
0.12347 0.0499649 0.015891 0.00911269 0.0211253 0.19159 0.546976 0.0307717 9.9991E-05 0.0109981
0.542951 9.9955E-05 9.9955E-05 0.0298541 0.0044554 9.9955E-05 0.367002 9.9955E-05 9.9955E-05 0.0552374
0.200282 9.9964E-05 0.0571533 9.9964E-05 0.0699709 0.0532362 0.572517 0.0464411 9.9964E-05 9.9964E-05
0.26513 9.9982E-05 9.9982E-05 0.00599864 0.0937103 0.0560865 0.475183 0.0730337 0.00488723 0.0257713
0.69105 9.9955E-05 9.9955E-05 9.9955E-05 0.107153 0.0457908 9.9955E-05 9.9955E-05 0.057191 0.0983156
0.135979 0.133543 0.130185 9.9973E-05 0.106009 9.9973E-05 0.104211 9.9973E-05 0.370793 0.0189798
0.227719 0.210105 9.9964E-05 0.0881085 0.20142 9.9964E-05 9.9964E-05 9.9964E-05 0.12186 0.150388
0.0203612 0.0878466 0.101607 9.9982E-05 9.9982E-05 0.010498 0.55946 0.0363723 0.112675 0.0709795
9.9964E-05 0.0397946 9.9964E-05 0.0985224 0.107312 0.0996766 0.526578 9.9964E-05 0.127717 9.9964E-05
9.9982E-05 9.9982E-05 0.0671789 0.0564694 0.0496284 0.0102455 0.556579 0.0703073 0.105767 0.0836245
0.199762 0.0708155 0.287042 0.0210799 0.0047143 0.0460119 0.109412 9.9991E-05 0.184594 0.0764681
9.9955E-05 0.143854 0.139999 0.069939 9.9955E-05 9.9955E-05 0.557037 9.9955E-05 0.0886718 9.9955E-05
0.00171956 0.156692 9.9973E-05 9.9973E-05 0.0356245 9.9973E-05 0.492757 0.0272578 0.191421 0.0942275
0.119519 0.273949 0.0221922 0.0786044 0.120078 0.0857795 0.2809 9.9982E-05 0.0187777 9.9982E-05
0.0789703 0.320573 0.0442631 0.0384768 9.9982E-05 0.179959 0.0121214 9.9982E-05 0.246914 0.0785219
0.088566 0.0588407 0.0503346 9.9973E-05 9.9973E-05 0.048957 0.504591 9.9973E-05 0.114482 0.133928
0.0257534 0.0782804 0.040896 0.0172602 9.9973E-05 9.9973E-05 0.375839 9.9973E-05 0.323643 0.138028
0.123698 0.359946 0.0758931 9.9964E-05 0.0333927 9.9964E-05 9.9964E-05 9.9964E-05 0.331553 0.0751173
0.0349643 0.206732 9.9964E-05 0.0418533 9.9964E-05 9.9964E-05 0.399867 9.9964E-05 0.285986 0.0301974
0.0912557 0.0400991 9.9982E-05 0.0856494 0.0284702 9.9982E-05 0.52782 0.0408529 0.156326 0.0293267
0.0797243 0.0844415 0.0844716 9.9973E-05 9.9973E-05 0.0891827 0.533627 0.0153658 0.112887 9.9973E-05
0.0999423 0.283936 9.9973E-05 0.051985 9.9973E-05 0.0302376 0.228063 9.9973E-05 0.211086 0.0944498
0.0773685 0.232696 0.024063 0.0459148 0.0616254 9.9982E-05 0.355456 9.9982E-05 0.185577 0.0170997
9.9982E-05 0.103622 0.162296 0.142029 9.9982E-05 0.00988281 0.460522 0.00900425 0.0543228 0.0581205
0.0839118 0.164862 0.0580824 0.0764653 0.00779408 9.9982E-05 0.105171 9.9982E-05 0.47458 0.0289326
0.368638 9.9955E-05 0.0552016 9.9955E-05 0.0136569 9.9955E-05 0.533156 9.9955E-05 0.0288484 9.9955E-05
0.607856 0.231542 9.9946E-05 9.9946E-05 9.9946E-05 0.00376927 0.156233 9.9946E-05 9.9946E-05 9.9946E-05
0.225363 9.9964E-05 9.9964E-05 0.027367 9.9964E-05 0.101689 0.5865 9.9964E-05 0.0326399 0.0260416
0.899023 0.0182253 9.9946E-05 9.9946E-05 0.028659 9.9946E-05 9.9946E-05 9.9946E-05 9.9946E-05 0.0534926
0.761396 0.0727421 0.0146292 0.0552809 0.0679586 9.9964E-05 9.9964E-05 9.9964E-05 0.0275937 9.9964E-05
0.750542 9.99281E-05 9.99281E-05 9.99281E-05 9.99281E-05 9.99281E-05 0.248659 9.99281E-05 9.99281E-05 9.99281E-05
0.451377 0.0786009 0.0326031 9.9955E-05 0.0644913 9.9955E-05 0.372428 9.9955E-05 9.9955E-05 9.9955E-05
0.169866 0.109763 0.085513 9.9982E-05 0.00257751 0.0518997 0.471795 0.0815356 9.9982E-05 0.0268501
0.46023 0.0797771 0.0205256 9.9964E-05 9.9964E-05 9.9964E-05 0.350631 0.0455018 9.9964E-05 0.0429352
0.5825 0.12206 0.143378 9.9964E-05 9.9964E-05 0.0352308 0.0570577 0.0593727 9.9964E-05 9.9964E-05
0.461313 0.0827935 0.178957 9.9955E-05 9.9955E-05 0.0158745 0.260562 9.9955E-05 9.9955E-05 9.9955E-05
0.291893 9.9964E-05 9.9964E-05 0.0713391 9.9964E-05 0.139353 0.42437 0.0710222 0.00162335 9.9964E-05
0.580098 0.105437 0.00130223 9.9973E-05 9.9973E-05 0.0108267 0.230126 0.0510636 0.0208474 9.9973E-05
0.367586 0.174796 9.9955E-05 9.9955E-05 0.0551791 0.0489762 0.352963 9.9955E-05 9.9955E-05 9.9955E-05
0.533501 0.00305818 9.9955E-05 0.0185585 0.069517 9.9955E-05 0.374866 9.9955E-05 9.9955E-05 9.9955E-05
0.676411 9.9946E-05 9.9946E-05 0.0683141 0.164012 9.9946E-05 9.9946E-05 9.9946E-05 9.9946E-05 0.0906638
0.214622 0.0823196 0.0138572 9.9964E-05 9.9964E-05 0.0454117 0.63058 9.9964E-05 9.9964E-05 0.0128089
9.9964E-05 0.0607905 0.0507515 9.9964E-05 9.9964E-05 0.758787 0.0710382 0.0520835 9.9964E-05 0.00614898
9.99281E-05 9.99281E-05 9.99281E-05 9.99281E-05 9.99281E-05 0.882018 0.117182 9.99281E-05 9.99281E-05 9.99281E-05
9.9946E-05 9.9946E-05 9.9946E-05 9.9946E-05 9.9946E-05 0.791902 0.158786 0.0412956 9.9946E-05 0.00741699
9.9937E-05 9.9937E-05 9.9937E-05 9.9937E-05 9.9937E-05 0.837668 0.044139 9.9937E-05 9.9937E-05 0.117494
9.9937E-05 9.9937E-05 9.9937E-05 9.9937E-05 9.9937E-05 0.809264 0.115356 9.9937E-05 9.9937E-05 0.0746804
0.0248239 9.9964E-05 0.00362191 9.9964E-05 9.9964E-05 0.79275 0.0478045 0.0301402 9.9964E-05 0.10046
9.99461E-05 0.0113177 9.99461E-05 9.99461E-05 9.99461E-05 0.864737 0.0986874 9.99461E-05 9.99461E-05 0.024658
0.218467 0.0152391 9.9964E-05 9.9964E-05 9.9964E-05 0.11073 0.496763 0.0755798 0.0828209 9.9964E-05
0.0992687 0.0568473 0.041472 9.9982E-05 0.0292979 0.0782456 0.577687 0.0182125 0.098769 9.9982E-05
0.736876 0.161973 9.9955E-05 0.0227382 9.9955E-05 0.0501271 9.9955E-05 9.9955E-05 0.0277859 9.9955E-05
0.136849 0.0803508 0.0449177 9.9973E-05 0.00475096 0.0269962 0.553488 9.9973E-05 0.152348 9.9973E-05
0.36889 0.0350261 0.0256534 9.9973E-05 0.0200996 0.019857 0.463523 9.9973E-05 0.0666512 9.9973E-05
0.266858 9.9955E-05 9.9955E-05 0.0763007 0.0379079 0.0264179 0.592016 9.9955E-05 9.9955E-05 9.9955E-05
0.20078 0.0265783 9.9973E-05 0.124414 0.0859366 0.0142519 0.542471 9.9973E-05 9.9973E-05 0.00526905
0.425086 9.9946E-05 9.9946E-05 0.008833 9.9946E-05 9.9946E-05 0.470444 0.0950368 9.9946E-05 9.9946E-05
0.682093 0.191303 0.0848581 9.9946E-05 9.9946E-05 0.041147 9.9946E-05 9.9946E-05 9.9946E-05 9.9946E-05
0.100973 9.9964E-05 0.00681367 0.101415 0.105315 0.15598 0.529104 9.9964E-05 9.9964E-05 9.9964E-05
9.9955E-05 0.171525 9.9955E-05 9.9955E-05 0.147539 0.0421504 0.603301 9.9955E-05 0.034984 9.9955E-05
0.198976 0.0930719 0.0537076 9.9982E-05 0.0210305 9.9982E-05 0.492596 0.0674245 0.00848709 0.0645065
0.465416 0.0247238 9.99829E-05 0.0337197 0.146892 9.99829E-05 0.219171 0.0690514 0.034019 0.00680708
0.365346 9.9937E-05 9.9937E-05 0.0721738 9.9937E-05 9.9937E-05 0.561781 9.9937E-05 9.9937E-05 9.9937E-05
0.213958 0.173709 0.00252698 9.9964E-05 0.0232311 9.9964E-05 0.458882 9.9964E-05 0.127293 9.9964E-05
0.559225 0.068789 9.9955E-05 9.9955E-05 0.00168604 9.9955E-05 0.303417 0.0663832 9.9955E-05 9.9955E-05
0.432039 0.0504493 0.0162435 0.0166458 0.00649874 0.0761812 0.401643 9.9973E-05 9.9973E-05 9.9973E-05
0.123487 0.0307384 0.0935213 9.9973E-05 0.0211666 0.0644368 0.613449 9.9973E-05 0.0529004 9.9973E-05
0.020903 0.077023 9.9973E-05 0.127856 9.9973E-05 0.00558699 0.196953 9.9973E-05 0.460031 0.111347
9.9973E-05 0.0320096 0.114817 9.9973E-05 0.0190369 0.0954954 0.344226 0.0656079 0.328507 9.9973E-05
9.9964E-05 0.0101658 0.0162873 0.123113 9.9964E-05 0.138512 0.448996 9.9964E-05 0.262527 9.9964E-05
0.0916995 9.9973E-05 0.0336318 0.0485988 0.060759 0.0388739 0.617983 9.9973E-05 0.108154 9.9973E-05
9.9964E-05 0.00555067 0.020598 0.0223738 9.9964E-05 0.0593509 0.414113 9.9964E-05 0.477613 9.9964E-05
0.0265414 0.0232712 0.0754979 0.0286753 0.0705893 9.9991E-05 0.506172 0.0196648 0.222739 0.0267494
9.9955E-05 0.158447 0.0624326 0.0555963 9.9955E-05 9.9955E-05 0.373393 9.9955E-05 0.349631 9.9955E-05
0.178106 0.0327471 0.0793621 0.00878017 9.9991E-05 0.0378238 0.510723 0.0104693 0.107039 0.0348497
0.0280981 9.9982E-05 0.00859969 0.0216788 0.0915584 0.0647853 0.580188 0.0107554 0.194136 9.9982E-05
0.0488933 0.0825895 0.00569833 9.9973E-05 0.0215387 0.0602407 0.549969 9.9973E-05 0.23077 9.9973E-05
0.0187581 0.0586661 0.179386 0.0396553 9.9973E-05 0.010958 0.432151 9.9973E-05 0.260125 9.9973E-05
9.9973E-05 9.9973E-05 0.0767899 0.0239799 0.0482076 0.0885956 0.532028 0.0498719 0.180227 9.9973E-05
0.0926202 9.9991E-05 0.0798441 0.108684 0.0146652 0.103866 0.472075 0.0472039 0.0772204 0.00372128
0.058303 0.137639 9.9955E-05 0.0454555 9.9955E-05 9.9955E-05 0.483719 9.9955E-05 0.274384 9.9955E-05
9.9973E-05 9.9973E-05 0.0425977 0.000877583 0.144286 0.0645055 0.548147 9.9973E-05 0.116027 0.0832594
9.9982E-05 0.0615061 0.04889 0.149373 0.0154303 9.9982E-05 0.515586 0.0414169 0.167085 0.000511712
9.9982E-05 0.058788 0.0520786 0.115773 0.0420133 0.0869659 0.28012 9.9982E-05 0.29914 0.0649218
9.9964E-05 0.0169651 9.9964E-05 9.9964E-05 9.9964E-05 0.0233909 0.589966 0.0485393 0.304205 0.0165331
9.9964E-05 9.9964E-05 0.0278114 0.109206 9.9964E-05 0.0396485 0.595874 9.9964E-05 0.188044 0.0390156
0.0535543 0.180334 0.117602 0.0975167 0.035764 0.00246997 0.19942 0.044558 0.268681 9.9991E-05
9.9955E-05 9.9955E-05 9.9955E-05 0.181312 0.081029 9.9955E-05 0.112534 9.9955E-05 0.480036 0.14459
0.0432795 0.127611 0.171045 9.9973E-05 9.9973E-05 0.0057833 0.488711 9.9973E-05 0.119727 0.043543
0.152721 9.9982E-05 0.0630075 0.129836 0.115923 9.9982E-05 0.00453486 0.0260978 0.470514 0.037165
0.0571496 0.24955 0.0551008 0.018338 0.0143161 0.0299235 0.199099 0.00220823 0.374215 9.9991E-05
0.171016 0.0685882 0.090884 0.0527923 0.0112925 9.9973E-05 0.365018 9.9973E-05 0.24011 9.9973E-05
0.13518 0.177869 0.127912 9.9964E-05 9.9964E-05 0.0317793 0.220478 9.9964E-05 0.306381 9.9964E-05
9.9964E-05 0.165648 0.122458 9.9964E-05 0.0971083 9.9964E-05 0.199676 0.0178703 0.39684 9.9964E-05
0.0571056 9.9973E-05 9.9973E-05 0.018344 0.0240868 0.0600232 0.597528 0.039949 0.202664 9.9973E-05
0.0571093 0.0561485 0.145639 0.0406735 0.00559858 0.0796877 0.59077 9.9982E-05 0.0241741 9.9982E-05
0.0173205 0.0161514 0.010897 0.0313596 9.9982E-05 0.0781412 0.440238 0.0368687 0.368824 9.9982E-05
0.11847 9.9973E-05 0.0095505 0.0259034 0.0805767 9.9973E-05 0.104268 9.9973E-05 0.540065 0.120866
0.132707 0.0364251 0.0316283 0.0742037 0.00908679 0.147231 0.492042 9.9991E-05 0.0263448 0.0502309
0.0622509 0.00010176 0.0402518 9.9973E-05 0.301767 9.9973E-05 0.47267 0.0199361 9.9973E-05 0.102723
0.190666 9.9973E-05 0.0932375 0.104289 0.337302 0.0744957 9.9973E-05 9.9973E-05 0.0314601 0.16825
0.0129846 0.0488566 9.9982E-05 0.102435 0.148384 0.0449547 0.579684 0.0255784 9.9982E-05 0.0369228
0.215765 9.9973E-05 9.9973E-05 0.00660977 0.178997 0.0512851 0.29244 9.9973E-05 0.155257 0.0993452
0.0112354 0.0862531 0.0825808 0.120576 0.0345632 0.0370714 0.487623 0.0105049 9.9991E-05 0.129492
0.171883 0.0565856 0.111642 9.9964E-05 0.231852 9.9964E-05 0.224076 9.9964E-05 9.9964E-05 0.203563
0.0644128 0.151445 0.0826749 0.00993625 0.457041 0.0296414 0.106941 9.9982E-05 9.9982E-05 0.0977079
0.0497694 0.0174123 0.11617 0.107864 0.201724 9.9973E-05 0.398614 9.9973E-05 9.9973E-05 0.108147
9.9973E-05 0.0157243 0.0788771 9.9973E-05 0.145866 0.030636 0.481619 9.9973E-05 0.114344 0.132634
0.062854 0.195061 0.016603 0.0981866 0.0561198 0.11074 0.313007 0.0459622 0.0410955 0.0603711
0.146756 0.128383 9.9982E-05 0.0892773 0.244671 0.0247644 9.9982E-05 0.110322 0.08571 0.169918
0.0480767 0.0799816 0.0672809 0.111669 0.00993849 0.0487468 0.47432 0.0200817 0.0910347 0.0488702
0.142512 0.104315 0.0457217 0.0474852 0.354856 9.9982E-05 0.271282 9.9982E-05 0.0197086 0.0139207
0.0547402 0.0968224 0.0624942 0.13467 0.185634 9.9982E-05 0.425877 9.9982E-05 0.0235429 0.0160197
0.076081 9.9973E-05 9.9973E-05 0.0205593 0.234444 0.147946 0.456907 0.0264159 0.0373469 9.9973E-05
9.9973E-05 0.0510831 9.9973E-05 9.9973E-05 0.168402 0.25038 0.0958016 0.259394 0.0633585 0.111281
9.9946E-05 9.9946E-05 9.9946E-05 9.9946E-05 0.106048 0.339237 9.9946E-05 0.0984143 9.9946E-05 0.455701
9.9955E-05 9.9955E-05 9.9955E-05 9.9955E-05 0.134025 0.267772 9.9955E-05 0.0521852 0.0530406 0.492477
9.9964E-05 9.9964E-05 9.9964E-05 9.9964E-05 0.0105081 0.258434 0.085292 0.31797 0.0921756 0.23522
9.9928E-05 9.9928E-05 9.9928E-05 9.9928E-05 0.422373 9.9928E-05 0.576828 9.9928E-05 9.9928E-05 9.9928E-05
0.124299 9.9982E-05 0.0781578 0.0663679 0.117875 0.0725121 0.455898 0.0498735 9.9982E-05 0.034817
0.0049481 0.0170239 0.0071209 9.9964E-05 9.9964E-05 9.9964E-05 0.261583 0.664067 0.0448576 9.9964E-05
9.9964E-05 0.135201 0.0290346 9.9964E-05 9.9964E-05 0.0757908 0.409961 0.346358 0.00325537 9.9964E-05
9.9982E-05 0.0155395 0.0399531 0.0392821 0.0580608 0.102598 0.334904 0.348715 0.060747 9.9982E-05
0.0461302 9.9964E-05 9.9964E-05 0.179323 0.510514 9.9964E-05 0.229021 0.00618421 9.9964E-05 0.0284271
0.0532535 9.9973E-05 0.0969725 0.12186 0.034548 9.9973E-05 0.505344 0.0113417 9.9973E-05 0.17638
9.9955E-05 9.9955E-05 9.9955E-05 0.108411 0.572295 9.9955E-05 0.112926 9.9955E-05 0.116083 0.0897847
0.0594355 0.00931276 0.0251799 9.9964E-05 0.340929 9.9964E-05 0.543198 9.9964E-05 9.9964E-05 0.0215447
0.0270062 0.049118 9.9982E-05 0.112945 0.198717 0.0297103 0.450655 9.9982E-05 0.111421 0.020227
0.0172267 0.0226082 0.0202516 0.0363723 0.290391 0.0135777 0.539573 0.0552075 0.00469201 9.9991E-05
0.0225308 0.19684 9.9964E-05 0.117412 0.556583 9.9964E-05 0.0657244 9.9964E-05 9.9964E-05 0.0405108
0.12541 0.0162041 0.00144768 0.0608483 0.156703 0.0396979 0.506599 0.0928896 9.9982E-05 9.9982E-05
0.13492 9.9982E-05 0.020345 0.10168 0.155483 0.0638768 0.473684 0.0363224 0.0134891 9.9982E-05
0.0264104 0.0126987 9.9955E-05 9.9955E-05 9.9955E-05 9.9955E-05 0.0219175 0.930379 0.00809469 9.9955E-05
9.9955E-05 0.0381193 9.9955E-05 0.0384332 0.000178043 9.9955E-05 0.0273791 0.895391 9.9955E-05 9.9955E-05
0.073085 9.9955E-05 9.9955E-05 9.9955E-05 9.9955E-05 0.0172089 0.217266 0.596907 0.0950335 9.9955E-05
9.9955E-05 0.0275776 0.00168898 0.0245785 9.9955E-05 9.9955E-05 0.391699 0.553956 9.9955E-05 9.9955E-05
0.0173532 0.0167016 9.9964E-05 9.9964E-05 0.0613262 0.000264793 0.101358 0.802596 9.9964E-05 9.9964E-05
9.9928E-05 9.9928E-05 9.9928E-05 9.9928E-05 9.9928E-05 9.9928E-05 9.9928E-05 0.966536 9.9928E-05 0.0326647
9.9928E-05 9.9928E-05 0.0515985 9.9928E-05 9.9928E-05 9.9928E-05 9.9928E-05 0.947602 9.9928E-05 9.9928E-05
9.9937E-05 9.9937E-05 9.9937E-05 0.0277356 9.9937E-05 9.9937E-05 0.129517 0.842048 9.9937E-05 9.9937E-05
0.0193827 9.9946E-05 0.0157683 9.9946E-05 9.9946E-05 9.9946E-05 0.0204247 0.943825 9.9946E-05 9.9946E-05
9.99201E-05 9.99201E-05 9.99201E-05 9.99201E-05 9.99201E-05 9.99201E-05 9.99201E-05 0.999101 9.99201E-05 9.99201E-05
9.99201E-05 9.99201E-05 9.99201E-05 9.99201E-05 9.99201E-05 9.99201E-05 9.99201E-05 0.999101 9.99201E-05 9.99201E-05
9.9946E-05 0.0652266 9.9946E-05 9.9946E-05 9.9946E-05 0.0132445 0.202796 0.718133 9.9946E-05 9.9946E-05
9.9955E-05 9.9955E-05 0.0517019 9.9955E-05 9.9955E-05 0.0307407 0.141237 0.725216 9.9955E-05 0.0506038
0.00298601 9.9937E-05 0.00446324 9.9937E-05 9.9937E-05 9.9937E-05 9.9937E-05 0.991851 9.9937E-05 9.9937E-05
9.9982E-05 0.0559551 0.0506447 9.9982E-05 0.00399526 0.0189854 0.455642 0.321172 0.0708981 0.0225078
0.0160644 0.00504921 9.9973E-05 9.9973E-05 9.9973E-05 0.0558382 0.218549 0.654841 0.0368229 0.0125361
9.9955E-05 0.0180948 9.9955E-05 9.9955E-05 9.9955E-05 0.0431636 0.212328 0.683339 9.9955E-05 0.042575
9.9964E-05 9.9964E-05 0.00242571 9.9964E-05 0.00357031 9.9964E-05 0.0757664 0.872092 0.000295491 0.0454499
0.00896581 9.9955E-05 9.9955E-05 0.0094338 9.9955E-05 9.9955E-05 0.0186264 0.932068 9.9955E-05 0.030406
9.9946E-05 9.9946E-05 0.0343489 9.9946E-05 9.9946E-05 0.0257394 0.0903271 0.848985 9.9946E-05 9.9946E-05
0.00040037 9.9928E-05 9.9928E-05 9.9928E-05 9.9928E-05 9.9928E-05 9.9928E-05 0.9988 9.9928E-05 9.9928E-05
9.9973E-05 0.0279463 0.0170725 0.0340595 9.9973E-05 0.0418927 0.246941 0.615552 9.9973E-05 0.016237
9.9946E-05 0.0630829 9.9946E-05 9.9946E-05 9.9946E-05 0.0110555 0.0464363 0.878826 9.9946E-05 9.9946E-05
9.9946E-05 9.9946E-05 9.9946E-05 0.00362764 0.533149 0.25253 9.9946E-05 9.9946E-05 9.9946E-05 0.210094
0.0122093 9.9964E-05 0.105069 9.9964E-05 0.200615 0.0904038 0.461948 9.9964E-05 9.9964E-05 0.129355
9.9964E-05 9.9964E-05 0.0613232 9.9964E-05 0.256336 0.205348 0.366802 0.0910153 9.9964E-05 0.0187755
9.9964E-05 9.9964E-05 0.0608993 9.9964E-05 0.316477 0.1125 0.173373 0.0693559 9.9964E-05 0.266996
9.9973E-05 0.0539529 0.048351 9.9973E-05 0.158672 0.0541572 0.538702 0.0863588 9.9973E-05 0.0595059
0.0699066 9.9973E-05 9.9973E-05 0.0127725 0.249901 0.194061 0.207873 0.0116008 9.9973E-05 0.253586
9.9982E-05 0.148406 0.0193018 0.0450713 0.109801 0.0976392 0.467146 9.9982E-05 0.0313147 0.0811202
0.0458577 9.9973E-05 9.9973E-05 0.00807733 0.37288 0.0712643 0.253733 0.146261 9.9973E-05 0.101626
0.0216392 9.9991E-05 0.0143386 0.0561597 0.0387212 0.117683 0.440795 0.117118 0.00182991 0.191615
9.9964E-05 0.0744478 9.9964E-05 9.9964E-05 0.245475 0.035525 0.264947 0.141245 9.9964E-05 0.237961
0.0569234 0.161288 9.9982E-05 0.00295239 0.079962 0.200827 0.338527 0.132377 9.9982E-05 0.026944
9.9982E-05 0.000269624 0.0622091 0.00468844 0.120618 0.766733 0.0279077 9.9982E-05 0.000110571 0.0172633
9.9973E-05 0.00228989 0.0130853 9.9973E-05 0.0203123 0.880354 9.9973E-05 0.0577926 0.0165618 0.00930405
9.9964E-05 0.0212712 0.00886508 9.9964E-05 9.9964E-05 0.887936 0.000141929 9.9964E-05 0.0583493 0.0230365
9.9946E-05 9.9946E-05 0.0583111 9.9946E-05 9.9946E-05 0.903089 0.0355942 9.9946E-05 9.9946E-05 0.00240597
9.9946E-05 9.9946E-05 9.9946E-05 9.9946E-05 9.9946E-05 0.838303 9.9946E-05 0.014921 0.113299 0.0328773
9.9946E-05 9.9946E-05 9.9946E-05 0.0200651 9.9946E-05 0.846082 9.9946E-05 0.0661695 9.9946E-05 0.0670833
9.9946E-05 9.9946E-05 0.0321862 9.9946E-05 9.9946E-05 0.867083 0.0289556 0.0711754 9.9946E-05 9.9946E-05
9.9937E-05 9.9937E-05 9.9937E-05 0.0869368 9.9937E-05 0.843746 9.9937E-05 9.9937E-05 9.9937E-05 0.0686174
0.0343191 9.9964E-05 9.9964E-05 0.0114221 9.9964E-05 0.882505 0.0103361 0.00921518 9.9964E-05 0.0518025
9.9937E-05 9.9937E-05 9.9937E-05 9.9937E-05 9.9937E-05 0.735385 9.9937E-05 0.0840967 9.9937E-05 0.179819
0.0659395 0.163157 0.0905625 0.0438249 9.9964E-05 0.589872 9.9964E-05 9.9964E-05 0.0462441 9.9964E-05
9.99517E-05 0.166892 0.242074 9.99517E-05 9.99517E-05 0.533938 9.99517E-05 9.99517E-05 9.99517E-05 0.0564957
0.0193042 0.243168 0.115361 0.0601441 9.9973E-05 0.472102 9.9973E-05 9.9973E-05 0.0668457 0.0227757
0.0814325 0.109826 0.122507 9.9964E-05 0.0361328 0.476811 9.9964E-05 9.9964E-05 0.172891 9.9964E-05
0.168041 0.18887 9.9964E-05 9.9964E-05 0.028694 0.0469174 0.499973 9.9964E-05 0.067105 9.9964E-05
0.235166 0.135486 0.0681511 0.107158 9.9955E-05 9.9955E-05 0.453539 9.9955E-05 9.9955E-05 9.9955E-05
0.124558 0.0711155 0.0116096 9.9982E-05 0.057478 0.0251915 0.496247 0.0195956 0.194005 9.9982E-05
0.16666 0.0499684 9.9955E-05 9.9955E-05 9.9955E-05 0.0139264 0.397694 9.9955E-05 0.371252 9.9955E-05
0.0476905 0.176411 0.209059 9.9973E-05 0.0466788 9.9973E-05 0.101432 0.0052042 0.413225 9.9973E-05
0.220175 0.0422314 0.0266839 0.0397194 0.0449829 0.0408399 0.508617 0.0754148 9.9991E-05 0.00123547
0.234516 9.9955E-05 0.0156045 9.9955E-05 9.9955E-05 9.9955E-05 0.591904 0.00961911 0.147857 9.9955E-05
0.208429 9.9964E-05 0.0330405 0.0856932 9.9964E-05 9.9964E-05 0.487268 9.9964E-05 0.145428 0.0397406
0.538272 9.9946E-05 9.9946E-05 9.9946E-05 0.102496 9.9946E-05 0.298488 0.0601445 9.9946E-05 9.9946E-05
0.223687 9.9973E-05 0.0673551 9.9973E-05 9.9973E-05 0.0142495 0.61891 0.0237194 0.0220843 0.029695
0.340354 0.0736622 0.0914541 9.9964E-05 0.0222207 9.9964E-05 0.391018 9.9964E-05 0.0808909 9.9964E-05
0.761284 9.99461E-05 9.99461E-05 0.116813 0.0147146 9.99461E-05 9.99461E-05 9.99461E-05 0.106589 9.99461E-05
0.14533 0.0345977 0.0296482 9.9982E-05 0.0881091 0.055439 0.424622 0.0519015 0.170153 9.9982E-05
0.540336 0.0184271 0.00383344 0.106527 9.9973E-05 9.9973E-05 0.224557 9.9973E-05 0.0196931 0.0863262
0.401283 9.9955E-05 0.0579919 9.9955E-05 9.9955E-05 9.9955E-05 0.447695 0.019804 0.0727262 9.9955E-05
0.613341 0.0797909 0.0700826 0.0502659 9.9973E-05 0.0467742 0.0609988 9.9973E-05 0.0784469 9.9973E-05
9.9955E-05 9.9955E-05 0.802905 9.9955E-05 0.11613 0.0584484 9.9955E-05 9.9955E-05 0.0101923 0.0118248
9.9955E-05 9.9955E-05 0.808978 0.00609545 0.140269 0.0315321 0.0126259 9.9955E-05 9.9955E-05 9.9955E-05
9.9937E-05 9.9937E-05 0.903236 0.0324242 0.0636406 9.9937E-05 9.9937E-05 9.9937E-05 9.9937E-05 9.9937E-05
0.0126869 9.9955E-05 0.822774 0.0696347 0.0574925 0.0369123 9.9955E-05 9.9955E-05 9.9955E-05 9.9955E-05
0.00158098 0.00794043 0.783201 0.022262 0.0585705 9.9982E-05 0.0576474 0.0286258 0.0399723 9.9982E-05
9.9955E-05 9.9955E-05 0.862787 9.9955E-05 0.0246837 9.9955E-05 0.0697016 0.00211363 9.9955E-05 0.0402142
9.9955E-05 0.0290234 9.9955E-05 9.9955E-05 9.9955E-05 0.811135 0.095505 0.0477662 9.9955E-05 0.0160708
9.9973E-05 0.0440025 0.022267 9.9973E-05 9.9973E-05 0.771186 0.0423702 0.0728906 0.0313976 0.0155863
9.9955E-05 0.0580185 9.9955E-05 9.9955E-05 9.9955E-05 0.692385 0.0948979 0.122747 9.9955E-05 0.0314519
9.9964E-05 0.112952 0.0338186 9.9964E-05 9.9964E-05 0.689761 0.0457321 0.109941 9.9964E-05 0.00739554
9.9964E-05 0.017242 0.0469565 9.9964E-05 9.9964E-05 0.724984 0.0800448 0.0474764 9.9964E-05 0.0828961
0.0750836 9.9955E-05 0.493762 9.9955E-05 9.9955E-05 0.318041 9.9955E-05 9.9955E-05 0.059485 0.053129
0.0678123 9.9964E-05 0.377769 0.0743354 9.9964E-05 0.367476 9.9964E-05 9.9964E-05 0.0174703 0.0947374
0.0788763 9.9964E-05 0.453953 0.0489108 9.9964E-05 0.370318 9.9964E-05 0.0115905 9.9964E-05 0.0359519
9.9955E-05 0.0132959 9.9955E-05 9.9955E-05 9.9955E-05 0.789772 0.148846 0.0122114 0.0353754 9.9955E-05
0.0900612 9.9955E-05 0.520514 9.9955E-05 9.9955E-05 0.247889 9.9955E-05 0.0333811 9.9955E-05 0.107655
9.9964E-05 0.0517633 9.9964E-05 0.0268171 9.9964E-05 0.0878886 0.306725 0.237938 9.9964E-05 0.288469
0.0171003 0.0223562 0.0251607 0.0546515 9.9982E-05 0.0645329 0.556685 0.207167 9.9982E-05 0.0521459
9.99461E-05 0.0420144 9.99461E-05 9.99461E-05 9.99461E-05 0.165626 0.569777 0.221983 9.99461E-05 9.99461E-05
0.0407759 0.00350198 0.0707075 0.0399648 0.021006 0.148214 0.314598 0.203585 9.9991E-05 0.157547
9.9982E-05 0.129369 0.0428365 9.9982E-05 0.0570191 0.0912172 0.554753 0.0687717 0.00156695 0.0542671
9.9955E-05 9.9955E-05 9.9955E-05 9.9955E-05 0.0658348 0.32093 9.9955E-05 0.212513 0.0685687 0.331654
0.00230321 0.13276 0.11427 0.00377926 0.0134109 9.9973E-05 0.398562 9.9973E-05 0.334614 9.9973E-05
0.145138 0.00654073 0.000733505 0.12119 0.0672482 9.9982E-05 0.27177 9.9982E-05 0.309858 0.0773224
9.9964E-05 0.305322 0.108064 9.9964E-05 9.9964E-05 0.0645106 0.0982483 0.0157319 0.407724 9.9964E-05
0.160499 0.0279893 0.0400447 0.186674 0.0390301 9.9982E-05 0.39809 9.9982E-05 0.145065 0.00240713
0.304983 9.9964E-05 0.00763445 0.26598 0.0137605 9.9964E-05 9.9964E-05 9.9964E-05 0.255532 0.15171
0.00249875 0.174508 0.0656032 0.0514749 0.0518487 0.0173885 0.539927 9.9991E-05 0.0290042 0.067647
9.9973E-05 0.253642 0.0101059 0.0910907 0.0549536 9.9973E-05 0.428506 9.9973E-05 0.14869 0.0127116
0.074376 0.251176 0.0626566 0.0514639 9.9982E-05 0.0264309 0.215061 9.9982E-05 0.312839 0.00579696
0.0548102 0.0955307 0.0355132 0.0712701 9.9991E-05 0.0330163 0.402147 0.0591943 0.21728 0.0311386
0.150538 0.186664 9.9964E-05 0.0179631 0.159745 9.9964E-05 9.9964E-05 9.9964E-05 0.382284 0.102406
0.0539817 0.0833457 0.0683458 0.0599364 0.120222 9.9991E-05 0.42669 0.000804685 0.164478 0.0220965
0.153306 0.0873875 0.111472 9.9982E-05 0.00280425 9.9982E-05 0.338986 0.094617 0.179987 0.0312404
0.139032 0.0386879 0.0549288 9.9982E-05 9.9982E-05 0.0502122 0.34624 0.183133 0.0956463 0.0919188
0.0230374 0.0777688 0.0716184 0.204135 0.0225577 9.9982E-05 0.25108 9.9982E-05 0.309423 0.0401801
0.0095039 0.115625 0.184256 0.0627809 0.0216715 9.9991E-05 0.439443 0.00566511 0.108191 0.0527635
9.9973E-05 0.0226131 9.9973E-05 0.135439 0.0702139 9.9973E-05 0.418878 0.0625056 0.203734 0.086316
0.10744 0.0827683 0.0740626 0.0541492 0.0511198 9.9982E-05 0.474239 9.9982E-05 0.143793 0.0122272
0.077173 9.9982E-05 0.00172001 0.0194065 0.00294954 0.0316536 0.574045 0.0981964 0.194656 9.9982E-05
0.0345155 0.0513012 0.043111 0.0563972 0.0296314 0.0899236 0.432295 0.141185 0.0942177 0.0274224
0.0303196 0.0619521 0.0376904 9.9982E-05 0.0365815 0.0348435 0.611164 9.9982E-05 0.144276 0.0429737
9.9946E-05 9.9946E-05 9.9946E-05 9.9946E-05 0.0445022 0.755154 0.102578 0.0971658 9.9946E-05 9.9946E-05
9.9955E-05 9.9955E-05 9.9955E-05 0.0412535 0.0138984 0.832073 0.0825403 0.0297345 9.9955E-05 9.9955E-05
9.9973E-05 9.9973E-05 0.00533457 0.0634473 0.0832746 0.714262 0.0804888 9.9973E-05 0.0211894 0.031703
0.0666327 9.9964E-05 0.00586139 0.0394568 9.9964E-05 0.784331 9.9964E-05 0.0652813 0.0380373 9.9964E-05
9.9937E-05 9.9937E-05 9.9937E-05 9.9937E-05 0.0178393 0.814286 0.167176 9.9937E-05 9.9937E-05 9.9937E-05
9.9964E-05 0.215782 0.0166971 9.9964E-05 9.9964E-05 9.9964E-05 0.0831354 0.0185031 0.636188 0.0292945
9.9964E-05 9.9964E-05 9.9964E-05 0.10612 0.0204767 0.0706842 0.49221 0.0643876 0.245722 9.9964E-05
0.0848409 9.9982E-05 0.0727468 0.0313163 0.0022632 0.112501 0.441137 0.057599 9.9982E-05 0.197395
9.9955E-05 0.0557675 9.9955E-05 9.9955E-05 9.9955E-05 9.9955E-05 0.65973 0.0271752 0.241242 0.0155858
0.0168925 9.9964E-05 0.0697719 0.0777881 9.9964E-05 0.0139524 0.498393 9.9964E-05 0.322803 9.9964E-05
9.9982E-05 0.0742138 0.078966 0.0586543 0.151494 9.9982E-05 0.110997 0.101334 0.413087 0.0110534
9.9928E-05 9.9928E-05 9.9928E-05 9.9928E-05 9.9928E-05 0.144531 9.9928E-05 9.9928E-05 0.85467 9.9928E-05
0.0376387 9.9964E-05 0.110519 0.0929097 9.9964E-05 9.9964E-05 0.403453 0.0517681 0.303312 9.9964E-05
0.00175506 0.152734 0.220295 0.131063 0.0228449 0.0825307 0.0840812 0.0199466 0.284648 9.9991E-05
0.0433898 0.0672334 0.067701 0.119682 0.0876562 9.9982E-05 0.374543 9.9982E-05 0.15539 0.0842048
0.00757489 0.0247989 0.00126757 9.9973E-05 9.9973E-05 0.168916 0.00304461 0.00411165 0.789986 9.9973E-05
0.00651632 0.0729737 9.9964E-05 9.9964E-05 9.9964E-05 0.0500946 0.462342 0.105972 0.301701 9.9964E-05
9.9973E-05 0.247929 0.00520552 0.00856613 0.0228214 0.0977557 0.0646207 9.9973E-05 0.552802 9.9973E-05
9.9973E-05 0.00168921 9.9973E-05 0.01958 0.101262 0.0420287 0.275342 0.0162098 0.543588 9.9973E-05
0.00430124 0.182393 0.117378 0.0755423 0.150337 9.9973E-05 0.462986 0.0067635 9.9973E-05 9.9973E-05
9.9964E-05 0.0508156 9.9964E-05 0.0392609 0.643928 9.9964E-05 0.150488 0.000799223 0.114308 9.9964E-05
0.0983275 9.9964E-05 0.0193723 9.9964E-05 0.246635 0.0762509 0.473053 9.9964E-05 0.0859615 9.9964E-05
0.0100555 0.0553461 0.0246278 0.112155 0.218317 0.0213299 0.442377 9.9991E-05 0.0307456 0.0849467
0.017433 0.0535866 0.0964655 0.0339516 0.529942 9.9973E-05 0.268192 9.9973E-05 9.9973E-05 0.000129517
9.9982E-05 0.0540319 0.0213145 0.014734 0.24526 0.0805821 0.412801 0.0633198 0.107757 9.9982E-05
0.102319 9.9955E-05 0.064208 0.104246 0.228451 9.9955E-05 0.500276 9.9955E-05 9.9955E-05 9.9955E-05
0.0345645 9.9946E-05 9.9946E-05 0.158552 0.726569 9.9946E-05 9.9946E-05 9.9946E-05 0.079715 9.9946E-05
0.0365691 0.0649397 0.0560208 0.0709918 0.562535 9.9973E-05 0.127412 9.9973E-05 9.9973E-05 0.0812321
0.0406383 0.0274338 0.0441864 0.0843523 0.382308 9.9991E-05 0.377627 0.00833127 0.0169684 0.0180544
0.154058 0.0500298 0.0922042 0.0169595 0.609024 9.9973E-05 0.0618527 9.9973E-05 0.0155714 9.9973E-05
0.0558484 0.070475 0.0183485 9.9973E-05 0.377954 9.9973E-05 0.396101 9.9973E-05 0.069679 0.0112947
0.00628164 0.0946458 0.0784588 9.9973E-05 9.9973E-05 0.0466932 0.0153828 0.0242851 0.733953 9.9973E-05
0.0278624 9.9955E-05 9.9955E-05 0.157551 0.0543053 9.9955E-05 0.158296 9.9955E-05 0.601486 9.9955E-05
9.9964E-05 0.0710716 0.0724116 0.0699272 9.9964E-05 9.9964E-05 0.295807 0.04718 0.443203 9.9964E-05
9.9964E-05 0.0279348 0.0968391 0.0488123 9.9964E-05 9.9964E-05 0.625644 9.9964E-05 0.125618 0.0747519
0.113335 0.168799 0.174675 9.9964E-05 9.9964E-05 9.9964E-05 0.112499 0.00881768 0.421475 9.9964E-05
0.0362703 9.9973E-05 0.0650824 0.11347 9.9973E-05 9.9973E-05 0.567213 0.0198105 0.0840508 0.113803
0.0121994 9.9991E-05 0.0954721 0.0652016 0.00718636 0.00677301 0.56994 0.036556 0.186857 0.0197152
0.0517045 0.0931085 0.0988673 0.0508551 9.9973E-05 9.9973E-05 0.397345 9.9973E-05 0.212267 0.0955519
9.9964E-05 9.9964E-05 0.0306044 9.9964E-05 9.9964E-05 0.00147091 0.464193 0.0479193 0.430391 0.0250207
0.0942915 0.034461 0.0962973 9.9982E-05 0.0106649 0.0566345 0.392426 0.027623 0.287402 9.9982E-05
0.0755714 0.120959 0.142063 9.9964E-05 9.9964E-05 9.9964E-05 0.124062 0.051804 0.485141 9.9964E-05
0.0443115 0.00121508 0.20281 0.054602 9.9973E-05 9.9973E-05 0.260433 0.0842181 0.35211 9.9973E-05
9.9937E-05 9.9937E-05 9.9937E-05 0.0666638 9.9937E-05 9.9937E-05 0.581399 9.9937E-05 0.351238 9.9937E-05
9.9955E-05 9.9955E-05 0.029236 0.0313664 9.9955E-05 9.9955E-05 0.611113 9.9955E-05 0.281112 0.0466729
0.0464114 9.9973E-05 0.14197 0.0455196 9.9973E-05 0.0647443 0.409952 9.9973E-05 0.250607 0.040496
9.9964E-05 9.9964E-05 0.0751788 0.0758725 9.9964E-05 9.9964E-05 0.524672 0.0159069 0.180712 0.127258
9.9973E-05 9.9973E-05 0.0993383 9.9973E-05 0.0608738 0.0172634 0.235412 0.0574603 0.503655 0.0256967
0.079346 0.0394151 0.0771378 0.0536769 9.9973E-05 9.9973E-05 0.559353 9.9973E-05 0.15498 0.0357907
9.9982E-05 0.0190405 0.105702 0.0840687 0.0858563 0.0242256 0.401104 0.0524771 0.227325 9.9982E-05
0.018192 9.9982E-05 0.00721907 0.0345998 0.00719899 0.0778562 0.419982 0.114022 0.32073 9.9982E-05
0.0137301 0.122792 9.9973E-05 9.9973E-05 0.0421975 0.311663 0.347438 0.12067 9.9973E-05 0.0412101
0.120144 9.9973E-05 9.9973E-05 0.0614879 0.038906 0.141783 0.374849 0.161608 9.9973E-05 0.100922
0.0809166 9.9973E-05 0.07341 9.9973E-05 0.0973529 0.138206 0.49872 0.0557768 9.9973E-05 0.0553177
9.9982E-05 0.106788 0.108085 0.0330664 0.0232316 0.0536252 0.554488 0.0523849 9.9982E-05 0.0681309
9.9973E-05 0.0589766 9.9973E-05 0.0363629 9.9973E-05 0.14591 0.412854 0.18823 0.132191 0.0251743
9.9964E-05 0.00407446 9.9964E-05 0.136651 0.172569 9.9964E-05 0.318456 0.0668516 0.300999 9.9964E-05
0.0411259 0.0563158 0.00345333 0.00230476 0.00647486 0.165226 0.588323 0.0440211 9.9991E-05 0.0926551
0.0548436 0.103468 9.9982E-05 0.0179423 0.278232 0.102113 9.9982E-05 0.0610891 0.0334153 0.348697
9.9982E-05 0.0710672 9.9982E-05 0.0044628 0.038731 0.013018 0.405957 0.155508 0.116922 0.194134
0.0451439 9.9973E-05 9.9973E-05 0.0128382 9.9973E-05 0.0352893 0.547192 0.133869 0.089959 0.135408
0.0727481 0.0704464 9.9991E-05 0.114781 0.00696626 0.00913736 0.397694 0.193938 0.0384017 0.0957866
0.0571165 0.0421865 0.0932797 0.0608025 0.00257377 0.0602279 0.389767 0.0345322 0.0229839 0.23653
9.9964E-05 0.0238257 0.0190562 9.9964E-05 9.9964E-05 0.168818 0.617214 0.082298 9.9964E-05 0.0883881
9.9964E-05 9.9964E-05 9.9964E-05 0.0542718 9.9964E-05 0.0865789 0.527304 0.137599 0.122601 0.0712455
0.0469356 9.9964E-05 9.9964E-05 0.0119247 9.9964E-05 0.296736 9.9964E-05 0.125686 0.0489397 0.469378
9.9964E-05 9.9964E-05 9.9964E-05 9.9964E-05 0.070722 0.122834 0.284576 0.274482 0.195413 0.051574
9.9973E-05 0.0689048 0.0286066 9.9973E-05 0.0629789 0.141233 0.460279 0.153567 9.9973E-05 0.0841308
0.0120939 0.0905654 9.9991E-05 0.057171 0.0334699 0.0327696 0.488512 0.165783 0.0499573 0.0695784
9.9964E-05 9.9964E-05 9.9964E-05 9.9964E-05 0.0187792 0.191809 0.471762 0.130492 0.108652 0.0781056
0.0257355 9.9973E-05 9.9973E-05 0.0585978 0.107404 0.172946 0.48843 0.0737416 9.9973E-05 0.072844
0.103518 0.0715328 9.9973E-05 0.34702 9.9973E-05 0.0211935 0.384964 0.0323416 0.0391307 9.9973E-05
9.9964E-05 0.0185436 0.115201 0.33979 9.9964E-05 0.0594461 0.400218 0.0664012 9.9964E-05 9.9964E-05
0.144008 0.00575781 9.9955E-05 0.747501 0.0563844 9.9955E-05 9.9955E-05 9.9955E-05 0.045849 9.9955E-05
9.9937E-05 9.9937E-05 0.0306505 0.88823 9.9937E-05 9.9937E-05 9.9937E-05 9.9937E-05 0.0804198 9.9937E-05
0.0303433 9.9973E-05 9.9973E-05 0.439009 0.0026112 9.9973E-05 0.330674 0.107771 0.056414 0.0328774
9.9982E-05 0.0303379 9.9982E-05 0.103961 0.0046004 0.0464435 0.371871 0.238564 0.00409838 0.199925
9.9955E-05 9.9955E-05 9.9955E-05 0.238778 9.9955E-05 0.00630613 0.297271 0.303908 9.9955E-05 0.153237
9.9973E-05 0.108632 9.9973E-05 0.172633 0.0402315 0.0731044 0.136306 0.24163 9.9973E-05 0.227163
9.9964E-05 0.10592 9.9964E-05 0.0805035 9.9964E-05 0.0972737 0.389974 0.118338 9.9964E-05 0.20759
9.9955E-05 9.9955E-05 9.9955E-05 0.664419 9.9955E-05 0.00590618 0.0916966 9.9955E-05 0.00982432 0.227654
9.9946E-05 9.9946E-05 9.9946E-05 0.624223 9.9946E-05 9.9946E-05 0.116416 0.028052 9.9946E-05 0.230709
9.9975E-05 0.0705856 9.9975E-05 0.313636 0.00902078 0.00789015 0.546216 0.0325501 9.9975E-05 0.0198008
9.9955E-05 0.0348377 9.9955E-05 0.446804 9.9955E-05 0.051562 0.392068 0.0742282 9.9955E-05 9.9955E-05
9.9955E-05 9.9955E-05 9.9955E-05 0.67956 9.9955E-05 0.0435255 0.146592 0.0750236 9.9955E-05 0.0547986
9.9964E-05 0.0743411 9.9964E-05 0.286895 9.9964E-05 0.052456 0.509278 0.0390484 0.0375815 9.9964E-05
0.00516733 9.9973E-05 9.9973E-05 0.28062 0.0223175 0.0459386 0.413391 0.142022 0.0902433 9.9973E-05
9.9973E-05 0.0824467 0.00974438 0.213935 9.9973E-05 0.00495369 0.481733 0.0892218 9.9973E-05 0.117665
9.9946E-05 0.105031 0.00989505 0.606943 9.9946E-05 9.9946E-05 0.277532 9.9946E-05 9.9946E-05 9.9946E-05
9.99549E-05 0.117431 9.99549E-05 0.453805 0.0474796 9.99549E-05 0.318735 9.99549E-05 0.0620501 9.99549E-05
0.0601369 9.9964E-05 0.0550478 0.315492 0.0290735 0.0433675 0.496482 9.9964E-05 9.9964E-05 9.9964E-05
9.9964E-05 9.9964E-05 0.029121 0.440495 0.120109 0.0468714 0.352138 0.0108661 9.9964E-05 9.9964E-05
0.119369 0.046499 0.1071 0.0755826 0.0884942 0.0652503 0.414858 0.0810428 9.9991E-05 0.0017046
9.9955E-05 0.010545 9.9955E-05 0.488193 0.0918883 9.9955E-05 0.380601 9.9955E-05 0.0282721 9.9955E-05
9.9946E-05 9.9946E-05 0.0968487 0.754575 9.9946E-05 9.9946E-05 0.127671 9.9946E-05 0.020305 9.9946E-05
0.0241869 9.9964E-05 9.9964E-05 0.301283 0.0149592 0.00956959 0.562742 9.9964E-05 9.9964E-05 0.0868593
0.0439512 0.00495218 9.9955E-05 0.728864 9.9955E-05 9.9955E-05 0.160848 9.9955E-05 0.060885 9.9955E-05
9.9955E-05 0.0155506 0.0218131 0.597638 9.9955E-05 0.0107478 0.353751 9.9955E-05 9.9955E-05 9.9955E-05
9.9973E-05 0.102006 0.0103719 0.251936 9.9973E-05 0.0542855 0.546951 9.9973E-05 0.0173055 0.0168449
0.0481706 9.9964E-05 9.9964E-05 0.341449 9.9964E-05 9.9964E-05 0.478364 0.0271153 0.0977931 0.00670868
0.0037038 0.0596024 9.9991E-05 0.080121 0.0578864 0.133329 0.321943 0.184329 0.0826972 0.0762882
9.9973E-05 0.208164 0.0502018 0.0818066 0.0632662 0.0863697 0.352766 0.157126 9.9973E-05 9.9973E-05
0.0124537 0.0217965 0.0600079 0.0907778 0.0179391 0.0897305 0.379533 0.181582 9.9991E-05 0.146079
9.9991E-05 0.0180786 0.123773 0.0129058 0.0976438 0.123591 0.231251 0.230339 0.139282 0.0230347
0.000396265 0.0538677 0.0904686 0.112188 9.9982E-05 0.108033 0.509115 0.000633685 9.9982E-05 0.125098
0.0434366 9.9982E-05 0.094679 0.139377 0.00863871 0.00482267 0.38607 0.137858 9.9982E-05 0.184918
9.9964E-05 9.9964E-05 0.000970666 0.620024 0.0195337 0.147042 9.9964E-05 0.0992354 9.9964E-05 0.112794
9.9973E-05 9.9973E-05 0.0408402 0.120717 0.00879968 0.0871162 0.604891 0.112572 9.9973E-05 0.0247636
9.9946E-05 9.9946E-05 9.9946E-05 0.453721 9.9946E-05 0.310053 9.9946E-05 0.0548291 9.9946E-05 0.180797
9.9964E-05 0.00395104 9.9964E-05 0.32336 9.9964E-05 0.0205511 0.496166 0.117566 9.9964E-05 0.0380055
0.155982 9.9937E-05 9.9937E-05 0.824767 9.9937E-05 9.9937E-05 0.0185512 9.9937E-05 9.9937E-05 9.9937E-05
0.092704 0.00670668 9.9955E-05 0.82605 0.0301862 9.9955E-05 9.9955E-05 9.9955E-05 0.0438539 9.9955E-05
