0.082786 0.917114 9.9991E-05
0.0235004 0.9764 9.9991E-05
0.152089 0.847811 9.9991E-05
0.169971 0.804059 0.0259704
0.134075 0.865825 9.9991E-05
0.127927 0.670777 0.201296
0.0601406 0.881116 0.0587436
0.0911448 0.791758 0.117097
9.9991E-05 0.904516 0.0953845
0.19107 0.758391 0.0505392
0.0528882 0.802191 0.144921
0.166659 0.0911023 0.742238
0.352381 9.9991E-05 0.647519
0.166512 0.163771 0.669717
0.32728 0.109597 0.563123
0.286418 0.16339 0.550191
0.467523 9.9991E-05 0.532377
0.309359 0.041112 0.649529
0.235953 0.22006 0.543987
9.9991E-05 0.232068 0.767832
0.304698 0.100912 0.59439
0.31339 0.073926 0.612684
0.380774 0.0265719 0.592654
0.270282 0.0665069 0.663211
0.48996 0.0296877 0.480353
0.365866 0.0506598 0.583474
0.161103 0.142947 0.69595
0.267111 0.14711 0.585779
0.130878 0.091329 0.777793
0.18769 0.81221 9.9991E-05
0.164525 0.835375 9.9991E-05
0.172784 0.792842 0.0343743
0.244546 0.755355 9.9991E-05
0.338406 0.0263787 0.635215
0.384649 0.100912 0.514439
0.404448 0.00310316 0.592448
0.0398411 0.234798 0.725361
0.242599 0.0124627 0.744938
0.389994 0.0373903 0.572616
0.484918 9.9991E-05 0.514982
0.306149 0.114868 0.578982
0.476366 0.0253674 0.498266
0.0305595 0.0577433 0.911697
0.43198 0.06772 0.5003
0.503805 9.9991E-05 0.496095
0.382912 0.116788 0.5003
0.240287 9.9991E-05 0.759613
0.473744 9.9991E-05 0.526156
0.395021 0.0640784 0.540901
9.9991E-05 0.165265 0.834635
0.0479628 0.0940012 0.858036
0.0496953 0.142165 0.80814
0.444293 9.9991E-05 0.555607
0.403041 0.0820786 0.51488
0.450565 9.9991E-05 0.549335
0.0406493 0.216466 0.742885
0.333253 0.00341158 0.663335
0.420856 0.0863034 0.49284
0.189501 0.177461 0.633038
0.0469216 0.342104 0.610975
0.340128 0.0426986 0.617173
0.334042 0.107818 0.55814
9.9991E-05 0.192321 0.807579
0.358446 0.000485968 0.641068
0.492739 9.9991E-05 0.507161
0.374599 0.112776 0.512625
0.156943 0.107585 0.735472
0.302463 0.0768425 0.620695
0.422834 0.0604598 0.516706
0.0209212 0.13888 0.840199
0.331997 9.9991E-05 0.667903
0.119867 0.0167426 0.86339
0.411928 0.0469699 0.541102
9.9991E-05 0.0183272 0.981573
9.9991E-05 0.0319818 0.967918
0.208972 9.9991E-05 0.790928
0.305205 9.9991E-05 0.694695
0.413007 0.0903649 0.496628
0.300472 9.9991E-05 0.699428
0.105805 0.082244 0.811951
0.0941158 0.0711473 0.834737
0.459251 0.0388358 0.501913
0.215882 9.9991E-05 0.784018
0.236229 0.00218164 0.76159
0.240158 9.9991E-05 0.759742
9.9991E-05 0.0505631 0.949337
0.392972 9.9991E-05 0.606928
0.139021 0.860879 9.9991E-05
0.0765014 0.923399 9.9991E-05
0.15877 0.841131 9.9991E-05
0.129342 0.870558 9.9991E-05
0.114152 0.873564 0.0122838
0.10396 0.89594 9.9991E-05
0.111135 0.888765 9.9991E-05
0.369964 0.0504858 0.579551
0.368965 0.06041 0.570625
9.9991E-05 0.0533037 0.946596
0.450599 0.0850344 0.464366
0.301905 9.9991E-05 0.697995
0.402753 0.0196119 0.577636
0.388255 9.9991E-05 0.611645
0.344344 9.9991E-05 0.655556
9.9991E-05 0.110371 0.889529
0.370561 0.111769 0.51767
0.407253 0.0856648 0.507082
0.37931 0.0666976 0.553992
0.17185 9.9991E-05 0.82805
0.386588 9.9991E-05 0.613312
0.28837 9.9991E-05 0.71153
0.267755 9.9991E-05 0.732145
0.288113 0.000573692 0.711314
0.347448 0.0229502 0.629602
0.145775 0.144285 0.70994
0.314993 0.120294 0.564713
0.361399 0.0444101 0.594191
0.44411 9.9991E-05 0.55579
0.261495 0.038441 0.700064
0.341479 9.9991E-05 0.658421
0.25297 0.0439657 0.703064
0.331994 0.11854 0.549466
0.405245 0.00313841 0.591617
0.307199 0.0356052 0.657196
0.254949 0.0219636 0.723087
0.479836 0.0077458 0.512418
0.405003 0.0624698 0.532527
0.441095 9.9991E-05 0.558805
0.45729 0.0554953 0.487215
0.411722 9.9991E-05 0.588178
0.254596 0.159915 0.585489
0.482479 0.0205738 0.496947
0.455851 0.0653058 0.478843
0.2147 0.079955 0.705345
0.115254 0.114125 0.770621
0.417427 0.0408415 0.541731
0.0664017 0.0401601 0.893438
0.114666 0.109605 0.775729
0.241071 9.9991E-05 0.758829
0.113118 0.114616 0.772267
0.121068 0.103617 0.775315
0.42144 0.0180983 0.560462
0.401651 0.135317 0.463031
0.42961 9.9991E-05 0.57029
0.0953043 0.118028 0.786667
0.29134 0.138437 0.570224
0.303094 0.0891199 0.607787
9.9991E-05 0.2826 0.7173
0.470164 0.0310043 0.498831
0.218076 0.112442 0.669482
0.36483 0.139027 0.496143
0.109672 0.184729 0.705599
0.0795306 0.162307 0.758162
0.240981 0.0335397 0.725479
0.402373 0.0614635 0.536163
0.347675 0.107207 0.545118
0.121836 0.198691 0.679473
0.486888 0.00282858 0.510284
0.17401 9.9991E-05 0.82589
0.278114 9.9991E-05 0.721786
0.424257 0.0666914 0.509051
0.389496 0.401112 0.209392
0.161188 0.757115 0.0816977
0.15392 0.69428 0.1518
0.394623 0.483126 0.122251
0.398324 9.9991E-05 0.601576
0.403484 0.0925319 0.503984
0.883525 0.11043 0.00604504
0.626449 0.0672464 0.306304
0.607719 0.120654 0.271627
0.199962 0.0723922 0.727645
0.376956 0.0791887 0.543855
0.14089 0.0942955 0.764814
0.374943 9.9991E-05 0.624957
0.287719 0.0340476 0.678233
0.432561 9.9991E-05 0.567339
0.0889485 0.0745131 0.836538
0.420748 0.0122627 0.56699
0.436463 9.9991E-05 0.563437
0.925571 0.0743289 9.9991E-05
0.944751 0.0551487 9.9991E-05
0.751155 0.0944444 0.154401
0.862297 0.0749482 0.0627547
0.886777 0.0683065 0.0449162
0.921052 0.0788482 9.9991E-05
0.88095 0.11895 9.9991E-05
0.983948 0.0159519 9.9991E-05
0.944413 0.0554867 9.9991E-05
0.922532 0.0773676 9.9991E-05
0.911564 0.0883358 9.9991E-05
0.872734 0.127166 9.9991E-05
0.83213 0.16777 9.9991E-05
0.903268 0.0966324 9.9991E-05
0.606841 0.151691 0.241469
0.797138 0.116186 0.086676
0.813073 0.186827 9.9991E-05
0.893526 0.106374 9.9991E-05
0.942187 0.0577135 9.9991E-05
0.876396 0.123504 9.9991E-05
0.889269 0.110631 9.9991E-05
0.759641 0.0930383 0.147321
0.877164 0.122736 9.9991E-05
0.0331169 0.495399 0.471484
0.322649 0.217084 0.460268
0.354492 0.239864 0.405644
0.203475 0.337746 0.458779
0.35605 0.154921 0.489029
0.255663 0.3673 0.377037
0.351764 0.20266 0.445576
0.379955 0.225476 0.39457
0.459455 0.0886798 0.451865
0.458113 0.187291 0.354597
0.373004 0.113819 0.513177
0.053223 0.871419 0.0753581
0.0760833 0.923817 9.9991E-05
9.999E-05 0.9998 9.999E-05
0.0480837 0.951816 9.9991E-05
0.0858915 0.914009 9.9991E-05
0.0988731 0.901027 9.9991E-05
0.129024 0.870876 9.9991E-05
0.0725035 0.926741 0.00075552
0.0893348 0.910565 9.9991E-05
0.136471 0.863429 9.9991E-05
9.9991E-05 0.729608 0.270292
9.9991E-05 0.702258 0.297642
9.9991E-05 0.632338 0.367562
9.9991E-05 0.562609 0.437291
0.277801 0.0111472 0.711052
0.390911 0.00178462 0.607304
0.35397 0.0323387 0.613692
0.257951 0.0288873 0.713162
0.0557938 0.100843 0.843363
0.428665 9.9991E-05 0.571235
0.322623 9.9991E-05 0.677277
0.329921 9.9991E-05 0.669979
0.278241 9.9991E-05 0.721659
0.412669 0.0268622 0.560469
0.248582 0.014813 0.736605
9.9991E-05 0.0261924 0.973708
0.325979 0.0578467 0.616174
0.145439 0.00557611 0.848985
0.320538 9.9991E-05 0.679362
0.0457041 0.0755014 0.878795
9.9991E-05 0.286952 0.712948
9.9991E-05 0.270439 0.729461
9.9991E-05 0.285407 0.714493
9.9991E-05 0.268591 0.731309
9.9991E-05 0.225906 0.773994
9.9991E-05 0.282262 0.717638
0.160889 0.839011 9.9991E-05
0.151197 0.848704 9.9991E-05
0.264069 0.735831 9.9991E-05
0.196098 0.803802 9.9991E-05
0.177805 0.822095 9.9991E-05
9.9991E-05 0.553824 0.446076
9.9991E-05 0.5796 0.4203
9.9991E-05 0.589176 0.410724
0.17618 0.82372 9.9991E-05
9.9991E-05 0.516232 0.483668
0.580417 0.281578 0.138005
0.59168 0.0817373 0.326582
0.737179 0.142363 0.120458
0.459805 0.285869 0.254326
0.512664 0.0790093 0.408327
0.346382 0.597458 0.0561602
0.194276 0.0436196 0.762104
0.232723 0.0259341 0.741343
0.116529 0.167659 0.715812
0.274616 9.9991E-05 0.725284
9.9991E-05 0.0857205 0.91418
0.371442 0.0947537 0.533804
0.344473 0.00976813 0.645759
0.0863435 0.094229 0.819427
0.347989 0.103173 0.548839
0.00369964 0.097387 0.898913
0.328242 9.9991E-05 0.671658
0.34919 9.9991E-05 0.65071
0.443286 0.148278 0.408436
0.213687 9.9991E-05 0.786213
0.28887 0.0482475 0.662882
0.367919 9.9991E-05 0.631981
0.288676 9.9991E-05 0.711224
0.438862 9.9991E-05 0.561038
0.441061 0.0738041 0.485135
0.392394 0.0624789 0.545127
0.217876 0.782024 9.9991E-05
0.147782 0.824883 0.0273349
0.0885238 0.839375 0.0721014
0.109478 0.858311 0.0322108
0.157765 0.842135 9.9991E-05
0.0812433 0.131595 0.787162
0.346158 0.0903516 0.563491
0.510373 0.172922 0.316705
0.446953 9.9991E-05 0.552947
0.268678 0.0736312 0.65769
0.184825 0.132815 0.68236
9.9991E-05 0.294462 0.705438
0.3232 0.025908 0.650892
0.0588686 0.217185 0.723946
0.228521 0.06747 0.704009
0.0183805 0.276738 0.704881
0.443274 0.0899101 0.466816
0.0868324 0.191261 0.721907
0.191212 0.0885578 0.72023
0.419976 0.0507343 0.52929
0.140772 0.112935 0.746293
0.366405 0.0470468 0.586549
0.38987 0.0617341 0.548396
0.154675 0.0539487 0.791376
0.370992 0.0922683 0.53674
0.284143 0.0537991 0.662058
0.00574756 0.0489709 0.945282
0.160358 0.0348554 0.804787
0.276283 0.0418169 0.6819
9.9991E-05 0.107218 0.892682
0.204478 0.0429502 0.752572
0.0318696 0.158966 0.809164
0.120997 9.9991E-05 0.878903
0.232581 0.129506 0.637913
0.441326 9.9991E-05 0.558574
0.0964886 0.0578299 0.845682
0.455255 0.0444123 0.500332
0.410148 0.0155279 0.574324
0.400791 0.0101947 0.589014
0.411346 9.9991E-05 0.588554
0.311352 0.0455619 0.643086
0.159725 0.0193883 0.820887
0.315864 0.0223372 0.661799
0.385273 9.9991E-05 0.614627
0.410014 0.0447538 0.545232
0.271326 0.0703317 0.658342
0.406597 9.9991E-05 0.593303
0.209345 0.159024 0.631631
0.393685 9.9991E-05 0.606215
0.334004 0.0641717 0.601825
0.422465 0.0488086 0.528727
0.402734 0.356107 0.241159
0.51418 0.119302 0.366518
0.400048 0.113261 0.486691
0.550701 9.9991E-05 0.449199
0.540347 0.161991 0.297663
0.283835 9.9991E-05 0.716065
0.472673 0.174257 0.35307
0.180631 0.36829 0.451079
0.493443 0.108078 0.398479
0.46647 0.115681 0.417849
0.577255 0.077848 0.344897
0.344028 0.21499 0.440982
0.515521 0.197867 0.286611
0.539989 0.0951759 0.364835
0.182096 0.647615 0.170289
0.489388 0.141926 0.368686
0.564202 0.15208 0.283718
0.480783 0.117517 0.4017
0.550696 0.203095 0.246208
0.432279 0.125203 0.442518
0.264327 0.0415611 0.694112
0.375637 0.0599074 0.564455
9.9991E-05 0.0227648 0.977135
9.9991E-05 0.0747777 0.925122
0.430921 0.00294991 0.566129
0.629287 0.128824 0.241889
0.569088 0.12235 0.308562
0.3677 0.335999 0.296301
0.521709 0.216439 0.261853
0.176025 0.174205 0.64977
0.21558 0.201083 0.583336
0.444293 0.0100433 0.545664
0.416682 0.0417422 0.541576
0.285328 0.116919 0.597754
0.440174 0.0424661 0.51736
0.437746 0.0271521 0.535102
0.498498 0.0861476 0.415355
0.200308 0.0177788 0.781914
0.255026 9.9991E-05 0.744874
0.401658 0.00449805 0.593844
0.267135 0.0245468 0.708318
0.431065 9.9991E-05 0.568835
0.310075 9.9991E-05 0.689825
0.126357 0.0708527 0.80279
0.419699 9.9991E-05 0.580201
0.146426 9.9991E-05 0.853474
0.270313 0.0509865 0.6787
0.382672 0.0621981 0.55513
0.249866 9.9991E-05 0.750034
0.513976 0.107408 0.378616
0.40533 0.0757241 0.518946
0.437253 0.2235 0.339246
0.433211 0.197269 0.36952
0.462123 0.194936 0.342941
0.458339 0.160118 0.381542
0.106715 0.343306 0.549979
0.637071 0.0211871 0.341742
0.119455 0.555567 0.324978
0.598359 0.0271883 0.374453
0.0384492 0.0362006 0.92535
9.9991E-05 0.113674 0.886226
0.273128 9.9991E-05 0.726772
0.362752 9.9991E-05 0.637148
0.199825 9.9991E-05 0.800075
0.325749 9.9991E-05 0.674151
0.324654 9.9991E-05 0.675246
0.168137 0.815502 0.0163608
0.131232 0.800321 0.0684475
0.0904874 0.909413 9.9991E-05
0.0727428 0.927157 9.9991E-05
0.283331 0.0136094 0.703059
0.352976 0.0166948 0.63033
0.300102 9.9991E-05 0.699798
0.392956 0.0323516 0.574693
0.400033 0.068506 0.531461
0.122087 0.0294369 0.848476
0.385542 9.9991E-05 0.614358
0.162673 9.9991E-05 0.837227
0.491759 0.253905 0.254336
0.264901 9.9991E-05 0.734999
0.171109 9.9991E-05 0.828791
0.328008 9.9991E-05 0.671892
0.235834 9.9991E-05 0.764066
0.406106 9.9991E-05 0.593794
0.344882 9.9991E-05 0.655018
0.0479493 9.9991E-05 0.951951
0.196977 9.9991E-05 0.802923
0.210573 0.0165622 0.772865
9.999E-05 9.999E-05 0.9998
0.21664 9.9991E-05 0.78326
0.0717543 0.00188725 0.926358
9.9991E-05 0.0841213 0.915779
0.352794 9.9991E-05 0.647106
0.104703 0.0290923 0.866204
0.293425 9.9991E-05 0.706475
0.37871 0.130737 0.490553
0.30004 9.9991E-05 0.69986
0.267771 0.0187091 0.71352
0.39619 9.9991E-05 0.60371
0.312334 0.0211366 0.666529
0.178954 9.9991E-05 0.820946
0.426178 9.9991E-05 0.573722
9.9991E-05 0.749785 0.250115
0.0537387 0.818582 0.12768
9.9991E-05 0.897169 0.102731
9.9991E-05 0.892216 0.107684
9.9991E-05 0.804311 0.195589
0.0936105 0.0672239 0.839166
0.0642929 0.0608139 0.874893
0.122334 9.9991E-05 0.877566
0.4375 0.0656037 0.496896
0.434356 0.0637149 0.501929
0.228507 9.9991E-05 0.771393
0.446307 9.9991E-05 0.553593
0.312572 0.0281651 0.659263
0.336385 9.9991E-05 0.663515
0.429562 9.9991E-05 0.570338
0.126248 0.0235777 0.850174
0.201659 9.9991E-05 0.798241
0.19423 9.9991E-05 0.80567
0.394673 0.0758059 0.529521
0.165764 0.00775962 0.826476
0.34804 9.9991E-05 0.65186
0.696962 0.109444 0.193595
0.625327 0.184885 0.189788
0.682782 0.201416 0.115802
0.685799 0.240663 0.073538
0.657348 0.101642 0.24101
0.356883 0.000167101 0.64295
0.657294 0.342606 9.9991E-05
0.71644 0.163125 0.120435
0.404071 0.129456 0.466473
0.411285 0.0922532 0.496462
0.304758 0.156447 0.538795
0.394291 0.0718885 0.533821
0.373228 0.0423583 0.584414
0.741758 0.231535 0.026707
0.695821 0.0872806 0.216899
0.824802 0.0769358 0.0982623
0.534955 0.13925 0.325796
0.713705 0.138725 0.147571
0.60273 0.065799 0.331471
0.724054 0.220251 0.0556952
0.711785 0.0557808 0.232434
0.363667 0.0630502 0.573283
0.603887 0.244969 0.151144
0.770961 0.228939 9.9991E-05
0.604727 0.256599 0.138674
0.0930679 0.238465 0.668467
0.45889 9.9991E-05 0.54101
0.518532 0.201852 0.279616
0.477808 0.0457995 0.476393
0.28897 0.167898 0.543133
0.471019 0.21198 0.317001
0.544448 0.23493 0.220622
0.422835 0.104757 0.472407
0.699061 0.105399 0.19554
0.682413 0.148126 0.169461
0.73972 0.26018 9.9991E-05
0.49652 9.9991E-05 0.50338
0.284738 0.0961596 0.619102
0.151208 0.213647 0.635145
0.490998 0.0761334 0.432868
0.268953 0.13085 0.600196
0.434664 0.251663 0.313673
0.366204 0.127232 0.506565
0.204305 0.506433 0.289262
0.133171 0.517349 0.34948
0.315416 0.218278 0.466307
0.243163 0.45174 0.305098
0.273289 0.598426 0.128284
0.331781 0.175051 0.493168
0.370618 0.221061 0.408321
0.286896 0.351539 0.361564
0.220811 0.442943 0.336247
0.44548 0.0918859 0.462634
0.216938 0.300211 0.482851
0.0866907 0.650161 0.263148
0.545562 0.084083 0.370355
0.42829 0.245837 0.325873
0.550578 0.24302 0.206402
0.673567 0.137519 0.188914
0.518895 0.10518 0.375925
0.535738 0.160173 0.304089
0.507186 0.359633 0.133181
0.55076 0.205652 0.243588
0.599206 0.200657 0.200137
0.47972 0.253736 0.266544
0.315669 0.211993 0.472338
0.42688 0.113929 0.459191
0.568495 0.118848 0.312657
0.453056 0.0542155 0.492729
0.533629 0.263347 0.203025
0.569294 0.157442 0.273264
0.366914 0.420099 0.212987
0.551082 0.142801 0.306117
0.486043 0.360661 0.153296
0.0214743 0.861432 0.117094
9.9991E-05 0.249078 0.750822
9.9991E-05 0.239121 0.760779
9.9991E-05 0.253441 0.746459
9.9991E-05 0.22536 0.77454
9.9991E-05 0.224543 0.775357
9.9991E-05 0.203694 0.796206
9.9991E-05 0.270247 0.729653
9.9991E-05 0.422511 0.577389
0.0919753 0.907925 9.9991E-05
0.073477 0.856815 0.0697075
0.11623 0.88367 9.9991E-05
0.0447114 0.873567 0.0817215
0.0819346 0.916456 0.00160937
0.0792891 0.912324 0.00838729
0.198464 0.763832 0.0377032
0.121866 0.878034 9.9991E-05
0.124005 0.783084 0.0929105
0.0965244 0.903376 9.9991E-05
9.999E-05 0.9998 9.999E-05
0.130033 0.866941 0.0030259
0.049132 0.950768 9.9991E-05
0.0996742 0.900226 9.9991E-05
0.138528 0.861372 9.9991E-05
0.205443 0.794457 9.9991E-05
0.223897 0.776003 9.9991E-05
0.230753 0.769147 9.9991E-05
0.197444 0.802456 9.9991E-05
0.277264 0.159506 0.56323
0.423164 0.00414772 0.572688
0.423189 0.105419 0.471392
0.0850296 0.186322 0.728648
0.319348 0.093391 0.587261
0.055825 0.292847 0.651328
0.400135 0.0819565 0.517909
0.219699 0.124397 0.655904
0.279487 0.0941458 0.626368
0.374458 0.00163168 0.62391
0.218832 0.116054 0.665114
0.398736 9.9991E-05 0.601164
0.373589 0.0392699 0.587142
0.00574161 0.134023 0.860236
9.9991E-05 0.194685 0.805215
0.104875 0.201394 0.693732
0.446485 0.0617402 0.491774
0.359374 0.153807 0.486819
0.307604 0.0770289 0.615367
0.475151 0.0821635 0.442686
0.441884 0.195922 0.362195
0.528048 0.150868 0.321084
0.258444 0.473063 0.268493
0.427876 0.09057 0.481554
0.40609 0.24539 0.348521
0.158937 0.586073 0.25499
0.405158 0.31202 0.282822
0.390236 0.346792 0.262972
0.385247 0.305342 0.309411
0.49826 0.177285 0.324455
0.48972 0.173638 0.336642
0.546052 0.0915398 0.362408
0.469521 0.16529 0.365188
0.39433 0.481454 0.124215
