0.914725 0.085175 9.9991E-05
0.953514 0.0406359 0.00584983
0.834391 0.165509 9.9991E-05
0.826245 0.162921 0.0108341
0.887362 0.112538 9.9991E-05
0.682169 0.130658 0.187174
0.890621 0.0125171 0.0968624
0.841997 0.0192767 0.138726
0.923414 9.9991E-05 0.0764857
0.713635 0.210977 0.0753878
0.832021 0.0156656 0.152313
0.0783045 0.173931 0.747765
0.00951642 0.376394 0.61409
0.134285 0.193733 0.671982
0.139094 0.297928 0.562978
0.201868 0.317865 0.480266
0.0656945 0.445761 0.488544
9.9991E-05 0.282504 0.717396
0.198963 0.26432 0.536717
0.27886 9.9991E-05 0.72104
0.058854 0.279512 0.661634
0.0596739 0.277608 0.662718
9.9991E-05 0.358017 0.641883
0.0877549 0.243319 0.668926
0.0406516 0.424528 0.534821
9.9991E-05 0.438636 0.561264
0.140716 0.184127 0.675157
0.145736 0.225708 0.628557
0.157751 0.0539122 0.788336
0.788865 0.211035 9.9991E-05
0.794369 0.205531 9.9991E-05
0.781145 0.218755 9.9991E-05
0.756774 0.211594 0.0316319
9.9991E-05 0.356116 0.643784
9.9991E-05 0.389678 0.610222
9.9991E-05 0.365802 0.634098
0.257083 0.0260086 0.716909
0.0312371 0.188109 0.780654
0.0321938 0.365573 0.602233
9.9991E-05 0.452047 0.547853
0.0480798 0.400179 0.551741
0.0447959 0.380983 0.574221
0.0697669 0.025969 0.904264
0.0468649 0.430682 0.522453
9.9991E-05 0.392823 0.607077
0.124149 0.422385 0.453467
9.9991E-05 0.154271 0.845629
0.0111327 0.424063 0.564804
0.0899916 0.388539 0.521469
0.174221 9.9991E-05 0.825679
0.109408 0.0234847 0.867108
0.183378 0.00659401 0.810028
0.109568 0.360464 0.529968
0.0528188 0.412377 0.534804
0.0602571 0.43748 0.502263
0.173552 0.0680467 0.758401
0.0090356 0.31114 0.679824
0.0276153 0.40785 0.564535
0.142264 0.220871 0.636865
0.336047 0.0714487 0.592504
0.0352938 0.354726 0.60998
0.115458 0.268516 0.616025
0.209077 9.9991E-05 0.790823
9.9991E-05 0.299193 0.700707
9.9991E-05 0.441394 0.558506
0.0504588 0.414227 0.535314
0.105263 0.156994 0.737743
0.0223897 0.358215 0.619395
0.0358072 0.395739 0.568454
0.157995 0.0260432 0.815961
9.9991E-05 0.270396 0.729504
0.0231287 0.0978851 0.878986
0.0475934 0.318698 0.633708
0.0658469 9.9991E-05 0.934053
0.0123401 9.9991E-05 0.98756
9.9991E-05 0.136021 0.863879
9.9991E-05 0.254184 0.745716
0.111867 0.404323 0.483809
9.9991E-05 0.285527 0.714373
0.0692815 0.107024 0.823694
0.0798314 0.077547 0.842622
0.0351086 0.403602 0.56129
0.045413 0.207915 0.746672
0.0624311 0.179575 0.757994
9.9991E-05 0.206502 0.793398
0.0896047 9.9991E-05 0.910295
9.9991E-05 0.428153 0.571747
0.814206 0.130954 0.0548395
0.863838 0.136062 9.9991E-05
0.814791 0.185109 9.9991E-05
0.895945 0.103955 9.9991E-05
0.862996 0.136904 9.9991E-05
0.872532 0.127368 9.9991E-05
0.898951 0.100949 9.9991E-05
0.051787 0.415987 0.532226
0.0185149 0.488675 0.49281
0.0690952 9.9991E-05 0.930805
0.0476283 0.421422 0.53095
9.9991E-05 0.245786 0.754114
9.9991E-05 0.38635 0.61355
0.0499931 0.318028 0.631979
9.9991E-05 0.312628 0.687272
0.152157 9.9991E-05 0.847743
0.0414712 0.3738 0.584729
9.9991E-05 0.377109 0.622791
0.0497435 0.442335 0.507922
9.9991E-05 0.198634 0.801266
9.9991E-05 0.313456 0.686444
9.9991E-05 0.269027 0.730873
9.9991E-05 0.291736 0.708164
0.0261403 0.241932 0.731927
0.0551101 0.378005 0.566885
0.132744 0.145485 0.721771
0.154398 0.26226 0.583342
0.103414 0.398103 0.498483
0.0647416 0.388463 0.546795
0.0706763 0.273078 0.656245
0.0174833 0.383468 0.599049
0.0311488 0.285599 0.683252
0.0632389 0.311813 0.624948
9.9991E-05 0.441383 0.558517
0.00402148 0.335836 0.660142
9.9991E-05 0.253193 0.746707
9.9991E-05 0.415481 0.584419
0.029523 0.409689 0.560788
9.9991E-05 0.398066 0.601834
0.0673665 0.390431 0.542202
9.9991E-05 0.384922 0.614978
0.158183 0.251083 0.590735
9.9991E-05 0.441929 0.557971
9.9991E-05 0.459003 0.540897
0.0960517 0.188315 0.715634
0.130122 0.0712058 0.798672
0.016813 0.318889 0.664298
0.0191908 0.086824 0.893985
0.11873 0.132578 0.748692
9.9991E-05 0.19348 0.80642
0.115885 0.118272 0.765843
0.0774594 0.109074 0.813467
0.0359583 0.466759 0.497283
0.0915631 0.338376 0.570061
0.0655289 0.297151 0.63732
0.113681 0.115578 0.770741
0.164182 0.310815 0.525003
0.111657 0.353464 0.534879
0.277487 9.9991E-05 0.722413
0.0927846 0.423996 0.483219
0.152544 0.239614 0.607842
0.0935969 0.356089 0.550314
0.15893 0.143914 0.697157
0.186353 0.0310653 0.782582
0.0664689 0.24515 0.688381
0.0949256 0.332594 0.57248
0.149923 0.283083 0.566994
0.221664 0.125231 0.653105
0.0803773 0.398619 0.521004
9.9991E-05 0.18531 0.81459
9.9991E-05 0.230456 0.769444
0.0913535 0.441353 0.467294
0.430781 0.326475 0.242743
0.753551 0.187577 0.0588718
0.682067 0.163933 0.154
0.490856 0.423916 0.0852282
9.9991E-05 0.363737 0.636163
0.051997 0.302839 0.645164
0.0100557 0.916916 0.0730281
0.0365496 0.711031 0.252419
0.115484 0.616034 0.268482
0.0400811 0.196956 0.762962
0.0343608 0.348592 0.617047
0.0921262 0.116325 0.791549
9.9991E-05 0.332207 0.667693
0.0146076 0.24205 0.743342
9.9991E-05 0.373162 0.626738
0.0752936 0.121869 0.802837
0.0203019 0.462171 0.517527
0.0662179 0.382748 0.551034
0.0603092 0.939591 9.9991E-05
0.0432615 0.956638 9.9991E-05
0.0905431 0.793344 0.116113
0.0788597 0.865302 0.0558388
0.0655609 0.902537 0.0319023
0.0760742 0.923826 9.9991E-05
0.0894974 0.910403 9.9991E-05
0.0126641 0.987236 9.9991E-05
0.0307454 0.969155 9.9991E-05
0.0260738 0.973826 9.9991E-05
0.0749709 0.924929 9.9991E-05
0.110262 0.872864 0.0168743
0.102771 0.897129 9.9991E-05
0.0686457 0.931254 9.9991E-05
0.110616 0.608632 0.280752
0.139303 0.791939 0.0687582
0.108684 0.889057 0.00225864
0.0792405 0.920659 9.9991E-05
0.0726389 0.927261 9.9991E-05
0.065461 0.934439 9.9991E-05
0.0554284 0.944472 9.9991E-05
0.0991528 0.814259 0.0865879
0.101244 0.898656 9.9991E-05
0.519062 0.0148726 0.466066
0.213609 0.314803 0.471588
0.260266 0.332229 0.407504
0.345917 0.195632 0.458451
0.131982 0.383322 0.484696
0.300195 0.237493 0.462311
0.204417 0.325683 0.4699
0.257666 0.410385 0.331948
0.164335 0.443811 0.391854
0.1894 0.433617 0.376983
0.211807 0.38108 0.407112
0.894415 0.0582728 0.0473126
0.923847 0.0760532 9.9991E-05
0.954824 0.0450758 9.9991E-05
0.949028 0.050872 9.9991E-05
0.878227 0.112507 0.0092662
0.910478 0.0894217 9.9991E-05
0.86587 0.13403 9.9991E-05
0.896733 0.0773914 0.0258751
0.903226 0.0966743 9.9991E-05
0.86849 0.13141 9.9991E-05
0.725884 9.9991E-05 0.274016
0.719493 0.00971696 0.27079
0.66618 9.9991E-05 0.33372
0.6273 9.9991E-05 0.3726
9.9991E-05 0.28882 0.71108
0.0127954 0.295806 0.691399
9.9991E-05 0.347888 0.652012
0.0419138 0.191109 0.766977
0.113788 0.000694961 0.885517
9.9991E-05 0.413987 0.585913
9.9991E-05 0.30969 0.69021
9.9991E-05 0.340798 0.659102
9.9991E-05 0.263491 0.736409
9.9991E-05 0.465967 0.533933
9.9991E-05 0.235955 0.763945
0.03762 9.9991E-05 0.96228
0.140499 0.322341 0.53716
0.0378609 0.170563 0.791576
9.9991E-05 0.321733 0.678167
0.108954 9.9991E-05 0.890946
0.328479 9.9991E-05 0.671421
0.312333 9.9991E-05 0.687567
0.269531 9.9991E-05 0.730369
0.317145 9.9991E-05 0.682755
0.225468 9.9991E-05 0.774432
0.260471 9.9991E-05 0.739429
0.851604 0.148296 9.9991E-05
0.867205 0.132695 9.9991E-05
0.758762 0.241138 9.9991E-05
0.822877 0.169723 0.0073995
0.816551 0.183349 9.9991E-05
0.556593 9.9991E-05 0.443307
0.616372 9.9991E-05 0.383528
0.579526 9.9991E-05 0.420374
0.795154 0.204746 9.9991E-05
0.521385 9.9991E-05 0.478515
0.266571 0.55698 0.176449
0.0527768 0.568043 0.37918
0.137652 0.722915 0.139433
0.222131 0.462144 0.315725
0.204583 0.456142 0.339275
0.573822 0.352945 0.0732325
0.0497215 0.170399 0.77988
0.0481626 0.158839 0.792999
0.166511 0.117603 0.715885
9.9991E-05 0.28697 0.71293
0.103673 9.9991E-05 0.896227
0.0767114 0.38638 0.536909
0.00666347 0.289618 0.703718
0.12723 0.0898927 0.782877
0.0589558 0.423507 0.517537
0.108611 9.9991E-05 0.891289
0.0560247 0.317101 0.626875
9.9991E-05 0.360136 0.639764
0.172609 0.463314 0.364078
9.9991E-05 0.248265 0.751635
0.0393111 0.250194 0.710495
9.9991E-05 0.392369 0.607531
0.0288122 0.287638 0.68355
0.0662298 0.36601 0.56776
0.0580018 0.375254 0.566744
0.0743296 0.388173 0.537497
0.766779 0.233122 9.9991E-05
0.801043 0.198857 9.9991E-05
0.80075 0.108066 0.0911843
0.835472 0.133811 0.0307172
0.828195 0.171705 9.9991E-05
0.178243 0.0601204 0.761636
0.0530401 0.35632 0.590639
0.147254 0.473641 0.379106
9.9991E-05 0.473079 0.526821
0.0448213 0.282572 0.672607
0.0645727 0.216852 0.718576
0.296249 9.9991E-05 0.703651
0.0408159 0.327734 0.63145
0.240746 0.0349356 0.724319
0.0501986 0.294604 0.655198
0.269918 9.9991E-05 0.729982
0.0786167 0.423874 0.497509
0.220733 0.0739038 0.705363
0.0386651 0.259152 0.702183
0.0736982 0.299664 0.626638
0.0974061 0.122782 0.779812
0.057845 0.344069 0.598086
0.0943239 0.360564 0.545112
0.0843205 0.166273 0.749406
0.0649855 0.318421 0.616593
0.0431292 0.299397 0.657474
0.0433987 0.0173329 0.939268
0.0538479 0.0851929 0.860959
9.9991E-05 0.317113 0.682787
0.116726 0.0147192 0.868555
0.00254625 0.175417 0.822036
0.142277 0.0341374 0.823585
0.00246751 0.151608 0.845924
0.134815 0.227739 0.637446
9.9991E-05 0.426467 0.573433
0.0470673 0.102711 0.850221
0.0354698 0.396727 0.567803
0.0218743 0.389889 0.588237
0.0258161 0.374352 0.599832
0.0157403 0.350921 0.633339
0.0807906 0.235881 0.683329
0.0642358 0.192664 0.743101
0.0229626 0.250766 0.726272
9.9991E-05 0.386461 0.613439
9.9991E-05 0.411552 0.588348
0.065608 0.283458 0.650934
9.9991E-05 0.362086 0.637814
0.1863 0.264026 0.549674
0.0110046 0.444508 0.544487
0.0253113 0.413946 0.560743
0.152791 0.354275 0.492934
0.331363 0.436897 0.23174
0.0778752 0.550479 0.371646
0.0675516 0.43787 0.494578
0.0431333 0.498268 0.458599
0.136025 0.527117 0.336859
9.9991E-05 0.266618 0.733282
0.158409 0.47191 0.369681
0.364529 0.160758 0.474712
0.110867 0.495971 0.393162
0.0834492 0.46748 0.449071
0.0560349 0.575961 0.368004
0.262349 0.330139 0.407512
0.197472 0.496124 0.306404
0.103876 0.533943 0.362181
0.649918 0.17592 0.174162
0.0743141 0.599812 0.325874
0.15234 0.545354 0.302307
0.0753339 0.44688 0.477786
0.155648 0.59415 0.250202
0.165554 0.452804 0.381642
0.0854453 0.317836 0.596719
9.9991E-05 0.365958 0.633942
0.0107752 9.9991E-05 0.989125
0.101982 9.9991E-05 0.897918
0.00084142 0.456079 0.54308
0.175062 0.612422 0.212516
0.136722 0.561674 0.301605
0.31767 0.417915 0.264415
0.2125 0.582521 0.204979
0.194723 0.144281 0.660995
0.174478 0.222196 0.603326
9.9991E-05 0.469963 0.529937
0.030935 0.375045 0.59402
0.176927 0.224821 0.598252
0.039074 0.383283 0.577643
0.010608 0.47791 0.511482
0.120417 0.450932 0.428651
0.0190402 0.168767 0.812193
0.002885 0.280428 0.716687
9.9991E-05 0.341007 0.658893
0.0487867 0.223946 0.727267
0.0694786 0.369955 0.560567
0.00740698 0.294914 0.697679
0.0157779 0.133429 0.850793
9.9991E-05 0.426149 0.573751
0.022976 0.114404 0.86262
9.9991E-05 0.31113 0.68877
0.0249873 0.411779 0.563234
9.9991E-05 0.310391 0.689509
0.130361 0.518214 0.351425
0.163995 0.354466 0.481539
0.206102 0.511872 0.282026
0.208834 0.446108 0.345058
0.142915 0.4713 0.385785
0.158231 0.481867 0.359902
0.362454 0.12046 0.517086
0.0390433 0.60163 0.359327
0.551508 0.167662 0.28083
9.9991E-05 0.527153 0.472747
9.9991E-05 0.0440573 0.955843
0.087088 9.9991E-05 0.912812
9.9991E-05 0.2582 0.7417
9.9991E-05 0.472889 0.527011
9.9991E-05 0.196837 0.803063
9.9991E-05 0.33167 0.66823
9.9991E-05 0.339048 0.660852
0.798393 0.144439 0.0571677
0.806312 0.0908595 0.102828
0.920325 0.0795751 9.9991E-05
0.927383 0.0725175 9.9991E-05
9.9991E-05 0.300048 0.699852
9.9991E-05 0.313659 0.686241
9.9991E-05 0.30062 0.69928
0.00864377 0.369989 0.621367
0.057215 0.33571 0.607075
0.0406779 0.137434 0.821888
9.9991E-05 0.398175 0.601725
9.9991E-05 0.197256 0.802644
0.187616 0.495887 0.316497
9.9991E-05 0.310338 0.689562
9.9991E-05 0.177344 0.822556
9.9991E-05 0.335612 0.664288
9.9991E-05 0.197781 0.802119
9.9991E-05 0.337984 0.661916
9.9991E-05 0.311327 0.688573
9.9991E-05 0.00404717 0.995853
9.9991E-05 0.165487 0.834413
0.016543 0.184926 0.798531
0.0106072 9.9991E-05 0.989293
9.9991E-05 0.235633 0.764267
0.0109326 0.0760402 0.913027
0.0833061 9.9991E-05 0.916594
9.9991E-05 0.408272 0.591628
0.0951834 0.0587974 0.846019
9.9991E-05 0.306404 0.693496
9.9991E-05 0.440959 0.558941
9.9991E-05 0.282838 0.717062
9.9991E-05 0.251686 0.748214
9.9991E-05 0.341923 0.657977
0.0278821 0.281441 0.690677
9.9991E-05 0.172235 0.827665
9.9991E-05 0.356601 0.643299
0.731178 9.9991E-05 0.268722
0.798199 0.0364889 0.165312
0.912549 9.9991E-05 0.0873514
0.880581 9.9991E-05 0.119319
0.807343 0.0149449 0.177712
0.0578691 0.0882083 0.853923
0.0880192 9.9991E-05 0.911881
9.9991E-05 0.0858545 0.914045
0.038869 0.437313 0.523818
0.054731 0.448806 0.496463
0.000573024 0.194141 0.805285
9.9991E-05 0.384308 0.615592
0.03807 0.301035 0.660895
9.9991E-05 0.329146 0.670754
9.9991E-05 0.38854 0.61136
9.9991E-05 0.180376 0.819524
9.9991E-05 0.199242 0.800658
9.9991E-05 0.170198 0.829702
0.0925164 0.385483 0.522
9.9991E-05 0.207294 0.792606
9.9991E-05 0.312043 0.687857
0.025173 0.738591 0.236236
0.129766 0.750555 0.119678
0.14046 0.744583 0.114958
0.14456 0.679363 0.176077
0.06118 0.64843 0.29039
9.9991E-05 0.313262 0.686638
0.363497 0.636403 9.9991E-05
0.222632 0.703913 0.073455
0.108923 0.439752 0.451324
0.123158 0.330288 0.546554
0.124698 0.309562 0.56574
0.0938805 0.414241 0.491879
0.0511452 0.380017 0.568838
0.152341 0.786992 0.0606663
0.154641 0.622216 0.223143
0.0665394 0.76943 0.164031
0.104598 0.592025 0.303377
0.205472 0.683602 0.110926
0.11403 0.584148 0.301822
0.206096 0.666706 0.127197
0.114174 0.698249 0.187578
0.0427331 0.385053 0.572214
0.127734 0.63312 0.239146
0.224255 0.775645 9.9991E-05
0.11842 0.641542 0.240039
0.291696 0.0531554 0.655149
9.9991E-05 0.478248 0.521652
0.204867 0.55542 0.239713
0.0469417 0.462259 0.490799
0.166361 0.269806 0.563833
0.176699 0.449208 0.374094
0.263934 0.493516 0.242549
0.0625851 0.44238 0.495035
0.18622 0.690288 0.123493
0.100834 0.691889 0.207277
0.307751 0.692149 9.9991E-05
9.9991E-05 0.421135 0.578765
0.114663 0.280858 0.604479
0.228334 0.146569 0.625097
0.126006 0.434008 0.439986
0.107699 0.248331 0.64397
0.173125 0.415374 0.4115
0.095091 0.395306 0.509603
0.510394 0.176059 0.313547
0.559756 0.142376 0.297868
0.192501 0.302252 0.505247
0.483953 0.252672 0.263375
0.588189 0.27585 0.135961
0.190052 0.370684 0.439264
0.213193 0.373801 0.413006
0.346479 0.313901 0.33962
0.408418 0.209563 0.382019
0.190674 0.344381 0.464945
0.328086 0.204051 0.467863
0.646747 0.0890003 0.264253
0.153937 0.461316 0.384747
0.197807 0.454717 0.347477
0.340856 0.461312 0.197833
0.151155 0.616117 0.232728
0.114679 0.55881 0.326511
0.152438 0.528809 0.318753
0.384822 0.441398 0.17378
0.189714 0.519248 0.291039
0.176459 0.552539 0.271001
0.226868 0.505079 0.268053
0.216065 0.301361 0.482573
0.158615 0.449435 0.39195
0.14335 0.483353 0.373297
0.0729755 0.488266 0.438759
0.266614 0.540798 0.192588
0.151207 0.495788 0.353004
0.474799 0.344719 0.180482
0.167349 0.559469 0.273182
0.358283 0.487305 0.154412
0.8495 0.0382431 0.112257
0.256519 9.9991E-05 0.743381
0.24747 9.9991E-05 0.75243
0.277568 9.9991E-05 0.722332
0.236755 9.9991E-05 0.763145
0.260237 9.9991E-05 0.739663
0.198095 9.9991E-05 0.801805
0.307906 9.9991E-05 0.691994
0.432967 9.9991E-05 0.566933
0.901793 0.0940988 0.00410856
0.846484 0.0816766 0.0718391
0.873083 0.126817 9.9991E-05
0.86846 0.0588741 0.0726655
0.901887 0.0980129 9.9991E-05
0.955017 0.0448827 9.9991E-05
0.754823 0.22633 0.0188471
0.816748 0.183152 9.9991E-05
0.796906 0.134406 0.0686882
0.903926 0.0959736 9.9991E-05
0.982294 0.0112464 0.00645921
0.867009 0.11305 0.019942
0.958116 0.0417844 9.9991E-05
0.89325 0.10665 9.9991E-05
0.830263 0.169637 9.9991E-05
0.801956 0.197944 9.9991E-05
0.734615 0.265285 9.9991E-05
0.760436 0.239464 9.9991E-05
0.813018 0.186882 9.9991E-05
0.172854 0.25044 0.576707
9.9991E-05 0.3608 0.6391
0.085251 0.460387 0.454362
0.190344 0.079224 0.730433
0.158245 0.312434 0.529321
0.29948 0.112892 0.587629
0.0703703 0.47925 0.45038
0.118937 0.192454 0.688609
0.0261079 0.340089 0.633803
9.9991E-05 0.295791 0.704109
0.0850757 0.309422 0.605502
0.0103613 0.407019 0.58262
0.0473729 0.381752 0.570875
0.120019 0.00653832 0.873443
0.186353 9.9991E-05 0.813547
0.20795 0.0956504 0.6964
0.0535475 0.496234 0.450219
0.0707562 0.35337 0.575874
0.0867741 0.373874 0.539351
0.0396503 0.446 0.51435
0.178228 0.469899 0.351873
0.12372 0.50567 0.370609
0.465483 0.267407 0.26711
0.0710076 0.407804 0.521189
0.246373 0.446327 0.3073
0.603263 0.179546 0.217191
0.288859 0.49475 0.216392
0.335355 0.384528 0.280118
0.314978 0.402467 0.282555
0.0615034 0.486284 0.452213
0.187291 0.515704 0.297005
0.140565 0.501026 0.358409
0.198404 0.406364 0.395232
0.420052 0.390229 0.189719
