0.0409559 9.9991E-05 0.908131 0.0508133
0.0246978 0.0128777 0.962324 9.9991E-05
0.0303108 9.9991E-05 0.816401 0.153189
0.0834414 9.9991E-05 0.778332 0.138127
9.9982E-05 9.9982E-05 0.877395 0.122405
0.0197964 0.193217 0.678797 0.108189
0.0720011 0.0280569 0.858079 0.0418629
0.0807713 0.10237 0.804665 0.012193
0.105233 9.9982E-05 0.894567 9.9982E-05
9.999E-05 0.131383 0.723261 0.145256
0.0925475 0.131425 0.771018 0.00500939
0.468967 0.354847 9.9991E-05 0.176087
0.316066 0.300887 9.9991E-05 0.382948
0.532011 0.249448 0.0560559 0.162485
0.417391 0.176226 0.0421315 0.364252
0.298434 0.331702 0.10322 0.266643
0.196077 0.37555 0.03482 0.393552
0.219461 0.422703 0.00484448 0.352991
0.39808 0.225779 0.0863346 0.289806
0.70762 0.190503 0.0967507 0.00512683
0.389643 0.283522 0.0277733 0.299062
0.191847 0.468441 0.0224875 0.317225
0.23392 0.433117 9.9991E-05 0.332862
0.376178 0.335041 9.99957E-05 0.288681
0.28311 0.242987 9.9991E-05 0.473803
0.267971 0.302636 9.9991E-05 0.429293
0.464428 0.312528 0.0636734 0.159371
0.439751 0.237691 0.0536965 0.268862
0.451343 0.398661 0.0541605 0.0958361
9.9982E-05 9.9982E-05 0.816734 0.183066
0.0243977 9.9991E-05 0.794629 0.180874
0.0692468 9.9991E-05 0.744209 0.186444
0.000441442 0.086876 0.751478 0.161204
0.143317 0.509197 9.9991E-05 0.347386
0.180965 0.453208 0.089089 0.276738
0.0457783 0.663122 9.9991E-05 0.290999
0.616797 0.219805 0.115617 0.0477805
0.0110905 0.799479 0.0344581 0.154973
0.163522 0.464405 9.9991E-05 0.371973
0.0109966 0.622834 9.9991E-05 0.36607
0.0725123 0.558775 0.0449463 0.323766
0.200718 0.40007 0.00854822 0.390664
0.213128 0.719776 0.0669962 9.9991E-05
0.0585774 0.473463 0.0678087 0.400151
9.9991E-05 0.593687 0.0483148 0.357899
0.0677097 0.404346 0.0854619 0.442482
9.9982E-05 0.883014 9.9982E-05 0.116786
0.0461319 0.601979 9.9991E-05 0.351789
0.143084 0.399439 0.0418599 0.415617
9.9982E-05 0.804107 0.195693 9.9982E-05
0.485064 0.462345 9.9991E-05 0.0524913
0.281302 0.588837 0.129761 9.9991E-05
0.217079 0.423771 0.00221044 0.35694
0.151215 0.389276 0.0429385 0.416571
0.126095 0.454692 0.0402398 0.378973
0.398723 0.451738 0.144584 0.00495443
0.268488 0.341851 0.00455482 0.385106
0.151336 0.370431 0.0358319 0.442401
0.307413 0.409664 0.0650218 0.217901
0.380053 0.282738 0.261414 0.0757958
0.269036 0.433941 0.0279699 0.269053
0.340102 0.325093 0.083006 0.251799
0.573218 0.330736 0.095946 9.9991E-05
0.292944 0.402378 9.9991E-05 0.304577
0.213527 0.45462 9.9991E-05 0.331753
0.295942 0.276751 9.9991E-05 0.427208
0.381963 0.386964 0.0482221 0.182851
0.224416 0.458958 9.9991E-05 0.316526
0.270932 0.33296 9.9991E-05 0.396008
0.551141 0.376743 0.0166819 0.0554341
0.145795 0.559575 9.9991E-05 0.294531
0.181792 0.744164 0.0365224 0.0375219
0.104882 0.506049 0.0444614 0.344607
9.9982E-05 0.920667 0.0791334 9.9982E-05
0.0297552 0.929509 0.0406361 9.9991E-05
0.00753646 0.864066 9.9991E-05 0.128297
0.132779 0.68295 9.9991E-05 0.18417
0.132896 0.461637 0.0443741 0.361093
0.0783011 0.636589 9.9991E-05 0.28501
0.229281 0.622619 0.0379201 0.11018
0.361532 0.513063 0.0112262 0.114179
0.15968 0.403106 0.0877275 0.349487
0.134991 0.681952 0.0804297 0.102627
0.129683 0.614375 0.0193983 0.236544
9.9982E-05 0.815136 9.9982E-05 0.184664
0.0613655 0.858933 0.0796019 9.9991E-05
0.152055 0.44127 9.9991E-05 0.406575
0.0738921 9.9991E-05 0.796075 0.129933
9.9982E-05 9.9982E-05 0.915288 0.0845121
0.0184 9.9991E-05 0.847622 0.133878
9.9982E-05 9.9982E-05 0.905818 0.0939816
9.9982E-05 9.9982E-05 0.89702 0.10278
0.00185611 9.9991E-05 0.863784 0.13426
9.9982E-05 9.9982E-05 0.911641 0.0881589
0.171391 0.487958 0.0455766 0.295074
0.206 0.335859 9.9991E-05 0.458041
0.159193 0.765699 0.0750081 9.9991E-05
0.0553493 0.472385 0.115396 0.356869
0.163743 0.584512 9.9991E-05 0.251645
0.0582748 0.610947 0.0260516 0.304727
0.0436357 0.670039 9.9991E-05 0.286226
0.00236765 0.706237 0.00571626 0.285679
0.276553 0.625519 0.0978272 9.9991E-05
0.125503 0.444891 0.13321 0.296396
0.0128401 0.626149 9.9991E-05 0.36091
0.180641 0.372183 0.033119 0.414056
9.9991E-05 0.830094 0.0670198 0.102786
0.0104597 0.700288 9.9991E-05 0.289153
0.0768079 0.694381 9.9991E-05 0.228711
0.0382017 0.758909 9.9991E-05 0.202789
0.179413 0.571987 0.0254625 0.223137
0.0713567 0.492822 0.111662 0.324159
0.400818 0.430246 0.0612234 0.107712
0.380114 0.248306 0.0528201 0.31876
0.318688 0.341483 9.9991E-05 0.339729
0.216019 0.398855 0.00963872 0.375488
0.446669 0.305272 9.9991E-05 0.247959
0.323292 0.275388 9.9991E-05 0.401219
0.448625 0.284261 9.9991E-05 0.267014
0.307446 0.366596 9.9991E-05 0.325858
0.283877 0.297806 0.00852499 0.409791
0.297194 0.318394 0.0390776 0.345335
0.42503 0.344008 9.9991E-05 0.230863
0.181412 0.406458 0.0668177 0.345313
0.199202 0.358068 0.00855975 0.43417
0.287807 0.359811 9.9991E-05 0.352282
0.253236 0.437049 9.9991E-05 0.309614
0.265371 0.358565 9.9991E-05 0.375964
0.349742 0.305373 0.117834 0.227052
0.220664 0.364412 9.9991E-05 0.414824
0.381107 0.25222 9.9991E-05 0.366574
0.508512 0.323696 9.9991E-05 0.167692
0.306131 0.484827 0.12315 0.0858917
0.265956 0.395206 0.0103721 0.328466
0.416848 0.554113 0.0184353 0.0106039
0.510589 0.35729 0.0390798 0.0930415
0.410519 0.416591 9.9991E-05 0.17279
0.528618 0.377026 9.9991E-05 0.0942553
0.551771 0.288681 9.9991E-05 0.159447
0.28634 0.352613 9.9991E-05 0.360947
0.223064 0.404765 0.00521913 0.366952
0.313953 0.268926 0.0704355 0.346685
0.398472 0.461049 0.0819808 0.0584977
0.165644 0.414021 0.119354 0.300981
0.0703159 0.512089 0.107443 0.310152
0.115016 0.603151 0.281733 9.9991E-05
9.9982E-05 0.606188 9.9982E-05 0.393612
0.141256 0.564952 0.100836 0.192956
0.107526 0.506156 0.0528908 0.333428
0.112594 0.622318 0.178756 0.0863318
0.205909 0.596194 0.197797 9.9991E-05
0.163814 0.596499 0.0994029 0.140283
0.0835478 0.584676 0.0643864 0.267389
0.153003 0.462176 0.105854 0.278968
0.0833804 0.618724 0.224052 0.0738437
0.172554 0.353256 0.0903736 0.383817
0.190467 0.697585 9.9991E-05 0.111848
0.215277 0.536752 9.9991E-05 0.247871
0.20841 0.418535 9.9991E-05 0.372955
0.0359633 0.224887 0.391605 0.347545
9.9991E-05 0.128165 0.759726 0.11201
9.9991E-05 0.22944 0.700153 0.0703067
9.9991E-05 0.127771 0.49203 0.380098
0.00327647 0.667197 9.9991E-05 0.329427
0.16681 0.449951 0.0163937 0.366844
0.0471769 0.0329382 0.00597627 0.913909
0.136783 0.157502 0.0633989 0.642316
0.212252 0.11772 0.0146259 0.655403
0.0638427 0.724522 0.106274 0.105361
0.0234152 0.523049 0.0936037 0.359932
0.0440836 0.767676 0.156839 0.0314011
0.0657224 0.602615 0.000838009 0.330825
9.9991E-05 0.695667 0.0511751 0.253058
0.0620121 0.549226 0.0188342 0.369928
0.0346995 0.81226 0.0919357 0.0611045
0.175398 0.404785 9.9991E-05 0.419717
0.0875589 0.530103 0.00357138 0.378767
9.9982E-05 9.9982E-05 0.0632016 0.936598
9.9991E-05 0.0304371 0.0199052 0.949558
0.0133915 0.11835 0.0874812 0.780778
0.0199205 0.0298352 0.0258557 0.924389
0.00566407 0.0426258 0.0601027 0.891607
9.9982E-05 9.9982E-05 0.0708475 0.928953
9.9982E-05 9.9982E-05 0.128812 0.870988
9.9982E-05 9.9982E-05 0.00714808 0.992652
9.9982E-05 9.9982E-05 0.0383586 0.961441
9.9982E-05 9.9982E-05 0.0377268 0.962073
9.9982E-05 9.9982E-05 0.0868647 0.912935
0.000313621 9.9991E-05 0.0960932 0.903493
9.9982E-05 9.9982E-05 0.144906 0.854894
9.9982E-05 9.9982E-05 0.064248 0.935552
0.195254 0.170994 0.0323303 0.601422
0.124256 0.0399776 0.110647 0.72512
0.0148822 9.9991E-05 0.142104 0.842913
9.9982E-05 9.9982E-05 0.0748462 0.924954
9.9982E-05 9.9982E-05 0.0427889 0.957011
9.9982E-05 9.9982E-05 0.0959377 0.903862
9.9982E-05 9.9982E-05 0.0694987 0.930301
0.137258 0.0220395 0.104545 0.736158
9.9982E-05 9.9982E-05 0.0942576 0.905542
9.9982E-05 0.466301 0.533499 9.9982E-05
0.190518 0.289609 0.163317 0.356557
0.0734541 0.421718 0.228395 0.276433
9.9991E-05 0.484462 0.369828 0.14561
0.0604599 0.41601 0.157923 0.365607
9.9991E-05 0.49999 0.33656 0.16335
0.0596947 0.450118 0.193011 0.297176
0.00227175 0.459673 0.20083 0.337225
0.0733801 0.359602 0.196144 0.370875
9.9991E-05 0.373442 0.231328 0.39513
0.0117238 0.458144 0.15526 0.374873
0.101083 9.9991E-05 0.83256 0.0662573
9.9982E-05 9.9982E-05 0.930432 0.0693682
0.0120776 9.9991E-05 0.972515 0.0153072
0.00747024 9.9991E-05 0.955682 0.0367476
0.0503754 9.9991E-05 0.888367 0.0611577
9.9982E-05 9.9982E-05 0.913383 0.0864171
0.0172966 9.9991E-05 0.878794 0.103809
9.9991E-05 0.0730727 0.906082 0.0207454
9.9982E-05 9.9982E-05 0.923631 0.0761693
0.0137598 9.9991E-05 0.884813 0.101327
0.262818 0.0744684 0.662614 9.9991E-05
0.33712 0.0301467 0.632633 9.9991E-05
0.338641 0.0678319 0.593427 9.9991E-05
0.401566 0.0819957 0.516338 9.9991E-05
0.219099 0.536159 9.9991E-05 0.244641
0.109642 0.572805 9.9991E-05 0.317452
0.218156 0.460806 9.9991E-05 0.320938
0.413417 0.405216 9.9991E-05 0.181267
0.660485 0.274468 9.9991E-05 0.0649475
0.175948 0.472944 0.00107596 0.350032
0.0800437 0.576341 9.9991E-05 0.343516
0.0933508 0.622482 9.9991E-05 0.284067
0.020994 0.792566 9.9991E-05 0.18634
0.0949879 0.521557 9.9991E-05 0.383355
0.247743 0.592233 9.9991E-05 0.159924
0.0655027 0.882613 0.051784 9.9991E-05
0.143579 0.568286 9.9991E-05 0.288035
0.0233052 0.824746 0.0597707 0.0921782
9.9982E-05 0.721253 9.9982E-05 0.278547
0.259841 0.659496 0.0805633 9.9991E-05
0.784207 0.0460059 0.169687 9.9991E-05
0.727366 0.119351 0.153183 9.9991E-05
0.866039 0.0448239 0.0890373 9.9991E-05
0.869695 9.9982E-05 0.130105 9.9982E-05
0.827504 0.129936 0.0309629 0.0115971
0.817394 9.9991E-05 0.114483 0.0680234
9.9991E-05 0.00646862 0.85356 0.139871
0.0832138 9.9991E-05 0.80757 0.109117
0.0249542 9.9991E-05 0.752825 0.22212
0.0875526 9.9991E-05 0.746466 0.165881
0.0282488 9.9991E-05 0.776924 0.194727
0.549617 9.9982E-05 0.450183 9.9982E-05
0.378489 0.107347 0.514064 9.9991E-05
0.469365 0.0615838 0.468952 9.9991E-05
0.0539555 9.9991E-05 0.783762 0.162182
0.584491 0.0177142 0.397695 9.9991E-05
9.9991E-05 0.227921 0.243829 0.52815
0.175249 0.193505 0.0328468 0.598399
0.0560364 0.178744 0.107397 0.657823
9.9991E-05 0.268134 0.252533 0.479234
0.0532723 0.284111 0.124867 0.537749
9.9991E-05 0.140271 0.581272 0.278357
0.398408 0.398878 9.9991E-05 0.202614
0.346411 0.471796 0.0229967 0.158796
0.574176 0.188292 0.105327 0.132204
0.214716 0.560229 9.9991E-05 0.224955
0.30273 0.645711 0.0514588 9.9991E-05
0.282255 0.392493 9.9991E-05 0.325153
0.160926 0.571464 9.9991E-05 0.26751
0.526302 0.316698 0.0169133 0.140087
0.221331 0.408973 9.9991E-05 0.369596
0.329674 0.615345 0.0548811 9.9991E-05
0.228338 0.484872 9.9991E-05 0.28669
0.318731 0.357569 9.9991E-05 0.3236
0.107784 0.335282 0.174574 0.38236
0.370218 0.454996 9.9991E-05 0.174686
0.295333 0.463752 9.9991E-05 0.240815
0.0530503 0.54571 0.0532389 0.348001
0.166504 0.569593 9.9991E-05 0.263803
0.184768 0.41002 9.9991E-05 0.405112
0.238168 0.424413 9.9991E-05 0.337319
0.193419 0.398544 0.066766 0.341271
9.9991E-05 0.0103696 0.753523 0.236008
9.9991E-05 0.0530106 0.853078 0.0938114
0.0730172 0.102453 0.792254 0.0322761
9.9991E-05 0.0657251 0.847101 0.0870736
0.0135663 0.014481 0.834249 0.137703
0.682924 0.182975 9.9991E-05 0.134001
0.179885 0.442924 0.027162 0.35003
0.0175046 0.353199 0.210428 0.418869
0.250379 0.273215 9.9991E-05 0.476305
0.285161 0.436844 9.9991E-05 0.277895
0.46096 0.331184 0.0141592 0.193697
0.633513 0.185394 0.180994 9.9991E-05
0.395696 0.300713 0.00843171 0.295159
0.524791 0.259937 0.110595 0.104677
0.226404 0.468414 0.0471064 0.258075
0.633853 0.156865 0.160864 0.048418
0.406967 0.148665 9.9991E-05 0.444268
0.591434 0.193392 0.0921039 0.12307
0.359311 0.398065 0.0539029 0.188721
0.175908 0.441138 0.0938559 0.289098
0.143355 0.672047 0.113355 0.0712425
0.109401 0.550367 0.0244772 0.315755
0.0977572 0.443383 0.140848 0.318012
0.146338 0.725028 0.0221137 0.10652
0.156001 0.494205 0.0783014 0.271493
0.0460363 0.664267 0.0811053 0.208591
0.103117 0.826193 0.0705891 9.9991E-05
0.0146592 0.876896 0.0922977 0.0161467
0.0806504 0.720275 0.000643807 0.198431
0.112389 0.741812 0.145698 9.9991E-05
0.194781 0.596181 0.034718 0.17432
0.674935 0.187628 0.0359188 0.101519
0.400386 0.472809 9.9991E-05 0.126705
0.530962 0.223757 0.0189329 0.226348
0.198731 0.385307 9.9991E-05 0.415863
0.552728 0.345272 9.9991E-05 0.101901
0.210899 0.412576 0.0125739 0.363951
0.372387 0.290192 9.9991E-05 0.337321
0.339144 0.338543 9.9991E-05 0.322213
0.32625 0.354869 9.9991E-05 0.31878
0.462146 0.240229 9.9991E-05 0.297524
0.576359 0.221808 9.9991E-05 0.201734
0.484457 0.298388 9.9991E-05 0.217055
0.350795 0.328426 9.9991E-05 0.320679
0.297419 0.295654 9.9991E-05 0.406827
0.396207 0.37846 0.042841 0.182492
0.310689 0.356872 9.9991E-05 0.332339
0.516775 0.199437 0.0344214 0.249366
0.320743 0.326201 9.9991E-05 0.352956
0.413716 0.20725 9.9991E-05 0.378934
0.321532 0.247079 0.00706895 0.42432
9.9991E-05 0.266315 0.305114 0.428471
9.9991E-05 0.360968 0.162771 0.476161
0.112901 0.375983 0.150747 0.360369
0.162915 0.316134 0.0199103 0.501041
0.0378904 0.343901 0.181135 0.437074
0.23467 0.506934 9.9991E-05 0.258295
0.147886 0.266933 0.126818 0.458363
9.9991E-05 0.485624 0.408824 0.105452
0.12803 0.330171 0.107369 0.434429
0.088856 0.331182 0.0399968 0.539965
0.120224 0.325452 0.0698161 0.484507
0.0885682 0.400984 0.217557 0.292892
0.00333906 0.381838 0.176182 0.438641
0.0508752 0.310596 0.134272 0.504256
9.9991E-05 0.210595 0.650688 0.138617
0.0467669 0.225391 0.113367 0.614475
0.128842 0.211858 0.107916 0.551384
0.116401 0.368064 0.0155951 0.499939
9.9991E-05 0.30767 0.108941 0.583289
0.0697133 0.342044 0.137735 0.450507
0.120928 0.626638 0.00932652 0.243108
0.0843795 0.520049 0.0778322 0.317739
0.12874 0.847921 0.0232389 9.9991E-05
0.100943 0.795332 0.103625 9.9991E-05
0.12979 0.485874 0.0591691 0.325168
0.0330071 0.338883 0.121274 0.506835
9.9991E-05 0.33828 0.144308 0.517312
9.9991E-05 0.310397 0.341119 0.348383
0.0296536 0.284419 0.203653 0.482274
9.9991E-05 0.668257 0.247158 0.0844855
9.9991E-05 0.657822 0.221405 0.120674
0.0590035 0.548814 9.9991E-05 0.392082
9.9991E-05 0.586426 0.0484159 0.365058
0.0773377 0.596414 0.130467 0.195781
0.100074 0.506534 0.0229507 0.370441
0.0447268 0.560268 9.9991E-05 0.394905
0.0286825 0.534548 0.0745126 0.362257
0.204499 0.649511 0.0470574 0.0989325
0.115526 0.685449 9.9991E-05 0.198924
0.17687 0.540909 9.9991E-05 0.282121
0.202908 0.471606 0.0709472 0.254539
0.129007 0.490415 0.0804636 0.300114
0.050841 0.731156 9.9991E-05 0.217903
0.13536 0.786987 0.0571003 0.020553
9.9982E-05 0.687212 9.9982E-05 0.312588
0.085923 0.821685 0.0362942 0.0560981
0.0893074 0.673484 0.0198486 0.21736
0.035094 0.551477 0.0611858 0.352243
0.0820352 0.647254 9.9991E-05 0.270611
9.9991E-05 0.378472 0.189605 0.431822
0.199806 0.28817 0.101439 0.410585
0.0842896 0.296405 0.174254 0.445051
0.0701528 0.320275 0.255089 0.354484
0.184351 0.216535 0.195754 0.40336
0.0734919 0.30305 0.147394 0.476065
0.00930848 0.524116 0.382437 0.0841377
0.018577 0.327779 0.102121 0.551524
9.9991E-05 0.340409 0.565851 0.0936398
9.9991E-05 0.439907 0.0412566 0.518737
9.9982E-05 0.950695 0.0491053 9.9982E-05
0.0543307 0.860366 0.0852035 9.9991E-05
0.0797973 0.690652 9.9991E-05 0.22945
0.0246707 0.614929 9.9991E-05 0.360301
0.0805279 0.792309 0.0193952 0.107768
0.128413 0.610851 0.00740363 0.253333
0.0229416 0.682024 9.9991E-05 0.294935
0.0129214 0.0508545 0.81627 0.119954
0.135627 9.9991E-05 0.760159 0.104114
0.0212451 9.9991E-05 0.901696 0.0769586
9.9982E-05 9.9982E-05 0.911825 0.0879751
0.13283 0.568342 9.9991E-05 0.298728
0.087825 0.604194 0.0125261 0.295455
0.0687168 0.679972 9.9991E-05 0.251212
0.10668 0.492012 0.0812289 0.320079
0.0963369 0.548783 0.0231715 0.331709
0.184921 0.696033 0.0761534 0.0428926
0.0682578 0.522231 9.9991E-05 0.409411
9.9991E-05 0.844088 0.0380953 0.117717
0.173608 0.15963 0.222599 0.444163
0.142896 0.646702 9.9991E-05 0.210302
0.158572 0.701959 9.9991E-05 0.139369
0.0507331 0.694065 9.9991E-05 0.255102
0.108317 0.725608 0.0113076 0.154767
9.9982E-05 0.760227 9.9982E-05 0.239573
0.0747751 0.578473 0.0317811 0.314971
9.998E-05 0.9997 9.998E-05 9.998E-05
0.0584254 0.820131 0.023818 0.0976254
0.136143 0.702196 0.0486786 0.112982
9.9982E-05 0.994426 0.00537429 9.9982E-05
0.228042 0.501914 9.9991E-05 0.269944
9.9982E-05 0.904188 0.0956121 9.9982E-05
9.9982E-05 0.877255 0.122545 9.9982E-05
0.0539827 0.585206 9.9991E-05 0.360711
0.152303 0.751387 0.0517392 0.0445707
0.125764 0.570608 9.9991E-05 0.303527
0.0744296 0.477507 0.0718813 0.376182
0.134547 0.61483 9.9991E-05 0.250522
0.349842 0.443157 9.9991E-05 0.206901
0.0982741 0.61674 0.00439387 0.280592
0.190601 0.529943 9.9991E-05 0.279356
0.00360118 0.898635 9.9991E-05 0.0976636
0.156079 0.521716 0.0284506 0.293754
0.27868 0.0437122 0.677508 9.9991E-05
0.106547 0.091533 0.764446 0.037474
0.119116 0.00184732 0.878937 9.9991E-05
0.116138 0.0274264 0.856336 9.9991E-05
0.235673 9.9991E-05 0.748178 0.0160484
0.233926 0.706214 0.0441775 0.0156832
0.152343 0.741156 0.106401 9.9991E-05
9.9982E-05 0.989029 9.9982E-05 0.0107714
0.0119257 0.551772 0.0300139 0.406289
0.0902259 0.488836 0.0656763 0.355262
0.0171084 0.815139 0.0893272 0.0784258
9.9982E-05 0.626103 9.9982E-05 0.373697
9.9991E-05 0.73754 0.106655 0.155705
0.168864 0.526933 9.9991E-05 0.304103
0.0816678 0.56804 0.00164124 0.348651
0.18404 0.735177 9.9991E-05 0.0806838
0.0510093 0.788388 0.0220026 0.138601
0.253244 0.634406 9.9991E-05 0.11225
0.0474262 0.513346 0.0853057 0.353922
0.085202 0.769764 9.9991E-05 0.144934
0.128343 0.601246 0.0101091 0.260302
0.107434 0.176296 0.00882147 0.707449
9.9991E-05 0.196314 0.127642 0.675944
0.0301244 0.151152 0.086052 0.732672
0.0830603 0.131997 0.098659 0.686283
0.141139 0.150588 0.0494897 0.658784
0.00265464 0.68768 0.0219646 0.287701
9.9982E-05 9.9982E-05 0.316788 0.683012
9.9991E-05 0.138414 0.209877 0.651609
0.0287383 0.440243 0.113779 0.41724
0.112777 0.494303 0.0539245 0.338995
0.172367 0.507493 0.0985568 0.221583
0.020681 0.511602 0.0587139 0.409003
0.139224 0.476489 0.0509113 0.333375
9.9991E-05 0.137563 0.219795 0.642543
0.099815 0.243364 0.12394 0.532882
0.0596386 0.0730904 0.073833 0.793438
0.0357047 0.324528 0.098916 0.540851
9.9991E-05 0.150878 0.141709 0.707312
9.9991E-05 0.245886 0.141486 0.612529
0.00679473 0.0769596 0.182608 0.733638
0.00888622 0.220248 0.179165 0.591701
9.9991E-05 0.577995 0.105632 0.316273
0.00393953 0.190909 0.21632 0.588831
9.9991E-05 0.0318802 0.189579 0.778441
0.0264179 0.260021 0.108923 0.604638
0.288599 0.425697 0.217339 0.0683643
0.130617 0.477299 9.9991E-05 0.391984
0.120286 0.20484 0.139844 0.535029
0.268685 0.314063 0.0276924 0.38956
0.0776574 0.478015 0.148696 0.295632
0.121334 0.260324 0.222113 0.396228
0.0504092 0.241594 0.249895 0.458101
0.0676481 0.425331 0.108733 0.398288
9.9991E-05 0.209238 0.219164 0.571498
9.9991E-05 0.158864 0.106477 0.73456
0.0072693 9.9991E-05 0.312644 0.679986
0.0452339 0.517395 0.0708772 0.366494
0.223367 0.447584 0.130033 0.199016
9.9991E-05 0.675141 0.264127 0.0606319
0.0926339 0.369641 0.124252 0.413473
0.313917 0.302375 0.107245 0.276463
0.0176199 0.403791 0.214868 0.363721
0.21131 0.343282 0.0721664 0.373241
9.9991E-05 0.332255 0.535006 0.132639
9.9991E-05 0.422668 0.549889 0.0273431
0.0735638 0.42232 0.25308 0.251036
9.9991E-05 0.372778 0.464051 0.163071
9.9991E-05 0.190261 0.593018 0.21662
0.0129793 0.468449 0.201082 0.31749
0.0211515 0.355717 0.262478 0.360654
0.0491875 0.317236 0.361697 0.27188
9.9991E-05 0.387107 0.416463 0.19633
0.110104 0.416951 0.134786 0.338159
9.9991E-05 0.480143 0.335279 0.184479
9.9982E-05 0.329987 0.669813 9.9982E-05
0.172321 0.294341 0.100997 0.432341
0.0838231 0.293314 0.182313 0.44055
0.168765 0.113449 0.230572 0.487214
0.00377285 0.235578 0.145915 0.614735
0.0850672 0.349995 0.071909 0.493029
9.9991E-05 0.329759 0.119752 0.550389
0.112115 0.133057 0.289202 0.465626
0.119332 0.24101 0.156994 0.482664
0.0817934 0.177962 0.245489 0.494755
0.0715938 0.243036 0.256883 0.428487
0.301844 0.260129 0.135717 0.30231
0.197005 0.312373 0.123433 0.367189
0.036094 0.416598 0.0952976 0.45201
0.0521333 0.469208 0.0831653 0.395494
0.0126635 0.143799 0.317495 0.526043
0.0630977 0.259061 0.192004 0.485837
9.9991E-05 0.260172 0.463223 0.276505
0.134199 0.194389 0.155142 0.51627
9.9991E-05 0.204355 0.343201 0.452344
0.0903012 0.0536822 0.835628 0.0203888
0.836732 0.0728227 0.0552775 0.0351676
0.965667 9.9982E-05 0.0341326 9.9982E-05
0.956844 9.9982E-05 0.0429564 9.9982E-05
0.9997 9.998E-05 9.998E-05 9.998E-05
0.970709 9.9991E-05 0.00551657 0.0236749
0.995344 9.9982E-05 9.9982E-05 0.00445602
0.956767 9.9982E-05 0.0430334 9.9982E-05
0.820673 9.9982E-05 0.179127 9.9982E-05
0.0206032 9.9991E-05 0.918252 0.0610444
0.164254 9.9991E-05 0.810849 0.0247968
0.0132413 9.9991E-05 0.898732 0.0879268
0.151 9.9991E-05 0.809665 0.039235
9.9982E-05 9.9982E-05 0.887095 0.112705
0.0923362 9.9991E-05 0.899948 0.00761553
0.0791242 9.9991E-05 0.686816 0.233959
0.0108858 9.9991E-05 0.864623 0.124391
0.136597 0.019335 0.74227 0.101798
9.9982E-05 9.9982E-05 0.89259 0.10721
0.0373129 9.9991E-05 0.948054 0.0145336
0.0536721 9.9991E-05 0.8544 0.0918275
0.0509386 9.9991E-05 0.914629 0.0343326
9.9982E-05 9.9982E-05 0.871975 0.127825
0.0225131 9.9991E-05 0.845054 0.132333
9.9982E-05 9.9982E-05 0.82874 0.17106
9.9982E-05 9.9982E-05 0.75088 0.24892
9.9982E-05 9.9982E-05 0.766104 0.233696
0.00444785 9.9991E-05 0.792993 0.202459
0.094093 0.532824 0.165709 0.207374
0.126701 0.514308 0.0264511 0.33254
0.0933276 0.385056 0.0943003 0.427316
0.0268208 0.751287 0.221793 9.9991E-05
0.171472 0.428513 0.0743404 0.325675
0.00205411 0.686541 0.311305 9.9991E-05
0.157575 0.336976 0.0782717 0.427178
0.192889 0.543953 0.117187 0.14597
0.167137 0.481956 0.0943535 0.256553
0.119748 0.535919 9.9991E-05 0.344233
0.193234 0.518297 0.0723047 0.216164
0.0792516 0.525118 0.00380239 0.391828
0.222714 0.38509 0.0661281 0.326069
0.554342 0.418822 0.0261528 0.00068348
0.0855236 0.705359 0.209017 9.9991E-05
0.0767593 0.671396 0.220668 0.0311773
0.0972467 0.488986 0.0373333 0.376434
0.114654 0.502188 0.0887007 0.294457
0.0201624 0.636763 0.0946158 0.248459
0.0146307 0.551655 0.0550124 0.378702
9.9991E-05 0.327918 0.22097 0.451011
0.158994 0.198682 0.0916765 0.550647
0.155472 0.19114 0.439877 0.213511
0.233067 0.366814 0.0592938 0.340824
0.171078 0.236759 0.176438 0.415724
9.9991E-05 0.274405 0.619466 0.106029
9.9991E-05 0.318647 0.278572 0.40268
0.13745 0.178645 0.304956 0.37895
0.219166 0.162564 0.267211 0.351059
0.170452 0.320965 0.0934963 0.415087
0.0769289 0.305924 0.132451 0.484696
0.218566 0.211466 0.0593215 0.510647
0.0573371 0.364015 0.165291 0.413357
0.0755691 0.133063 0.436431 0.354937
