9.9991E-05 0.0362918 0.0188306 0.944778
0.00739555 0.016948 9.9991E-05 0.975556
0.0791843 9.9991E-05 0.071853 0.848863
0.0536053 0.0387971 0.0820345 0.825563
0.064361 9.9991E-05 0.0421656 0.893373
0.071022 0.218545 0.0822535 0.628179
9.9982E-05 0.115104 9.9982E-05 0.884696
9.999E-05 0.183558 0.0528904 0.763452
9.9982E-05 0.14834 9.9982E-05 0.85146
9.9991E-05 0.173272 0.132719 0.693909
0.0263813 0.165312 9.9991E-05 0.808207
0.362112 0.519424 0.0681451 0.0503185
0.608513 0.227588 0.121354 0.0425447
0.331662 0.46835 0.109618 0.0903701
0.427565 0.326872 0.120554 0.125009
0.456276 0.260929 0.128038 0.154758
0.684537 0.0675421 0.126088 0.121833
0.470206 0.360944 0.115114 0.0537355
0.406687 0.27409 0.0783449 0.240877
0.14051 0.693169 0.0381574 0.128163
0.459669 0.393424 0.134093 0.0128141
0.560801 0.241481 0.0904437 0.107275
0.673267 0.195058 0.0593507 0.0723245
0.364552 0.467537 0.112241 0.0556703
0.584739 0.105382 0.185426 0.124453
0.592833 0.198223 0.159453 0.0494905
0.242948 0.587487 0.107664 0.0619016
0.247323 0.455283 0.240408 0.0569855
0.336548 0.593773 0.00417011 0.0655098
0.0818044 9.9991E-05 0.0450519 0.873044
0.124046 9.9991E-05 0.0279907 0.847864
0.133784 9.9991E-05 0.0581103 0.808006
0.163011 9.9991E-05 0.0723591 0.76453
0.743893 0.208274 9.9991E-05 0.0477334
0.686416 0.13786 0.00954521 0.166179
0.784045 0.183066 0.0327891 9.9991E-05
0.225862 0.585442 0.0588979 0.129798
0.510223 0.442964 0.0467133 9.9991E-05
0.651532 0.181716 0.0301892 0.136563
0.912843 9.9982E-05 9.9982E-05 0.0869568
0.695937 0.146237 0.035223 0.122603
0.762937 0.0750094 9.9991E-05 0.161954
0.392521 0.571091 0.00250972 0.0338785
0.673548 0.151322 0.119439 0.055691
0.727235 0.117172 0.086538 0.0690549
0.666344 0.18985 0.0621173 0.0816885
0.617843 0.381957 9.9982E-05 9.9982E-05
0.862792 0.0405544 0.0082216 0.0884322
0.664156 0.121797 0.0694007 0.144647
0.0769192 0.851951 9.9991E-05 0.0710301
0.297928 0.68221 0.0197612 9.9991E-05
0.1734 0.749292 0.0678501 0.0094579
0.65295 0.198665 0.119986 0.028398
0.655091 0.131937 0.0934395 0.119532
0.642281 0.183937 0.125496 0.0482861
0.361117 0.500761 9.9991E-05 0.138023
0.655907 0.281638 0.0226196 0.0398353
0.615698 0.134367 0.121811 0.128124
0.425282 0.362033 0.0709546 0.141731
0.181298 0.485586 0.0185191 0.314597
0.698122 0.137366 0.0375627 0.126949
0.555357 0.246084 0.0545395 0.144019
0.143558 0.745699 9.9991E-05 0.110644
0.616811 0.310782 0.0723067 9.9991E-05
0.64256 0.164299 0.129368 0.0637732
0.616214 0.130937 0.0954069 0.157442
0.38821 0.451049 0.0790195 0.0817216
0.514786 0.316171 0.153221 0.0158229
0.677415 0.14303 0.0926981 0.0868567
0.352302 0.547833 9.9991E-05 0.0997643
0.789908 0.209892 9.9982E-05 9.9982E-05
0.509374 0.490426 9.9982E-05 9.9982E-05
0.666484 0.151081 0.00708225 0.175352
0.251823 0.746856 0.0012211 9.9991E-05
0.271087 0.728713 9.9982E-05 9.9982E-05
0.597666 0.402134 9.9982E-05 9.9982E-05
0.748773 0.251027 9.9982E-05 9.9982E-05
0.68274 0.0992353 0.0675714 0.150453
0.690035 0.289314 0.017673 0.00297806
0.464204 0.507968 0.0277277 9.9991E-05
0.466673 0.468447 9.9991E-05 0.0647794
0.668769 0.138235 0.142006 0.0509903
0.602651 0.344639 0.00904025 0.0436695
0.688185 0.300129 9.9991E-05 0.0115865
0.625687 0.374113 9.9982E-05 9.9982E-05
0.281028 0.718772 9.9982E-05 9.9982E-05
0.756545 0.191577 0.0517781 9.9991E-05
0.122836 9.9991E-05 0.0283183 0.848745
0.0609395 9.9982E-05 9.9982E-05 0.938861
0.0340845 9.9991E-05 0.050712 0.915103
0.0613351 9.9982E-05 9.9982E-05 0.938465
0.0844892 9.9991E-05 0.00402313 0.911388
0.0322311 9.9982E-05 9.9982E-05 0.967569
0.0343464 9.9991E-05 0.0189524 0.946601
0.611424 0.225591 0.0309552 0.13203
0.639298 0.0997145 0.128734 0.132254
0.319946 0.677997 9.9991E-05 0.00195725
0.574928 0.201844 0.0766091 0.146618
0.655607 0.286488 9.9991E-05 0.0578049
0.770999 0.160261 9.9991E-05 0.0686399
0.734397 0.173779 9.9991E-05 0.0917239
0.705594 0.224665 0.0696404 9.9991E-05
0.2359 0.723087 9.9991E-05 0.0409133
0.507285 0.262647 0.174501 0.0555666
0.70342 0.153368 0.111509 0.0317036
0.675055 0.0710926 0.105831 0.148022
0.552878 0.435667 0.0113554 9.9991E-05
0.748228 0.251572 9.9982E-05 9.9982E-05
0.686343 0.290178 9.9991E-05 0.0233798
0.535676 0.384471 0.0797532 9.9991E-05
0.664868 0.215472 9.9991E-05 0.119559
0.81246 9.9991E-05 0.0343424 0.153098
0.338828 0.556615 0.03088 0.073677
0.412013 0.349113 0.118147 0.120727
0.64162 0.151379 0.0129018 0.194099
0.651756 0.21037 0.0778083 0.0600664
0.566366 0.291134 9.9991E-05 0.1424
0.614621 0.304294 9.9991E-05 0.0809858
0.564408 0.330383 0.0123402 0.0928693
0.592479 0.225352 0.0466562 0.135513
0.663555 0.157932 0.085681 0.0928313
0.675258 0.191313 0.0336054 0.099823
0.655377 0.283028 9.9991E-05 0.0614946
0.670883 0.170747 0.112849 0.0455202
0.562313 0.164717 0.16186 0.11111
0.662715 0.206816 0.130161 0.000308299
0.640643 0.172021 0.0960132 0.0913227
0.680201 0.176405 0.143294 9.9991E-05
0.43442 0.362842 0.0518487 0.15089
0.646104 0.220928 0.123682 0.00928646
0.659321 0.130226 0.112829 0.0976238
0.333121 0.50531 0.129329 0.0322406
0.286311 0.527073 0.0816637 0.104953
0.58878 0.294997 0.0669199 0.0493035
0.164442 0.735172 0.100287 9.9991E-05
0.388656 0.492016 9.9991E-05 0.119228
0.539959 0.438464 9.9991E-05 0.0214766
0.559551 0.386842 9.9991E-05 0.0535065
0.408305 0.485393 0.0250153 0.0812872
0.666652 0.189854 0.0555011 0.0879927
0.454944 0.269141 0.207634 0.0682805
0.662377 0.176903 0.0466203 0.114099
0.193545 0.60381 0.143274 0.0593711
0.693568 0.12999 9.9991E-05 0.176342
0.579365 0.29193 0.0996377 0.0290677
0.0808997 0.685323 0.0252495 0.208527
0.781773 0.0315619 0.0549636 0.131702
0.383841 0.377416 0.118098 0.120645
0.677726 0.101427 0.0967396 0.124108
0.333974 0.44751 0.0565353 0.16198
0.34897 0.517259 9.9991E-05 0.13367
0.581666 0.293036 0.0155792 0.109718
0.655672 0.0866115 0.0217636 0.235953
0.486369 0.231461 0.104504 0.177666
0.118086 0.605126 0.190373 0.0864148
0.725361 0.172147 0.0106871 0.091805
0.555119 0.404143 0.00890769 0.0318305
0.568531 0.342342 0.0494794 0.0396474
0.64998 0.0524761 0.130869 0.166675
0.123607 0.227905 0.33655 0.311938
9.9991E-05 0.206644 0.19888 0.594376
9.9991E-05 0.272336 0.226495 0.501069
0.0287877 0.148657 0.410571 0.411984
0.702691 0.233684 0.0508632 0.0127621
0.644616 0.198962 0.0617035 0.0947181
0.322883 9.9982E-05 0.676917 9.9982E-05
0.382178 0.0368767 0.511237 0.0697079
0.373142 0.084142 0.475423 0.0672927
0.445569 0.462521 0.0918102 9.9991E-05
0.586509 0.191599 0.160583 0.0613098
0.31501 0.610017 0.0457526 0.0292211
0.726882 0.164258 0.0734828 0.0353768
0.569532 0.342481 9.9991E-05 0.0878877
0.64799 0.226383 0.0795783 0.0460487
0.323407 0.608249 0.0682432 9.9991E-05
0.738793 0.126999 0.0904451 0.0437626
0.703873 0.0781641 0.087419 0.130544
0.0338911 9.9982E-05 0.965909 9.9982E-05
0.0840964 9.9982E-05 0.915704 9.9982E-05
0.323924 9.9991E-05 0.590717 0.085259
0.253339 9.9982E-05 0.746461 9.9982E-05
0.103736 0.0478461 0.848318 9.9991E-05
9.998E-05 9.998E-05 0.9997 9.998E-05
9.9991E-05 0.0186523 0.952597 0.028651
0.13529 9.9982E-05 0.86451 9.9982E-05
9.998E-05 9.998E-05 0.9997 9.998E-05
9.998E-05 9.998E-05 0.9997 9.998E-05
9.998E-05 9.998E-05 0.9997 9.998E-05
0.197015 9.9991E-05 0.761525 0.0413604
0.113612 0.00238057 0.839198 0.0448097
9.9982E-05 0.0291709 0.970629 9.9982E-05
0.349265 0.165181 0.45999 0.0255643
0.239863 9.9991E-05 0.682807 0.0772292
0.130678 0.0156407 0.787372 0.0663091
0.0170946 9.9991E-05 0.943176 0.0396293
9.998E-05 9.998E-05 0.9997 9.998E-05
9.9982E-05 9.9982E-05 0.944821 0.0549794
9.998E-05 9.998E-05 0.9997 9.998E-05
0.18048 0.0758144 0.6897 0.0540059
0.0176249 0.0505407 0.906628 0.0252065
9.9991E-05 0.510197 0.112285 0.377418
0.381037 0.28769 0.145476 0.185798
0.404648 0.206473 0.14163 0.247249
0.228946 0.34444 0.164881 0.261732
0.525806 0.0925984 0.195015 0.18658
0.244115 0.313204 0.142207 0.300474
0.525918 0.0881082 0.117391 0.268583
0.326182 0.278032 0.252647 0.14314
0.473046 0.181593 0.214401 0.13096
0.385376 0.178135 0.241578 0.194912
0.466658 0.183069 0.123761 0.226511
0.0717782 0.052446 9.9991E-05 0.875676
9.9982E-05 9.9982E-05 0.0565569 0.943243
9.9982E-05 0.0292738 9.9982E-05 0.970526
0.0243078 9.9982E-05 9.9982E-05 0.975492
9.9991E-05 0.0234355 0.0311933 0.945271
9.9982E-05 9.9982E-05 0.0814688 0.918331
9.9982E-05 9.9982E-05 0.0682105 0.93159
0.0200687 0.0392393 0.012614 0.928078
0.0406738 9.9991E-05 0.0121639 0.947062
9.9982E-05 9.9982E-05 0.0709103 0.92889
9.9982E-05 0.345178 9.9982E-05 0.654622
9.9991E-05 0.33014 0.0141245 0.655635
9.9982E-05 0.389869 9.9982E-05 0.609932
9.9982E-05 0.424568 9.9982E-05 0.575232
0.616653 0.274811 0.0330841 0.0754522
0.601178 0.32129 0.0529183 0.0246135
0.792725 0.129194 0.0191226 0.0589587
0.567259 0.373899 0.0261051 0.0327364
0.313476 0.648455 9.9991E-05 0.0379692
0.774966 0.110829 0.00692357 0.107282
0.766505 0.233295 9.9982E-05 9.9982E-05
0.723201 0.276573 0.000125768 9.9991E-05
0.568232 0.385247 0.0464205 9.9991E-05
0.687484 0.189279 0.106504 0.0167332
0.587032 0.385022 9.9991E-05 0.0278467
0.130621 0.864855 0.00442355 9.9991E-05
0.620703 0.202896 0.0884914 0.0879095
0.486231 0.47515 0.00990962 0.0287089
0.705649 0.246599 0.0382635 0.00948822
0.36963 0.581628 9.9991E-05 0.0486429
0.0222861 0.728822 9.9991E-05 0.248792
0.137328 0.664235 9.9991E-05 0.198337
0.0626196 0.783234 9.9991E-05 0.154047
0.0106865 0.774629 9.9991E-05 0.214584
0.136053 0.725696 0.0409749 0.0972761
0.0915253 0.641007 0.0616308 0.205836
0.0740467 9.9991E-05 0.0197255 0.906128
0.117682 9.9991E-05 0.00641938 0.875798
0.0953991 9.9991E-05 0.106199 0.798301
0.0902888 9.9991E-05 0.109693 0.799918
0.0675218 9.9991E-05 0.0951576 0.837221
9.9982E-05 0.505058 9.9982E-05 0.494742
9.9982E-05 0.45797 9.9982E-05 0.54183
9.9982E-05 0.492143 9.9982E-05 0.507657
0.107631 9.9991E-05 0.027629 0.86464
9.9982E-05 0.537787 9.9982E-05 0.462013
0.241028 0.0718671 0.441216 0.245889
0.506167 0.0798714 0.330285 0.0836764
0.478061 9.9991E-05 0.375818 0.146021
0.319199 0.0891552 0.313326 0.278319
0.542397 0.106757 0.165794 0.185052
9.9991E-05 0.148051 0.364549 0.487301
0.59303 0.371736 9.9991E-05 0.0351335
0.505517 0.423906 0.0158786 0.054699
0.322884 0.488508 9.9991E-05 0.188508
0.561985 0.372541 0.0547599 0.0107139
9.998E-05 0.9997 9.998E-05 9.998E-05
0.536697 0.16299 0.176873 0.12344
0.567629 0.345792 0.0353963 0.051182
0.455525 0.474351 9.9991E-05 0.0700243
0.709664 0.141558 0.0619426 0.0868355
0.199044 0.744025 0.0359379 0.0209922
0.502479 0.368571 0.12885 9.9991E-05
0.630889 0.308066 0.0562626 0.00478291
0.508363 0.140798 0.230781 0.120059
0.47322 0.508858 0.0178218 9.9991E-05
0.496849 0.327012 0.088432 0.0877065
0.548699 0.335917 0.115284 9.9991E-05
0.721148 0.278652 9.9982E-05 9.9982E-05
0.668599 0.194435 0.101839 0.0351266
0.674017 0.193005 0.0505224 0.0824556
0.647166 0.189298 0.0468719 0.116665
0.0798681 9.9991E-05 0.131287 0.788744
0.0623709 0.00446134 0.0814901 0.851678
0.0716204 0.0851395 0.00578141 0.837459
0.00832351 0.108028 0.056362 0.827287
0.104491 9.9991E-05 0.0399659 0.855444
0.2583 0.606293 0.0679266 0.06748
0.564143 0.270377 0.150251 0.0152286
0.534029 0.082512 0.180079 0.20338
0.663862 0.193279 0.130693 0.0121655
0.696076 0.196194 9.9991E-05 0.10763
0.286755 0.585414 0.126937 0.000893756
0.0748258 0.711512 9.9991E-05 0.213563
0.643852 0.262835 0.0530975 0.0402158
0.248338 0.559097 0.0295051 0.163061
0.457948 0.319791 0.133969 0.0882918
0.20295 0.589928 9.9991E-05 0.207022
0.650201 0.115452 0.100804 0.133544
0.336817 0.527942 9.9991E-05 0.13514
0.327836 0.437923 0.191033 0.0432083
0.579689 0.255 0.0989367 0.0663743
0.390908 0.522275 0.0308081 0.056009
0.623839 0.185223 0.0616967 0.129241
0.560107 0.205765 0.111885 0.122243
0.520022 0.47699 9.9991E-05 0.00288732
0.51882 0.203523 0.163367 0.11429
0.667022 0.20629 9.9991E-05 0.126588
0.258981 0.740819 9.9982E-05 9.9982E-05
0.408921 0.56282 0.0238451 0.00441392
0.604598 0.323119 9.9991E-05 0.072183
0.265019 0.670703 9.9991E-05 0.0641779
0.650771 0.294177 9.9991E-05 0.0549523
0.200838 0.67533 0.0479795 0.0758523
0.373088 0.605343 0.0214694 9.9991E-05
0.509424 0.378993 0.0377987 0.0737845
0.683605 0.150095 0.128797 0.0375038
0.427513 0.565219 0.00716767 9.9991E-05
0.476338 0.252627 0.144959 0.126076
0.627322 0.141882 0.0928529 0.137943
0.578213 0.299056 0.113576 0.00915448
0.573617 0.250475 0.106156 0.0697524
0.600242 0.319705 0.0112151 0.0688383
0.357578 0.566862 0.0599752 0.0155853
0.426219 0.408906 0.132824 0.0320499
0.630802 0.278242 0.0824113 0.00854448
0.650978 0.108131 0.0691232 0.171768
0.540178 0.357887 9.9991E-05 0.101835
0.560361 0.297151 0.142388 9.9991E-05
0.422135 0.362768 0.109242 0.105855
0.705493 0.143607 0.0568568 0.094043
0.55417 0.27418 0.0541812 0.117468
0.619537 0.17927 0.0418026 0.15939
0.386767 0.0492822 0.204123 0.359827
0.587376 0.0415177 0.307494 0.0636122
0.524097 0.139934 0.171896 0.164073
0.638012 0.10413 0.180093 0.0777646
0.538331 9.9991E-05 0.210333 0.251236
0.538962 0.403272 0.0576662 9.9991E-05
0.545012 0.121306 0.0855935 0.248089
0.0543076 0.423741 0.227417 0.294534
0.503817 0.14354 0.254743 0.0979002
0.642804 0.0400234 0.174427 0.142746
0.532917 0.110872 0.295975 0.0602362
0.351281 0.274763 0.224141 0.149815
0.541257 0.0163923 0.145309 0.297042
0.602251 0.0171344 0.200129 0.180486
9.9991E-05 0.259609 0.25624 0.48405
0.535288 0.022875 0.256355 0.185482
0.526404 0.0307698 0.264795 0.178031
0.560887 0.108488 0.20829 0.122335
0.545204 0.0309547 0.221834 0.202007
0.472282 0.162655 0.241733 0.12333
0.534474 0.333283 0.132143 9.9991E-05
0.592381 0.194296 0.112234 0.101089
0.170934 0.794663 0.0343031 9.9991E-05
0.189384 0.791716 0.0187997 9.9991E-05
0.46448 0.340162 0.144633 0.0507252
0.384001 0.147197 0.382954 0.0858479
0.403999 0.141439 0.356267 0.098295
0.150908 0.289763 0.37798 0.181348
0.339332 0.12812 0.299536 0.233012
0.0808602 0.629727 0.225264 0.0641483
0.286491 0.40456 0.134489 0.17446
0.596596 0.228169 0.165981 0.00925398
0.590151 0.219849 0.151607 0.0383928
0.301302 0.436933 0.206635 0.0551292
0.501698 0.230017 0.199495 0.0687891
0.591665 0.169786 0.195302 0.0432465
0.449735 0.225707 0.18935 0.135208
0.494515 0.471018 9.9991E-05 0.0343672
0.504367 0.421569 0.0739644 9.9991E-05
0.606272 0.23034 0.163288 9.9991E-05
0.424308 0.402772 0.158803 0.0141163
0.476768 0.247719 0.240425 0.0350884
0.572284 0.389015 0.0386003 9.9991E-05
0.381984 0.581891 0.0360248 9.9991E-05
0.661605 0.232542 0.0733334 0.0325195
0.323172 0.594922 0.0818061 9.9991E-05
0.54708 0.392315 0.0605058 9.9991E-05
0.624772 0.270482 9.9991E-05 0.104647
0.646045 0.271701 0.0570213 0.0252327
0.566708 0.0773345 0.155338 0.200619
0.501854 0.169721 0.170278 0.158148
0.373582 0.150619 0.274135 0.201664
0.401736 0.133789 0.243341 0.221134
0.491058 0.0682061 0.228092 0.212643
0.505574 0.140435 0.181556 0.172435
9.9991E-05 0.55276 0.24811 0.19903
0.573133 0.0466565 0.273286 0.106925
9.9991E-05 0.390578 0.234288 0.375034
0.493111 0.155748 0.318782 0.0323586
0.361505 0.638295 9.9982E-05 9.9982E-05
0.0991695 0.857497 0.0432335 9.9991E-05
0.61423 0.351974 0.0336962 9.9991E-05
0.719749 0.191469 0.0210791 0.0677021
0.573092 0.426709 9.9982E-05 9.9982E-05
0.705101 0.238715 0.0560838 9.9991E-05
0.678326 0.236586 0.0789917 0.00609675
0.115016 0.00152264 0.0369677 0.846494
9.9991E-05 0.134488 0.0901584 0.775254
9.9982E-05 9.9982E-05 0.0475744 0.952226
0.0410524 9.9982E-05 9.9982E-05 0.958748
0.620277 0.226528 0.070873 0.0823223
0.69884 0.149756 0.053353 0.0980505
0.745598 0.23918 0.0151222 9.9991E-05
0.706398 0.1396 0.0481288 0.105873
0.660548 0.24426 0.00152183 0.0936698
0.4514 0.516287 9.9991E-05 0.0322137
0.864201 0.135196 0.000502206 9.9991E-05
0.558305 0.441495 9.9982E-05 9.9982E-05
0.548949 9.9991E-05 0.158585 0.292366
0.591315 0.313362 0.0952229 9.9991E-05
0.542417 0.443735 9.9991E-05 0.0137471
0.723355 0.24992 0.0266251 9.9991E-05
0.688569 0.300819 9.9991E-05 0.0105119
0.822543 0.177257 9.9982E-05 9.9982E-05
0.707202 0.187561 0.00452606 0.100711
0.442591 0.557209 9.9982E-05 9.9982E-05
0.56416 0.43564 9.9982E-05 9.9982E-05
0.54591 0.441578 0.012412 9.9991E-05
0.204485 0.795315 9.9982E-05 9.9982E-05
0.636082 0.333426 9.9991E-05 0.0303921
0.357456 0.642344 9.9982E-05 9.9982E-05
0.204824 0.772134 0.022942 9.9991E-05
0.69362 0.229307 0.061876 0.0151968
0.479944 0.514078 9.9991E-05 0.00587789
0.637041 0.312786 0.00881986 0.0413531
0.793416 0.0785674 0.0630278 0.064989
0.693855 0.229771 0.0577886 0.0185852
0.457165 0.437184 0.105551 9.9991E-05
0.742602 0.232104 9.9991E-05 0.0251944
0.696409 0.269837 9.9991E-05 0.0336545
0.577569 0.422231 9.9982E-05 9.9982E-05
0.704077 0.169187 0.0204945 0.106242
9.9982E-05 0.28311 9.9982E-05 0.71669
0.0837134 0.104173 9.9991E-05 0.812014
9.9982E-05 0.141756 9.9982E-05 0.858044
9.9982E-05 0.141774 9.9982E-05 0.858026
0.0612694 0.158166 9.9991E-05 0.780464
0.322104 0.58881 0.0765552 0.012531
0.42825 0.562274 9.9991E-05 0.00937536
0.466013 0.533787 9.9982E-05 9.9982E-05
0.522091 0.223706 0.187635 0.0665676
0.726033 0.0847725 0.0913236 0.0978714
0.550872 0.393187 9.9991E-05 0.0558408
0.765453 0.16535 0.0596462 0.00955052
0.600291 0.281909 0.0514999 0.0663002
0.781773 0.208513 9.9991E-05 0.00961373
0.774168 0.0362516 0.104807 0.0847736
0.471248 0.509395 0.0192565 9.9991E-05
0.630264 0.339576 9.9991E-05 0.0300593
0.593511 0.406289 9.9982E-05 9.9982E-05
0.698091 0.0848087 0.0820819 0.135019
0.628601 0.371199 9.9982E-05 9.9982E-05
0.616366 0.315863 0.0423773 0.0253935
0.45869 9.9991E-05 0.510791 0.0304192
0.384918 9.9991E-05 0.446717 0.168265
0.361399 9.9991E-05 0.493809 0.144692
0.31208 9.9991E-05 0.544599 0.14322
0.442171 0.111997 0.34684 0.0989912
0.627194 0.269234 0.085826 0.017746
0.0481166 9.9991E-05 0.671527 0.280256
0.351064 9.9991E-05 0.479666 0.16917
0.482375 0.148023 0.207222 0.16238
0.65778 0.100649 0.0315629 0.210008
0.453288 0.307291 0.0584014 0.18102
0.638059 0.0799941 0.122849 0.159099
0.65577 0.142115 0.0184285 0.183687
0.293144 9.9991E-05 0.511369 0.195387
0.331405 0.0864291 0.500464 0.0817029
0.342906 9.9991E-05 0.570223 0.0867703
0.405937 0.114461 0.331003 0.148599
0.238551 0.0517641 0.550161 0.159524
0.429665 0.041407 0.344982 0.183947
0.255065 9.9991E-05 0.62254 0.122295
0.392309 0.042717 0.412546 0.152428
0.5805 0.211878 0.110832 0.0967905
0.442849 0.00715131 0.311643 0.238356
0.120766 9.9991E-05 0.7037 0.175434
0.318375 0.126529 0.409436 0.14566
0.285167 0.488376 9.9991E-05 0.226357
0.594834 0.202483 0.194384 0.00829834
0.376884 0.0333135 0.340462 0.249341
0.737116 0.0825344 0.0217181 0.158632
0.556927 0.1916 0.054994 0.196478
0.392562 0.136105 0.248845 0.222487
0.353179 0.111988 0.320332 0.214501
0.634768 0.0687538 0.155014 0.141464
0.35669 0.0804135 0.465877 0.0970192
0.35661 0.00638727 0.538555 0.0984485
0.145153 9.9991E-05 0.618696 0.236051
0.676341 0.0615334 0.0724747 0.189651
0.603398 0.231318 9.9991E-05 0.165184
0.280034 0.491909 0.0880937 0.139964
0.627434 0.151459 0.183932 0.037175
0.434769 0.295765 0.0871767 0.18229
0.508123 0.0912954 0.178014 0.222568
0.606461 0.173284 0.0152537 0.205001
9.9991E-05 0.386782 0.278488 0.334631
9.9991E-05 0.425763 0.213644 0.360493
0.3471 0.271104 0.137602 0.244194
9.9991E-05 0.351391 0.29218 0.356329
9.9991E-05 0.218028 0.287015 0.494857
0.40147 0.223007 0.173627 0.201896
0.488548 0.135802 0.117293 0.258357
0.22202 0.263362 0.212788 0.301831
0.100668 0.309505 0.249934 0.339892
0.485004 0.19379 0.208712 0.112495
0.273532 0.317532 0.118948 0.289988
9.9991E-05 0.322729 0.168453 0.508718
0.570513 0.0630382 0.228763 0.137686
0.475959 0.168589 0.147447 0.208005
0.378726 0.0883196 0.206564 0.32639
0.464856 9.9991E-05 0.354199 0.180845
0.645534 9.9991E-05 0.174477 0.179889
0.451645 9.9991E-05 0.356028 0.192227
0.323116 9.9991E-05 0.28163 0.395154
0.477579 0.0168059 0.278617 0.226999
0.495638 9.9991E-05 0.234208 0.270054
0.34759 0.0793972 0.2907 0.282313
0.389847 0.290226 0.18672 0.133207
0.511532 0.14473 0.162729 0.18101
0.611811 0.0387643 0.124896 0.224529
0.659923 0.0644714 0.147095 0.128511
0.438642 9.9991E-05 0.292777 0.268481
0.577786 9.9991E-05 0.146371 0.275743
0.169173 0.141548 0.283166 0.406113
0.479934 0.0720333 0.26712 0.180913
0.194714 0.0839496 0.403891 0.317446
0.000203089 0.152334 0.0111287 0.836334
0.187519 0.679628 9.9991E-05 0.132752
9.9982E-05 0.860604 9.9982E-05 0.139196
0.0571329 0.77193 9.9991E-05 0.170837
0.0781532 0.848655 9.9991E-05 0.0730918
0.113411 0.712587 9.9991E-05 0.173901
0.147194 0.739586 9.9991E-05 0.11312
0.0462081 0.746154 9.9991E-05 0.207538
0.0525017 0.6276 9.9991E-05 0.319798
0.0311281 9.9991E-05 0.00595545 0.962816
0.0242852 0.0816904 0.0260283 0.867996
9.9991E-05 0.0447876 0.052202 0.90291
0.0449733 0.0647452 9.9991E-05 0.890181
9.9982E-05 9.9982E-05 0.0738688 0.925931
9.9991E-05 0.052602 0.0261452 0.921153
0.0424324 0.0302721 0.127743 0.799553
0.0523681 9.9991E-05 0.0339026 0.913629
0.0150388 0.122104 0.123965 0.738892
9.9991E-05 0.00329369 0.0795823 0.917024
9.9982E-05 0.0162714 9.9982E-05 0.983529
0.00978011 0.0448595 0.0754204 0.86994
9.998E-05 9.998E-05 9.998E-05 0.9997
0.0665069 9.9991E-05 0.0105392 0.922854
0.0529245 9.9991E-05 0.044579 0.902397
0.0732928 9.9991E-05 0.0705843 0.856023
0.0287486 9.9991E-05 0.199858 0.771293
0.0747103 9.9991E-05 0.145596 0.779594
0.0508805 9.9991E-05 0.117202 0.831818
0.467006 0.298439 0.0578098 0.176745
0.73846 0.0996602 0.0640039 0.0978757
0.642039 0.14319 0.0502221 0.16455
0.265777 0.539712 0.0435291 0.150982
0.64995 0.176407 9.9991E-05 0.173543
0.094454 0.594584 0.148278 0.162684
0.686375 0.127999 0.0493831 0.136243
0.582895 0.304765 9.9991E-05 0.11224
0.629367 0.273217 9.9991E-05 0.097316
0.800944 0.106958 9.9991E-05 0.0919979
0.522258 0.280218 0.0346135 0.16291
0.758143 0.10636 0.0389348 0.0965614
0.613956 0.204701 0.058773 0.12257
0.182697 0.737263 0.0799399 9.9991E-05
0.0515824 0.828567 9.9991E-05 0.119751
0.229492 0.568041 0.0960196 0.106447
0.684585 0.169046 0.0728818 0.0734868
0.641561 0.164062 0.0265383 0.167839
0.627828 0.165816 9.9991E-05 0.206255
0.726424 0.0569609 0.0877243 0.128891
0.565999 9.9991E-05 0.162049 0.271852
0.564862 0.0586482 0.152632 0.223858
0.180446 0.223743 0.18305 0.412761
0.693422 0.0802656 9.9991E-05 0.226212
0.510911 0.116477 0.12755 0.245061
9.9991E-05 0.323135 0.239225 0.43754
0.375036 0.0656359 0.229264 0.330064
0.359031 0.0587857 0.170983 0.4112
0.49195 0.0694327 0.0716117 0.367005
0.633181 0.0151342 0.255571 0.0961134
0.592459 0.00875074 0.190794 0.207996
0.63146 0.02978 0.140418 0.198341
0.490845 0.0959083 0.174323 0.238924
0.282413 0.0478324 0.214947 0.454808
