9.9973E-05 0.0416889 0.00364033 9.9973E-05 0.831391 0.0411112 0.0429453 9.9973E-05 0.00199985 0.0369232
9.9946E-05 9.9946E-05 9.9946E-05 0.0556461 0.905669 0.034579 9.9946E-05 9.9946E-05 0.00350587 9.9946E-05
0.00200614 0.0175828 0.0648453 9.9973E-05 0.806531 9.9973E-05 0.034433 0.0704207 9.9973E-05 0.00388129
9.9955E-05 0.0811528 9.9955E-05 9.9955E-05 0.709167 0.0390112 0.086747 0.0834224 9.9955E-05 9.9955E-05
9.9955E-05 0.0647896 0.0439615 0.0459051 0.789753 9.9955E-05 0.0550911 9.9955E-05 9.9955E-05 9.9955E-05
0.00854145 0.0976273 9.9964E-05 9.9964E-05 0.546632 0.0346158 0.0681503 9.9964E-05 0.244033 9.9964E-05
9.9946E-05 0.0142857 9.9946E-05 9.9946E-05 0.754937 0.0497325 9.9946E-05 9.9946E-05 0.180445 9.9946E-05
9.9964E-05 0.0356063 9.9964E-05 0.00950212 0.663077 0.00387775 0.0444836 9.9964E-05 0.243054 9.9964E-05
0.0646707 9.99549E-05 9.99549E-05 9.99549E-05 0.784057 9.99549E-05 0.0805419 9.99549E-05 0.0259029 0.0443276
9.9946E-05 0.0929823 0.0362171 9.9946E-05 0.639524 9.9946E-05 9.9946E-05 9.9946E-05 0.230677 9.9946E-05
9.9955E-05 0.0213764 9.9955E-05 9.9955E-05 0.670499 0.0632404 0.0455249 9.9955E-05 0.198859 9.9955E-05
0.0185005 0.0313194 0.199638 9.9955E-05 9.9955E-05 0.715837 9.9955E-05 9.9955E-05 0.0342058 9.9955E-05
9.9955E-05 0.0443179 0.451966 9.9955E-05 9.9955E-05 0.309168 0.0976609 0.0963874 9.9955E-05 9.9955E-05
9.9946E-05 9.9946E-05 0.224058 0.0463595 9.9946E-05 0.648138 9.9946E-05 9.9946E-05 9.9946E-05 0.0808456
9.9946E-05 0.0924738 0.222871 9.9946E-05 9.9946E-05 0.640622 9.9946E-05 9.9946E-05 9.9946E-05 0.0434338
9.9946E-05 0.119253 0.203423 9.9946E-05 0.150763 0.525961 9.9946E-05 9.9946E-05 9.9946E-05 9.9946E-05
9.9964E-05 0.109005 0.33227 0.0106947 0.0822078 0.25431 9.9964E-05 0.211113 9.9964E-05 9.9964E-05
0.108743 0.0365055 0.421527 9.9964E-05 9.9964E-05 0.374973 9.9964E-05 9.9964E-05 0.0359837 0.021869
0.0364221 0.0747102 0.274878 9.9964E-05 0.057741 0.55539 9.9964E-05 9.9964E-05 9.9964E-05 0.000459334
9.9937E-05 9.9937E-05 9.9937E-05 9.9937E-05 0.00375281 0.843428 9.9937E-05 9.9937E-05 0.15212 9.9937E-05
0.0332214 0.0284873 0.394487 0.0445403 9.9982E-05 0.393313 0.0107248 9.9982E-05 0.0551091 0.0399175
9.9964E-05 9.9964E-05 0.420517 9.9964E-05 9.9964E-05 0.248307 0.0244176 0.0407533 0.19631 0.069296
0.0312049 9.9964E-05 0.481273 0.00572928 9.9964E-05 0.326198 9.9964E-05 0.0596628 0.0955327 9.9964E-05
9.9946E-05 0.10199 0.145612 9.9946E-05 9.9946E-05 0.637719 9.9946E-05 9.9946E-05 0.114079 9.9946E-05
9.9973E-05 0.0328581 0.599156 9.9973E-05 9.9973E-05 0.0656801 0.0571799 0.142099 0.0655326 0.0371944
9.9946E-05 0.126365 0.457995 9.9946E-05 0.00682495 0.408215 9.9946E-05 9.9946E-05 9.9946E-05 9.9946E-05
9.9937E-05 0.0270182 0.149148 9.9937E-05 9.9937E-05 0.823134 9.9937E-05 9.9937E-05 9.9937E-05 9.9937E-05
9.9937E-05 0.184915 0.0526341 9.9937E-05 9.9937E-05 0.761751 9.9937E-05 9.9937E-05 9.9937E-05 9.9937E-05
9.9937E-05 9.9937E-05 0.165053 9.9937E-05 9.9937E-05 0.761911 9.9937E-05 9.9937E-05 0.0723357 9.9937E-05
9.9946E-05 0.015226 0.189665 9.9946E-05 0.785209 9.9946E-05 9.9946E-05 9.9946E-05 9.9946E-05 0.00930012
9.9946E-05 9.9946E-05 0.174889 0.0021965 0.822104 0.000210864 9.9946E-05 9.9946E-05 9.9946E-05 9.9946E-05
9.9946E-05 0.0500993 0.178841 9.9946E-05 0.760031 0.01043 9.9946E-05 9.9946E-05 9.9946E-05 9.9946E-05
0.0205647 0.0946223 0.136292 0.00661779 0.720218 9.9964E-05 9.9964E-05 9.9964E-05 9.9964E-05 0.0212856
0.190107 9.9973E-05 0.567549 0.027057 0.0236586 0.0744991 0.0420455 9.9973E-05 0.0747836 9.9973E-05
0.193653 0.0222342 0.491917 9.9964E-05 0.111601 0.168337 0.0118578 9.9964E-05 9.9964E-05 9.9964E-05
0.332573 9.9937E-05 0.608742 9.9937E-05 9.9937E-05 9.9937E-05 0.0579856 9.9937E-05 9.9937E-05 9.9937E-05
0.0369798 0.00388209 9.9973E-05 9.9973E-05 0.081756 0.396141 0.151395 0.295967 0.0335795 9.9973E-05
0.523606 9.9964E-05 0.375179 9.9964E-05 0.0442243 9.9964E-05 0.00430819 0.0497865 9.9964E-05 0.00249637
0.141787 0.00741107 0.403827 0.042461 0.00319816 0.094475 9.9982E-05 0.262928 9.9982E-05 0.0437131
0.119379 9.9973E-05 0.656666 9.9973E-05 0.00417795 9.9973E-05 0.0223098 0.0997065 0.0769006 0.0205602
0.0148589 9.9955E-05 0.357121 9.9955E-05 0.0653537 9.9955E-05 9.9955E-05 0.306355 0.255812 9.9955E-05
0.055207 0.00945705 0.639748 9.9964E-05 0.141328 9.9964E-05 0.0129508 9.9964E-05 0.140909 9.9964E-05
0.612198 9.9955E-05 0.201165 9.9955E-05 9.9955E-05 0.12883 0.00729325 9.9955E-05 9.9955E-05 0.0500138
0.0136726 0.0513199 0.551374 9.9955E-05 9.9955E-05 0.089114 9.9955E-05 9.9955E-05 0.294019 9.9955E-05
0.0836736 0.0542423 0.585663 0.0837841 0.0567823 9.9973E-05 0.0764771 9.9973E-05 0.0590772 9.9973E-05
0.297883 0.0815961 0.431726 9.9955E-05 0.104691 9.9955E-05 9.9955E-05 0.0836041 9.9955E-05 9.9955E-05
0.583969 9.9946E-05 0.322419 9.9946E-05 9.9946E-05 9.9946E-05 9.9946E-05 0.0586451 9.9946E-05 0.034367
0.244285 9.9955E-05 0.618331 0.0399297 9.9955E-05 9.9955E-05 0.0661709 9.9955E-05 9.9955E-05 0.0307834
0.169206 9.9964E-05 0.636239 0.0464166 0.110152 9.9964E-05 0.00502861 9.9964E-05 9.9964E-05 0.0325579
0.702809 9.9955E-05 9.9955E-05 0.00485765 0.0254993 9.9955E-05 9.9955E-05 9.9955E-05 0.12694 0.139394
0.176148 0.00264442 9.9973E-05 0.0272967 9.9973E-05 0.363981 0.203251 0.191315 0.0350635 9.9973E-05
0.228041 0.00293175 9.9982E-05 0.0774223 0.00592582 0.304403 9.9982E-05 0.111597 0.208509 0.0609708
0.0517321 0.0478563 0.264316 9.9982E-05 0.0563752 0.160302 0.00733018 0.356644 9.9982E-05 0.0552444
9.9982E-05 0.0593794 0.440822 0.0544569 0.066684 0.0320284 9.9982E-05 0.272569 0.0610821 0.0127787
9.9982E-05 0.0493698 0.434213 0.0437027 0.0228696 0.0370188 9.9982E-05 0.254128 0.07448 0.0840184
0.197807 9.9982E-05 0.0699025 9.9982E-05 0.0634931 0.183039 0.136649 0.167018 0.134612 0.0472794
0.0588952 9.9973E-05 0.438097 0.0503321 9.9973E-05 0.0731906 0.189246 0.185682 0.00425718 9.9973E-05
0.0363016 0.148776 0.317477 0.0925569 0.0380236 0.0602966 0.00437386 0.214429 0.0868792 0.000885982
0.158647 9.9973E-05 0.17938 0.0630436 0.131847 0.163923 9.9973E-05 0.241616 0.0612425 9.9973E-05
0.0972285 0.0355183 9.9991E-05 0.0640805 0.173661 0.324296 0.0743001 0.0928035 0.0883236 0.0496885
0.14105 9.9973E-05 0.293889 9.9973E-05 0.0451065 0.0971207 9.9973E-05 0.342669 0.0293576 0.0505073
0.0166405 0.000810411 0.276229 0.0643721 0.0903991 0.293858 0.0335619 0.188585 9.9991E-05 0.0354436
0.0717679 9.9982E-05 9.9982E-05 0.014615 0.0336224 0.607526 0.0666832 0.0715683 0.128918 0.00509906
0.00184374 9.9955E-05 0.472824 9.9955E-05 9.9955E-05 0.311312 9.9955E-05 0.129047 9.9955E-05 0.0844731
9.9982E-05 0.0247808 0.384442 0.083138 0.0109782 0.0782736 9.9982E-05 0.370928 0.0448008 0.00245852
9.9973E-05 9.9973E-05 0.394236 0.0932282 0.101528 0.152989 0.0369525 0.214613 9.9973E-05 0.00615287
0.0924843 0.0663631 0.20676 0.0566068 0.0619165 0.329693 0.0279775 0.0639624 0.094137 9.9991E-05
0.0173963 9.9973E-05 0.309136 0.00784357 9.9973E-05 0.267211 0.0073678 0.213453 9.9973E-05 0.177292
0.0553299 0.0240735 0.466931 9.9973E-05 9.9973E-05 0.135541 0.0935637 0.15542 9.9973E-05 0.068841
0.0327503 9.9991E-05 0.117849 0.0786684 0.0106747 0.539325 0.101235 0.0484457 0.05126 0.0196919
0.346251 9.9955E-05 0.389282 0.00711888 9.9955E-05 9.9955E-05 9.9955E-05 0.236944 0.0199047 9.9955E-05
0.631304 9.9946E-05 0.152003 9.9946E-05 0.0309208 0.185173 9.9946E-05 9.9946E-05 9.9946E-05 9.9946E-05
0.129111 0.0133211 0.527509 9.9973E-05 0.00125005 0.129578 0.103816 0.0951149 9.9973E-05 9.9973E-05
0.858 0.013222 9.9955E-05 9.9955E-05 9.9955E-05 9.9955E-05 9.9955E-05 0.0593169 0.033922 0.035039
0.814668 9.9955E-05 9.9955E-05 9.9955E-05 9.9955E-05 0.0120645 0.0258268 0.0605891 0.0863514 9.9955E-05
0.640735 0.0163264 0.192641 9.9946E-05 9.9946E-05 9.9946E-05 9.9946E-05 0.149698 9.9946E-05 9.9946E-05
0.392241 9.9955E-05 0.431009 9.9955E-05 0.00543289 0.102175 9.9955E-05 0.068643 9.9955E-05 9.9955E-05
0.0450349 9.9982E-05 0.494694 0.1245 0.122135 0.0862011 0.0270457 9.9982E-05 0.0533416 0.0468481
0.389088 0.0745226 0.394242 9.9964E-05 9.9964E-05 0.0774645 0.00783786 9.9964E-05 9.9964E-05 0.056445
0.484896 0.059781 0.195504 9.9964E-05 0.00800724 0.18024 0.0711721 9.9964E-05 9.9964E-05 9.9964E-05
0.478669 9.9955E-05 0.252896 9.9955E-05 0.0436718 0.0369828 0.187281 9.9955E-05 9.9955E-05 9.9955E-05
0.245675 0.0786422 0.513917 0.00874447 0.0894065 9.9973E-05 0.00681768 9.9973E-05 0.056497 9.9973E-05
0.567709 0.0586644 0.128913 9.9964E-05 0.0480748 0.0895611 9.9964E-05 0.106678 9.9964E-05 9.9964E-05
0.382434 9.9955E-05 0.474916 9.9955E-05 0.0147741 0.0727263 9.9955E-05 9.9955E-05 0.0546499 9.9955E-05
0.515201 9.9955E-05 0.411306 0.0296665 9.9955E-05 9.9955E-05 9.9955E-05 0.006237 0.0370895 9.9955E-05
0.750418 0.0195859 9.9973E-05 0.0496899 9.9973E-05 0.00435253 9.9973E-05 0.0811342 0.0394411 0.0550785
0.220816 0.0291585 0.52366 9.9964E-05 9.9964E-05 9.9964E-05 0.11153 0.106679 9.9964E-05 0.0077574
9.9955E-05 0.00993118 0.104972 9.9955E-05 0.800506 0.0829068 0.0011841 9.9955E-05 9.9955E-05 9.9955E-05
9.99281E-05 9.99281E-05 0.121105 9.99281E-05 0.878096 9.99281E-05 9.99281E-05 9.99281E-05 9.99281E-05 9.99281E-05
9.9946E-05 0.0152251 0.14009 9.9946E-05 0.827721 9.9946E-05 9.9946E-05 9.9946E-05 9.9946E-05 0.0163635
9.9946E-05 0.013287 0.0633992 9.9946E-05 0.815961 9.9946E-05 9.9946E-05 9.9946E-05 9.9946E-05 0.106753
9.9937E-05 9.9937E-05 0.113281 9.9937E-05 0.797612 9.9937E-05 9.9937E-05 9.9937E-05 9.9937E-05 0.0884072
9.9982E-05 0.0161008 0.0334624 0.00421054 0.807911 9.9982E-05 0.0146553 0.0160163 0.00435767 0.103086
9.9955E-05 0.005241 0.0743325 9.9955E-05 0.875538 9.9955E-05 9.9955E-05 0.00153483 9.9955E-05 0.0428535
0.11655 0.079635 0.405094 0.0344049 9.9991E-05 0.040423 0.00877282 0.219888 0.0171384 0.0779931
0.220904 0.14382 0.369036 9.9964E-05 0.0517603 9.9964E-05 0.0695624 0.144518 9.9964E-05 9.9964E-05
0.750396 9.9946E-05 0.0570949 9.9946E-05 0.0430507 0.148859 9.9946E-05 9.9946E-05 9.9946E-05 9.9946E-05
0.0834879 0.0546186 0.494363 0.0716199 0.0679805 0.0616098 9.9982E-05 0.0299157 0.136205 9.9982E-05
0.278927 9.9946E-05 0.474529 9.9946E-05 0.0214231 0.224521 9.9946E-05 9.9946E-05 9.9946E-05 9.9946E-05
0.216345 0.00733341 0.579843 0.0778838 0.0036619 9.9982E-05 0.00847657 9.9982E-05 0.0890849 0.017171
0.169517 0.0152099 0.520352 0.120475 0.0215296 0.0396405 9.9973E-05 0.112976 9.9973E-05 9.9973E-05
0.43457 0.0592606 0.489396 0.0161741 9.9946E-05 9.9946E-05 9.9946E-05 9.9946E-05 9.9946E-05 9.9946E-05
0.647288 9.9946E-05 9.9946E-05 9.9946E-05 0.0597998 0.254318 0.0379951 9.9946E-05 9.9946E-05 9.9946E-05
0.0555708 0.0305738 0.452912 0.0179386 0.101841 0.162092 9.9982E-05 0.151932 9.9982E-05 0.0269393
0.133996 0.0485869 0.544382 9.9982E-05 0.0133853 0.0160377 0.0569476 0.167219 0.0192447 9.9982E-05
0.158653 0.0691096 0.391297 9.9982E-05 0.0668742 9.9982E-05 0.0591549 0.214189 0.0193821 0.0211402
0.497332 9.9955E-05 0.265716 0.0376137 9.9955E-05 9.9955E-05 9.9955E-05 0.108387 9.9955E-05 0.0904524
0.313748 9.9964E-05 0.47496 0.0757005 0.0126261 9.9964E-05 9.9964E-05 0.111185 0.0113803 9.9964E-05
0.322266 9.9973E-05 0.430186 9.9973E-05 9.9973E-05 0.12928 0.0236519 0.00491968 0.0213272 0.0680699
0.509466 0.0922206 0.304357 9.9955E-05 9.9955E-05 0.0564797 9.9955E-05 9.9955E-05 0.036977 9.9955E-05
0.377197 9.9964E-05 0.400505 9.9964E-05 0.0301957 9.9964E-05 0.0964324 0.0803554 0.0149148 9.9964E-05
0.0693039 9.9964E-05 0.429449 9.9964E-05 0.170332 9.9964E-05 0.0734574 0.206581 0.0504763 9.9964E-05
0.0323399 9.9973E-05 9.9973E-05 0.0725599 0.054333 0.332606 0.00897498 0.426927 9.9973E-05 0.0719594
9.9973E-05 0.09705 0.0886886 9.9973E-05 0.0822587 0.1135 0.161193 0.346475 0.110535 9.9973E-05
9.9973E-05 0.0143801 0.469717 0.0294774 0.139424 0.103389 0.0210512 0.22226 9.9973E-05 9.9973E-05
0.0425481 9.9982E-05 0.406257 0.0452349 0.077608 0.0153388 0.057057 0.312931 0.0428243 9.9982E-05
9.9964E-05 9.9964E-05 0.20181 0.0236269 0.0526423 0.222335 0.0642819 0.434905 9.9964E-05 9.9964E-05
9.9955E-05 9.9955E-05 0.407336 9.9955E-05 9.9955E-05 0.123536 0.0840395 0.345914 9.9955E-05 0.0386743
0.00902401 0.0186502 0.177019 9.9973E-05 0.0144723 0.231395 0.108931 0.440208 9.9973E-05 9.9973E-05
9.9991E-05 0.00803615 0.300664 0.0433748 0.0182352 0.0127225 0.0617536 0.390948 0.112905 0.0512613
9.9964E-05 0.076547 0.185221 9.9964E-05 9.9964E-05 9.9964E-05 0.136833 0.527378 0.055306 0.0183153
0.0793091 9.9973E-05 0.292401 0.0167744 9.9973E-05 0.196427 0.00377657 0.337394 0.073618 9.9973E-05
9.9955E-05 9.9955E-05 0.165171 9.9955E-05 0.00189889 0.194188 0.134147 0.504096 9.9955E-05 9.9955E-05
0.0134934 0.0164621 0.499732 9.9973E-05 9.9973E-05 9.9973E-05 0.108057 0.273931 0.0588774 0.0291465
0.0364364 0.103909 0.369302 9.9973E-05 0.0653352 9.9973E-05 0.156332 0.212387 9.9973E-05 0.0559983
0.0122899 0.00784189 0.353135 0.0461778 9.9973E-05 0.106567 0.0667406 0.406947 9.9973E-05 9.9973E-05
9.9982E-05 0.0644521 0.147024 0.0231059 0.0899452 0.00120407 0.0129435 0.63156 0.0295646 9.9982E-05
0.0737298 0.0749268 0.305789 9.9982E-05 0.0125356 9.9982E-05 0.141684 0.338664 0.00443534 0.0480358
9.9973E-05 9.9973E-05 9.9973E-05 0.0137218 0.108185 0.139948 0.0895849 0.570816 0.0461108 0.0313343
9.9964E-05 0.0112111 0.334462 9.9964E-05 0.0281156 0.0360508 0.0483679 0.541393 9.9964E-05 9.9964E-05
9.9946E-05 9.9946E-05 0.279012 0.00644507 9.9946E-05 9.9946E-05 0.0552806 0.658662 9.9946E-05 9.9946E-05
0.108279 0.091428 0.183844 0.0903708 9.9973E-05 0.398721 0.103692 9.9973E-05 0.0233649 9.9973E-05
0.0560197 9.9982E-05 9.9982E-05 0.124434 0.00610537 0.133988 0.103931 0.48003 0.0350182 0.0602729
0.0997691 9.9982E-05 0.481843 0.0117339 0.0035191 0.0373628 0.13877 0.155059 9.9982E-05 0.0717439
0.12092 9.9964E-05 9.9964E-05 0.261424 9.9964E-05 0.0410215 0.166301 0.33591 9.9964E-05 0.074023
0.0881356 0.00719075 0.0350895 9.9982E-05 0.0442987 0.383772 0.0625266 0.362637 0.0161502 9.9982E-05
0.19304 9.9964E-05 0.274227 0.0393787 9.9964E-05 0.230631 0.0728406 0.189483 9.9964E-05 9.9964E-05
0.100473 9.9964E-05 0.168494 9.9964E-05 0.0053207 0.342034 0.141611 0.241668 9.9964E-05 9.9964E-05
0.0889013 0.0294019 0.163022 0.0358663 9.9982E-05 0.384723 0.100718 0.188555 0.00861324 9.9982E-05
9.9964E-05 9.9964E-05 0.442085 9.9964E-05 0.0497993 0.0937144 0.0195918 0.301171 0.0932386 9.9964E-05
0.0866348 0.0878705 0.360774 0.0551843 0.0724789 9.9973E-05 0.0857835 0.250974 9.9973E-05 9.9973E-05
0.10387 9.9982E-05 0.406158 0.0175932 0.0795369 0.100487 0.0312517 0.206041 9.9982E-05 0.0548621
0.0641164 9.9973E-05 9.9973E-05 0.0342194 9.9973E-05 0.251362 0.139278 0.334385 0.0874957 0.0888431
0.0881489 9.9973E-05 0.534834 9.9973E-05 0.0764779 9.9973E-05 0.156174 0.0511728 0.030278 0.0626142
0.0550333 0.0390174 0.410088 0.0464868 9.9991E-05 0.00612457 0.0190675 0.12538 0.251263 0.0474392
0.151476 9.9982E-05 9.9982E-05 0.127797 0.0597831 0.0991927 0.0312981 0.0504619 0.316631 0.16316
0.0520916 0.0603198 0.398669 9.9964E-05 0.0758491 9.9964E-05 9.9964E-05 0.313464 0.0992063 9.9964E-05
0.22274 0.0594172 0.0813972 0.0182678 0.016526 0.0126857 0.0252037 0.372508 0.108604 0.0826502
0.0639511 0.0725592 0.203284 9.9973E-05 9.9973E-05 0.0358443 9.9973E-05 0.365099 0.0767282 0.182235
0.161571 9.9964E-05 0.166052 9.9964E-05 9.9964E-05 9.9964E-05 0.0740297 0.145156 0.182784 0.270007
0.0212369 9.9991E-05 0.154306 0.140148 0.0192326 0.0884778 0.0658783 0.0938732 0.353379 0.0633678
0.153169 9.9973E-05 0.305892 0.0842078 9.9973E-05 9.9973E-05 0.0539119 0.210572 0.0789865 0.112962
0.0539014 9.9991E-05 0.441617 0.148135 0.0613108 0.0112802 0.0114305 0.0460066 0.118457 0.107762
0.237207 0.0812304 0.25847 0.0185895 0.148001 0.00466687 0.0338199 0.0744795 0.143435 9.9991E-05
0.2574 0.113517 9.9973E-05 0.0928874 0.0229283 0.0897833 9.9973E-05 9.9973E-05 0.277354 0.14583
9.9973E-05 9.9973E-05 0.431676 0.0215018 0.051723 0.07149 9.9973E-05 0.273143 0.116378 0.0337885
0.165093 9.9973E-05 0.110778 9.9973E-05 9.9973E-05 0.093676 0.021628 0.285254 0.274722 0.0485501
0.173005 9.9964E-05 0.320012 9.9964E-05 9.9964E-05 0.133552 9.9964E-05 0.195581 0.149374 0.0280755
9.9982E-05 9.9982E-05 0.450426 0.0450038 0.0536353 0.0554619 0.074486 0.173448 0.121493 0.0258467
9.9973E-05 0.21088 0.090395 9.9973E-05 0.222266 9.9973E-05 0.00504788 0.0526382 0.218506 0.199967
9.9946E-05 0.0881267 9.9946E-05 9.9946E-05 0.418074 9.9946E-05 9.9946E-05 9.9946E-05 0.140567 0.352633
9.9955E-05 0.0951782 9.9955E-05 0.0834048 0.282975 9.9955E-05 9.9955E-05 9.9955E-05 0.0796814 0.45826
9.9973E-05 0.236919 0.0601697 9.9973E-05 0.299101 0.0645905 9.9973E-05 0.0657322 0.0357869 0.237401
0.00526166 9.9946E-05 0.324021 9.9946E-05 9.9946E-05 9.9946E-05 9.9946E-05 0.42523 0.244887 9.9946E-05
0.0221618 9.9964E-05 0.457246 9.9964E-05 9.9964E-05 9.9964E-05 0.0856158 0.213961 0.151585 0.069031
9.9937E-05 0.700472 0.265744 9.9937E-05 9.9937E-05 9.9937E-05 9.9937E-05 0.0330841 9.9937E-05 9.9937E-05
0.116227 0.391307 0.292738 9.9964E-05 0.0219074 0.039424 9.9964E-05 0.137996 9.9964E-05 9.9964E-05
0.122176 0.418374 0.274894 0.0351647 0.0592584 9.9973E-05 9.9973E-05 0.0822337 0.00759973 9.9973E-05
0.0840246 0.0373926 0.124591 0.136385 9.9964E-05 9.9964E-05 9.9964E-05 0.187748 0.429459 9.9964E-05
0.0324705 0.0384041 0.278965 0.0103997 0.073136 0.0377074 9.9991E-05 0.342352 0.0473473 0.139118
0.0515238 0.0306951 9.9973E-05 0.194928 9.9973E-05 0.0376213 9.9973E-05 0.195978 0.408493 0.0804605
0.123334 0.00763477 0.245194 9.9973E-05 0.0361933 9.9973E-05 9.9973E-05 0.464013 0.114988 0.0083425
0.0316705 9.9982E-05 0.300172 0.0751163 9.9982E-05 0.132273 0.0655635 0.150248 0.184702 0.0600547
0.014224 0.0280759 0.44543 0.018795 9.9982E-05 0.031072 9.9982E-05 0.184947 0.253417 0.0238391
0.107185 9.9964E-05 9.9964E-05 0.131802 9.9964E-05 0.122738 9.9964E-05 0.261688 0.323486 0.0527022
0.0511177 0.0191812 0.284123 9.9964E-05 0.109746 9.9964E-05 9.9964E-05 0.519631 0.0158007 9.9964E-05
0.0830804 0.0354769 0.44893 0.107564 0.0811444 9.9973E-05 9.9973E-05 0.140466 0.103038 9.9973E-05
9.9937E-05 0.96818 0.0038598 9.9937E-05 9.9937E-05 0.027261 9.9937E-05 9.9937E-05 9.9937E-05 9.9937E-05
9.9937E-05 0.876528 0.0325695 9.9937E-05 9.9937E-05 9.9937E-05 9.9937E-05 0.0902033 9.9937E-05 9.9937E-05
9.9946E-05 0.57893 0.240211 9.9946E-05 0.0228809 0.157378 9.9946E-05 9.9946E-05 9.9946E-05 9.9946E-05
9.9946E-05 0.524814 0.380296 9.9946E-05 9.9946E-05 9.9946E-05 0.0704007 9.9946E-05 9.9946E-05 0.0238902
9.9937E-05 0.757309 0.197501 9.9937E-05 9.9937E-05 9.9937E-05 9.9937E-05 9.9937E-05 0.0444905 9.9937E-05
9.9928E-05 0.981533 9.9928E-05 9.9928E-05 9.9928E-05 9.9928E-05 9.9928E-05 9.9928E-05 9.9928E-05 0.017668
9.9955E-05 0.928426 9.9955E-05 0.0187029 0.0332219 0.0158428 0.00330636 9.9955E-05 9.9955E-05 9.9955E-05
9.9928E-05 0.809577 0.189624 9.9928E-05 9.9928E-05 9.9928E-05 9.9928E-05 9.9928E-05 9.9928E-05 9.9928E-05
9.9946E-05 0.934036 0.00789668 9.9946E-05 9.9946E-05 0.0193129 0.0381548 9.9946E-05 9.9946E-05 9.9946E-05
9.99201E-05 0.999101 9.99201E-05 9.99201E-05 9.99201E-05 9.99201E-05 9.99201E-05 9.99201E-05 9.99201E-05 9.99201E-05
9.9928E-05 0.975262 9.9928E-05 9.9928E-05 9.9928E-05 9.9928E-05 9.9928E-05 9.9928E-05 9.9928E-05 0.0239382
9.9964E-05 0.718719 0.223349 9.9964E-05 0.0289907 0.00245237 0.0250217 9.9964E-05 0.00106769 9.9964E-05
9.9973E-05 0.785332 0.0868727 9.9973E-05 0.0286638 0.000538888 0.0308286 9.9973E-05 0.0133449 0.054119
0.019071 0.970681 9.9937E-05 9.9937E-05 9.9937E-05 9.9937E-05 0.00954803 9.9937E-05 9.9937E-05 9.9937E-05
0.0138398 0.355922 0.226648 9.9982E-05 0.0903123 0.0131613 0.069946 0.161816 0.0681543 9.9982E-05
9.9964E-05 0.597801 0.170462 9.9964E-05 0.0499548 9.9964E-05 0.0423072 0.100825 9.9964E-05 0.0382504
9.9946E-05 0.636063 0.282548 9.9946E-05 9.9946E-05 9.9946E-05 9.9946E-05 0.0132885 9.9946E-05 0.0675007
9.9946E-05 0.829786 0.0628124 9.9946E-05 9.9946E-05 0.0196014 0.0872007 9.9946E-05 9.9946E-05 9.9946E-05
9.99387E-05 0.91269 0.0626291 9.99387E-05 9.99387E-05 9.99387E-05 0.0239817 9.99387E-05 9.99387E-05 9.99387E-05
9.9946E-05 0.791874 0.139331 9.9946E-05 0.0591391 9.9946E-05 9.9946E-05 9.9946E-05 9.9946E-05 0.00905619
9.9937E-05 0.96591 9.9937E-05 9.9937E-05 0.0104135 9.9937E-05 9.9937E-05 9.9937E-05 0.0229768 9.9937E-05
0.00118318 0.563534 0.29591 0.0188837 0.0581208 0.00818556 0.0185131 9.9991E-05 0.0320183 0.00355173
9.9955E-05 0.862081 9.9955E-05 0.0194585 0.0373139 0.0477834 9.9955E-05 0.0328638 9.9955E-05 9.9955E-05
9.9964E-05 0.0106867 9.9964E-05 0.00126216 0.206171 0.00426949 9.9964E-05 9.9964E-05 0.573136 0.204075
0.0316551 0.010115 0.317261 0.000847455 0.118016 9.9991E-05 0.0729178 0.208007 0.157091 0.0839885
9.9973E-05 0.0967908 0.17549 9.9973E-05 0.149219 9.9973E-05 0.0245389 0.269664 0.278354 0.00564311
9.9973E-05 0.0906015 9.9973E-05 0.053868 0.14614 9.9973E-05 0.018267 0.156841 0.353691 0.180291
0.101446 0.202576 0.239465 0.00158594 0.12893 9.9973E-05 9.9973E-05 0.156514 0.169184 9.9973E-05
0.0586033 0.105863 9.9973E-05 9.9973E-05 0.161043 0.00184151 9.9973E-05 0.196801 0.302005 0.173543
9.9973E-05 0.133926 0.34124 0.0181163 0.119623 9.9973E-05 0.0932028 0.04916 0.244432 9.9973E-05
9.9964E-05 0.181436 0.0252389 9.9964E-05 0.0797955 9.9964E-05 9.9964E-05 0.308767 0.271675 0.132687
9.9982E-05 0.102549 0.307412 9.9982E-05 0.12613 0.0153412 0.00970683 0.186065 0.168533 0.0840636
9.9973E-05 0.16804 0.241631 0.0203476 0.108335 9.9973E-05 9.9973E-05 0.147374 0.283616 0.030357
9.9982E-05 0.00206346 0.508196 9.9982E-05 0.174242 0.0526379 0.00364836 0.0222891 0.172206 0.0645176
9.9964E-05 9.9964E-05 0.0367748 0.0147415 0.791229 9.9964E-05 0.0877703 9.9964E-05 0.0473424 0.0217418
9.9955E-05 0.0636123 9.9955E-05 0.028043 0.868836 9.9955E-05 9.9955E-05 9.9955E-05 0.0122811 0.0267277
9.9937E-05 9.9937E-05 0.00209856 9.9937E-05 0.896753 9.9937E-05 9.9937E-05 9.9937E-05 9.9937E-05 0.100449
9.9955E-05 9.9955E-05 0.00151565 9.9955E-05 0.896186 9.9955E-05 0.0260884 0.029398 9.9955E-05 0.0463124
9.9964E-05 9.9964E-05 0.0418928 9.9964E-05 0.8477 0.0550836 0.017557 9.9964E-05 0.0047814 0.0325851
0.0312977 0.0812751 9.9955E-05 0.00958074 0.862784 9.9955E-05 9.9955E-05 9.9955E-05 9.9955E-05 0.014563
9.9955E-05 0.0689156 0.0375131 9.9955E-05 0.878362 9.9955E-05 9.9955E-05 9.9955E-05 0.00744867 0.00726115
9.9964E-05 9.9964E-05 9.9964E-05 0.0487477 0.834699 9.9964E-05 0.00870115 0.0265461 0.0241051 0.0568014
9.9955E-05 0.0261565 0.0148381 9.9955E-05 0.832403 0.0315677 9.9955E-05 9.9955E-05 9.9955E-05 0.0945347
9.9946E-05 0.0518588 9.9946E-05 9.9946E-05 0.765568 0.0460348 9.9946E-05 9.9946E-05 9.9946E-05 0.135939
0.0704279 0.000334935 9.9964E-05 0.0511542 0.613859 0.207136 0.0566873 9.9964E-05 9.9964E-05 9.9964E-05
0.0435767 9.9955E-05 9.9955E-05 9.9955E-05 0.535865 0.136559 0.225146 9.9955E-05 9.9955E-05 0.0583532
0.122548 9.9964E-05 9.9964E-05 9.9964E-05 0.505125 0.214653 0.0933921 9.9964E-05 0.000222788 0.0636589
0.0342028 9.9964E-05 9.9964E-05 0.0784025 0.471607 0.296072 0.078642 9.9964E-05 0.0406735 9.9964E-05
0.162075 9.9964E-05 0.521103 0.0378253 0.0720126 0.194243 9.9964E-05 9.9964E-05 9.9964E-05 0.0123412
0.154576 9.9964E-05 0.552138 0.0818798 0.00792845 0.119026 0.0840518 9.9964E-05 9.9964E-05 9.9964E-05
0.11887 9.9973E-05 0.569395 0.0481113 9.9973E-05 0.0735884 0.123897 0.0570535 0.00878504 9.9973E-05
0.260025 9.9964E-05 0.262535 9.9964E-05 9.9964E-05 0.164271 0.029713 0.237447 9.9964E-05 0.045608
0.0722073 9.9964E-05 0.0553134 0.01277 9.9964E-05 0.40573 0.270222 0.183357 9.9964E-05 9.9964E-05
0.0972432 0.0586279 0.534602 0.0253238 0.0304528 9.9982E-05 0.0795507 0.144368 0.0296318 9.9982E-05
0.201711 9.9946E-05 0.334248 9.9946E-05 9.9946E-05 9.9946E-05 9.9946E-05 0.451089 9.9946E-05 0.0123532
0.261181 9.9964E-05 0.409881 9.9964E-05 9.9964E-05 9.9964E-05 0.0217864 0.244107 0.0114872 0.0511576
0.452157 0.0225196 0.31698 0.0378055 9.9964E-05 9.9964E-05 9.9964E-05 0.112911 0.0572274 9.9964E-05
0.154396 0.0196138 0.388177 9.9964E-05 9.9964E-05 9.9964E-05 0.150058 0.282689 9.9964E-05 0.00466674
0.23964 9.9973E-05 0.398317 0.126362 9.9973E-05 0.0993124 0.0705352 0.0443596 0.0211735 9.9973E-05
0.715824 9.9955E-05 9.9955E-05 0.247736 9.9955E-05 0.0124226 0.0184964 0.00502082 9.9955E-05 9.9955E-05
0.0298603 9.9991E-05 0.175589 0.0564269 0.0541152 0.12348 0.0965194 0.437594 0.0245001 0.00181435
0.466109 9.9973E-05 0.224936 0.0919634 0.0222325 9.9973E-05 0.0050995 0.0959193 9.9973E-05 0.0934398
0.222013 0.0393805 0.367562 0.0988085 9.9955E-05 9.9955E-05 9.9955E-05 0.271736 9.9955E-05 9.9955E-05
0.573781 9.9955E-05 0.179908 9.9955E-05 0.033814 0.116616 0.0953822 9.9955E-05 9.9955E-05 9.9955E-05
9.9955E-05 9.9955E-05 0.0402913 9.9955E-05 0.0120372 9.9955E-05 0.76096 9.9955E-05 0.112367 0.0738451
9.9964E-05 0.0153435 9.9964E-05 0.00334172 0.00260435 9.9964E-05 0.804953 0.0229088 0.150449 9.9964E-05
9.9937E-05 9.9937E-05 9.9937E-05 0.0605384 9.9937E-05 9.9937E-05 0.884147 9.9937E-05 0.0546153 9.9937E-05
0.04516 9.9955E-05 9.9955E-05 0.0432032 0.0213416 9.9955E-05 0.85683 9.9955E-05 0.0329656 9.9955E-05
0.0206482 0.0587382 9.9955E-05 0.0318419 9.9955E-05 9.9955E-05 0.816062 9.9955E-05 0.0722104 9.9955E-05
9.9937E-05 0.115053 0.00938295 9.9937E-05 9.9937E-05 9.9937E-05 0.874865 9.9937E-05 9.9937E-05 9.9937E-05
9.9955E-05 0.0328027 0.0646805 9.9955E-05 0.835434 9.9955E-05 9.9955E-05 0.0421667 9.9955E-05 0.0244163
9.9973E-05 0.0174242 0.0715473 9.9973E-05 0.763384 0.0396503 0.0186963 0.00212814 9.9973E-05 0.0868694
9.9946E-05 0.0747159 0.171305 9.9946E-05 0.70622 9.9946E-05 9.9946E-05 9.9946E-05 9.9946E-05 0.0471601
9.9964E-05 0.0845923 0.0598201 9.9964E-05 0.725976 0.0809237 0.00195317 9.9964E-05 9.9964E-05 0.0463349
9.9955E-05 0.0345809 0.0472775 9.9955E-05 0.706073 9.9955E-05 9.9955E-05 0.10793 9.9955E-05 0.10364
0.0247358 9.9955E-05 9.9955E-05 9.9955E-05 0.345891 0.0261013 0.452927 9.9955E-05 0.149844 9.9955E-05
0.0362839 9.9964E-05 9.9964E-05 0.102322 0.399955 0.0122058 0.37935 9.9964E-05 0.0694826 9.9964E-05
0.106664 9.9955E-05 9.9955E-05 0.0837882 0.39137 0.0289059 0.388772 9.9955E-05 9.9955E-05 9.9955E-05
9.9937E-05 9.9937E-05 0.184674 9.9937E-05 0.788429 0.0261979 9.9937E-05 9.9937E-05 9.9937E-05 9.9937E-05
0.138394 9.9973E-05 9.9973E-05 0.0515588 0.318843 0.0234936 0.420541 9.9973E-05 0.0334519 0.0134172
9.99479E-05 0.296517 0.332045 9.99479E-05 0.126261 9.99479E-05 9.99479E-05 9.99479E-05 9.99479E-05 0.244578
9.9964E-05 0.180742 0.401405 9.9964E-05 0.155983 9.9964E-05 0.0374554 0.186996 0.0370178 9.9964E-05
9.99371E-05 0.261527 0.602786 9.99371E-05 0.134988 9.99371E-05 9.99371E-05 9.99371E-05 9.99371E-05 9.99371E-05
0.031852 0.174838 0.349953 0.00378637 0.176308 9.9991E-05 0.00186194 0.0812826 0.0715311 0.108487
9.9964E-05 0.0966303 0.418938 9.9964E-05 0.123186 9.9964E-05 0.0193753 0.235328 0.106143 9.9964E-05
9.9955E-05 0.290423 9.9955E-05 9.9955E-05 0.308211 0.0127384 9.9955E-05 9.9955E-05 0.107214 0.280913
0.0846287 9.9973E-05 0.344637 0.026448 9.9973E-05 0.23458 0.163522 0.0862926 0.0595914 9.9973E-05
0.0955481 9.9973E-05 0.00351728 0.101141 9.9973E-05 9.9973E-05 0.120347 0.587181 0.0058188 0.086147
9.9955E-05 9.9955E-05 0.0576616 9.9955E-05 0.0601969 0.483418 0.109651 0.288572 9.9955E-05 9.9955E-05
0.121591 0.0023745 0.158129 9.9964E-05 9.9964E-05 0.074476 9.9964E-05 0.572941 0.0700886 9.9964E-05
0.311261 9.9964E-05 9.9964E-05 0.344939 9.9964E-05 0.112181 0.0393352 9.9964E-05 0.0851861 0.106699
0.0223067 9.9973E-05 0.453111 9.9973E-05 0.0144415 0.149956 0.101318 0.14473 9.9973E-05 0.113837
0.135037 9.9991E-05 0.385273 0.0993005 0.0542485 0.0494668 0.0717446 0.112746 0.0418272 0.0502571
0.0851132 9.9982E-05 0.144314 0.0165751 0.0243265 0.415246 0.0663796 0.228672 0.0191732 9.9982E-05
0.1328 0.00817186 0.519707 9.9982E-05 0.0922541 0.0518392 0.159273 0.0112189 9.9982E-05 0.0245353
0.155456 9.9964E-05 9.9964E-05 0.0442631 9.9964E-05 0.374967 9.9964E-05 0.219214 0.0735262 0.132174
0.0422974 0.0660033 0.17977 9.9991E-05 0.00605417 0.0566124 0.0485841 0.480337 0.116777 0.00346513
0.0892212 9.9955E-05 0.414576 9.9955E-05 9.9955E-05 0.101469 0.130076 0.264157 9.9955E-05 9.9955E-05
0.123478 0.152512 0.298421 9.9973E-05 0.131083 0.0845446 9.9973E-05 0.130091 9.9973E-05 0.0795699
9.9946E-05 9.9946E-05 9.9946E-05 0.112473 9.9946E-05 0.217422 0.00614537 0.663359 9.9946E-05 9.9946E-05
0.022885 9.9982E-05 0.157402 0.0120441 0.0479658 0.0601591 0.1626 0.517493 9.9982E-05 0.01925
0.0852394 0.10589 0.285056 0.0955197 0.00496908 0.134096 9.9982E-05 0.200527 0.0885035 9.9982E-05
0.171739 9.9946E-05 0.388013 9.9946E-05 9.9946E-05 9.9946E-05 0.0978259 0.341822 9.9946E-05 9.9946E-05
0.0278009 0.0339521 0.578539 0.0469307 0.0124456 0.019502 0.0673866 0.127597 0.0534797 0.0323662
0.123983 0.0652144 0.324866 9.9991E-05 0.0605359 0.0318756 0.0666431 0.277232 0.028935 0.0206156
0.0169491 9.9973E-05 0.393157 9.9973E-05 0.0552466 0.0126669 0.109938 0.301053 9.9973E-05 0.110689
9.9946E-05 0.0865733 9.9946E-05 9.9946E-05 0.762654 9.9946E-05 9.9946E-05 0.140662 0.00951081 9.9946E-05
0.0080083 0.038103 0.0533621 0.0600374 0.791549 9.9964E-05 9.9964E-05 9.9964E-05 0.0485406 9.9964E-05
0.00460971 0.00288223 0.0824834 0.0285144 0.727272 9.9982E-05 0.0595771 9.9982E-05 0.0635973 0.0308643
0.104572 0.0532762 0.0126309 9.9955E-05 0.79261 9.9955E-05 0.0364113 9.9955E-05 9.9955E-05 9.9955E-05
9.9955E-05 0.0163421 0.104668 9.9955E-05 0.79765 9.9955E-05 9.9955E-05 0.0285718 0.0522687 9.9955E-05
0.0292561 9.9964E-05 0.0780066 9.9964E-05 9.9964E-05 0.495019 0.131619 0.208796 9.9964E-05 0.0569028
0.131112 0.0388884 0.290693 9.9973E-05 0.0486074 0.142485 9.9973E-05 0.301202 9.9973E-05 0.0467125
0.0221482 0.185324 0.246387 0.0175685 0.14053 9.9982E-05 9.9982E-05 0.231422 0.112767 0.043653
0.140318 9.9973E-05 0.449935 0.0053563 0.0560144 0.0761719 0.0224356 0.249469 9.9973E-05 9.9973E-05
0.0247602 9.9973E-05 0.437697 0.021348 9.9973E-05 0.0375615 0.165087 0.231199 9.9973E-05 0.0820479
9.9982E-05 0.0305042 0.0202563 0.00833329 9.9982E-05 0.246507 0.0674842 0.475847 0.0529264 0.0979423
0.0862586 9.9964E-05 9.9964E-05 9.9964E-05 0.123283 0.362706 0.167842 0.172314 9.9964E-05 0.0871967
0.0198724 0.0353277 0.430237 0.0232895 9.9982E-05 0.042253 0.263367 0.171946 9.9982E-05 0.0135083
0.0230637 9.9982E-05 0.0358376 0.133329 0.06832 0.325561 0.178456 0.233536 0.00169671 9.9982E-05
0.184203 0.0595997 0.0671039 9.9973E-05 0.0522503 0.089117 0.000101625 0.547325 9.9973E-05 9.9973E-05
0.0368657 9.9973E-05 9.9973E-05 0.0339549 0.149375 0.407005 0.209137 0.162191 9.9973E-05 0.00117172
9.9964E-05 0.0835038 0.408101 9.9964E-05 0.0785252 0.0750185 0.060431 0.29402 9.9964E-05 9.9964E-05
0.0576801 9.9973E-05 0.0592148 0.00977888 0.0832263 0.423946 0.161602 0.204252 9.9973E-05 9.9973E-05
0.00382323 0.0256904 0.146812 0.0617131 0.0110031 0.212695 0.0531614 0.330982 0.15402 9.9991E-05
0.00996735 0.0291665 0.478999 0.0564155 9.9982E-05 0.0421553 0.133485 9.9982E-05 0.142717 0.106894
9.9955E-05 9.9955E-05 0.140481 0.0201553 9.9955E-05 0.085158 9.9955E-05 0.17157 0.582136 9.9955E-05
9.9955E-05 9.9955E-05 0.484235 9.9955E-05 0.052427 0.0235435 9.9955E-05 0.0853955 0.3539 9.9955E-05
0.0681828 9.9982E-05 0.535896 0.0661582 0.0585339 0.0449954 9.9982E-05 0.0203214 0.123782 0.0819301
0.0376729 9.9964E-05 0.132583 0.0677598 9.9964E-05 9.9964E-05 0.00160567 0.240252 0.519726 9.9964E-05
0.0970183 0.0629994 0.342768 0.105937 0.0458462 0.0327683 0.0130232 0.198085 0.101454 9.9991E-05
0.0434256 9.9973E-05 0.425299 0.140829 9.9973E-05 9.9973E-05 0.0187035 0.189154 0.160926 0.0213629
0.0975905 9.9955E-05 9.9955E-05 0.105128 9.9955E-05 9.9955E-05 0.030577 0.274576 0.491628 9.9955E-05
0.088784 9.9964E-05 0.072859 0.0231324 9.9964E-05 9.9964E-05 9.9964E-05 0.233723 0.499407 0.0816954
0.0422564 9.99606E-05 0.326483 0.112624 9.99606E-05 9.99606E-05 9.99606E-05 0.279218 0.238919 9.99606E-05
0.130122 9.99639E-05 9.99639E-05 0.111225 9.99639E-05 0.0210866 0.013812 0.188758 0.534596 9.99639E-05
0.0485805 9.9964E-05 0.380209 9.9964E-05 9.9964E-05 0.118337 9.9964E-05 0.143636 0.294898 0.0139392
0.0799165 9.9964E-05 9.9964E-05 9.9964E-05 0.00125812 0.529966 0.146786 0.199243 9.9964E-05 0.0424295
0.0552298 9.9955E-05 9.9955E-05 0.161769 9.9955E-05 0.20827 0.093043 0.481188 9.9955E-05 9.9955E-05
0.00975916 0.0348835 0.101486 9.9982E-05 0.0155327 0.244067 0.146837 0.402439 9.9982E-05 0.0447963
0.00673341 9.9964E-05 0.63095 9.9964E-05 9.9964E-05 0.177378 0.116923 0.0165147 9.9964E-05 0.0511011
0.108364 0.012319 0.105099 9.9964E-05 9.9964E-05 0.42845 0.123609 0.22176 9.9964E-05 9.9964E-05
0.0449389 0.0633177 0.366523 0.0515422 0.0417653 9.9991E-05 0.079933 0.223468 0.076019 0.0523935
0.067572 0.0354625 0.501628 9.9964E-05 9.9964E-05 9.9964E-05 0.121562 0.146531 9.9964E-05 0.126844
9.9964E-05 0.0211088 0.396475 9.9964E-05 9.9964E-05 0.340648 0.0574503 0.127978 9.9964E-05 0.0559399
0.0379397 0.0485661 0.321683 0.0268264 0.0117192 0.204969 0.0819319 0.266165 9.9982E-05 9.9982E-05
0.0859595 0.0373804 0.403861 0.0401026 0.00700512 0.127057 0.226366 0.0673816 0.00478645 9.9991E-05
0.150456 0.0782152 0.0983241 0.0104974 9.9973E-05 0.370163 0.162704 0.129341 9.9973E-05 9.9973E-05
0.0968191 0.141648 0.217857 9.9973E-05 9.9973E-05 0.218332 0.211504 0.0899451 0.023595 9.9973E-05
0.0697309 0.0413479 0.331641 0.00150486 9.9982E-05 0.013507 0.107348 0.386019 0.0487016 9.9982E-05
9.9964E-05 9.9964E-05 0.361234 0.036828 0.0957388 0.129742 0.022397 0.35366 9.9964E-05 9.9964E-05
0.111124 9.9991E-05 0.150018 0.0975828 0.055567 0.0142356 0.100851 0.442671 0.0151498 0.0127005
9.9973E-05 0.0510694 0.269494 0.0240399 9.9973E-05 0.0772139 0.0672419 0.454961 9.9973E-05 0.0556799
9.9964E-05 9.9964E-05 0.366452 9.9964E-05 9.9964E-05 0.309442 0.13915 0.111572 0.00247983 0.0705046
9.9955E-05 9.9955E-05 0.390723 0.0452346 9.9955E-05 0.110474 0.0649835 0.388085 9.9955E-05 9.9955E-05
9.99844E-05 0.0630141 0.32632 0.0214968 0.0292086 0.133212 0.135076 0.258217 9.99844E-05 0.0332549
9.9982E-05 0.0740511 0.330654 0.0261364 0.0371483 0.0888366 0.0972593 0.282515 0.0631997 9.9982E-05
9.9964E-05 0.101578 0.432361 9.9964E-05 0.264441 0.0201973 9.9964E-05 9.9964E-05 0.0700403 0.110983
0.0997412 0.206528 0.221194 9.9982E-05 0.122813 0.0470471 9.9982E-05 0.228452 0.0164456 0.0575796
0.0209671 0.115253 0.292463 9.9964E-05 0.179246 9.9964E-05 9.9964E-05 0.281422 0.110249 9.9964E-05
9.9982E-05 0.0690687 0.462366 0.0704265 0.108231 0.0911295 9.9982E-05 0.161943 0.0319098 0.00472547
0.0299609 0.204855 0.372115 0.0446628 0.157179 0.104374 9.9982E-05 0.0622073 9.9982E-05 0.0244464
9.9964E-05 0.0090731 0.0500067 0.116056 9.9964E-05 0.130004 9.9964E-05 0.641761 0.0526997 9.9964E-05
0.0292363 0.0821788 0.400724 0.0529182 0.139578 0.0251708 0.0817606 0.114791 0.0660788 0.0075632
0.12481 0.0993042 9.9973E-05 9.9973E-05 0.156765 0.0546412 9.9973E-05 0.124002 0.252601 0.187577
9.9964E-05 0.197965 0.236571 9.9964E-05 0.0905109 0.0418922 9.9964E-05 0.407256 0.0254048 9.9964E-05
0.0397914 0.0918855 0.519157 0.0786402 0.0590258 0.0652116 9.9982E-05 0.0907696 9.9982E-05 0.0553191
9.9973E-05 0.153602 0.35092 9.9973E-05 0.0631546 0.104118 0.00105216 0.230446 9.9973E-05 0.0964066
0.0513517 0.104293 0.212048 9.9982E-05 0.0587419 0.209258 9.9982E-05 0.0733111 0.0377868 0.253009
9.9964E-05 0.184527 0.429783 9.9964E-05 0.195596 9.9964E-05 9.9964E-05 0.0763163 0.0651211 0.0482569
9.9964E-05 0.125721 0.40227 0.0229677 0.134782 9.9964E-05 9.9964E-05 0.24178 0.07208 9.9964E-05
0.0726875 0.162912 9.9955E-05 0.0293339 0.304953 9.9955E-05 9.9955E-05 9.9955E-05 9.9955E-05 0.429614
0.0525771 0.161172 0.476293 9.9973E-05 0.127518 0.0308699 9.9973E-05 0.0449499 9.9973E-05 0.10632
9.9973E-05 0.13678 0.519529 0.0490708 0.124378 0.00458132 9.9973E-05 0.113117 9.9973E-05 0.0522439
0.0856091 0.18528 0.380431 0.0038596 0.0656263 9.9973E-05 9.9973E-05 0.160114 0.118779 9.9973E-05
9.9964E-05 0.178131 0.303446 9.9964E-05 0.162416 0.0245392 9.9964E-05 0.317662 9.9964E-05 0.0134067
0.00729234 0.166054 0.443172 9.9982E-05 0.105354 0.0544283 0.0209577 0.0720979 0.130443 9.9982E-05
0.0287106 0.0679584 0.356553 0.423164 0.0151604 0.0308651 0.0581335 0.0192553 9.9982E-05 9.9982E-05
9.9964E-05 0.0028355 0.551343 0.242806 9.9964E-05 9.9964E-05 0.147303 9.9964E-05 0.0258043 0.0295083
0.0555664 9.9955E-05 0.00204593 0.801498 9.9955E-05 0.119117 9.9955E-05 9.9955E-05 0.0212726 9.9955E-05
9.99549E-05 9.99549E-05 9.99549E-05 0.890316 0.00315835 0.0207936 0.071814 0.0134187 9.99549E-05 9.99549E-05
0.00741147 0.096519 0.446942 0.225139 9.9982E-05 0.000912892 0.0262954 0.133094 0.0634866 9.9982E-05
9.9982E-05 0.288985 0.320381 0.0580453 0.0609286 0.052888 9.9982E-05 0.0430801 0.0993337 0.0761581
9.9955E-05 0.316663 0.387601 0.162369 0.00221228 9.9955E-05 9.9955E-05 9.9955E-05 9.9955E-05 0.130655
9.9982E-05 0.252546 0.160219 0.172253 0.149223 0.0475402 0.00803697 9.9982E-05 0.01461 0.195372
9.9964E-05 0.203839 0.338124 0.171316 0.130501 0.00778539 9.9964E-05 9.9964E-05 9.9964E-05 0.148034
9.9973E-05 0.0740294 0.101547 0.612193 0.00923789 9.9973E-05 9.9973E-05 0.0188949 0.068477 0.115321
9.9946E-05 9.9946E-05 0.210388 0.567636 0.0326911 9.9946E-05 9.9946E-05 9.9946E-05 9.9946E-05 0.188685
0.0282877 0.0726929 0.46822 0.269679 9.9973E-05 9.9973E-05 0.0274261 0.116487 9.9973E-05 0.016908
9.9955E-05 0.107538 0.416951 0.409534 0.0199153 0.0455617 9.9955E-05 9.9955E-05 9.9955E-05 9.9955E-05
9.9946E-05 0.0677273 0.217846 0.632894 0.0809332 9.9946E-05 9.9946E-05 9.9946E-05 9.9946E-05 9.9946E-05
0.00984585 0.0708842 0.514925 0.308276 0.0552564 0.024811 0.0157013 9.9973E-05 9.9973E-05 9.9973E-05
9.9973E-05 0.036626 0.541741 0.32746 0.0116998 9.9973E-05 0.0289988 0.0246856 9.9973E-05 0.0284894
9.9973E-05 0.102504 0.465183 0.181271 0.0412459 0.115895 0.0775065 9.9973E-05 0.0160942 9.9973E-05
0.042473 9.9982E-05 0.240434 0.543805 0.0109993 0.039608 0.00573273 0.111278 0.00546964 9.9982E-05
0.0309563 9.9973E-05 0.306915 0.426088 9.9973E-05 0.0783051 9.9973E-05 0.0928498 0.04698 0.0176061
0.0958193 0.05927 0.363983 0.247556 0.0111195 9.9991E-05 0.00986025 0.127316 0.0137098 0.0712662
9.9973E-05 0.0519291 0.328178 0.366219 0.0958618 9.9973E-05 0.090981 9.9973E-05 0.0606773 0.00585391
0.0697991 0.110744 0.396435 0.127734 0.00224577 0.0436447 0.0752994 0.0229722 0.109181 0.041945
9.9955E-05 9.9955E-05 0.41816 0.387154 9.9955E-05 9.9955E-05 9.9955E-05 0.0811551 0.0627813 0.0502494
9.9946E-05 9.9946E-05 0.181041 0.72525 9.9946E-05 9.9946E-05 0.0375025 0.0556071 9.9946E-05 9.9946E-05
0.019296 0.0133585 0.558325 0.346271 9.9964E-05 9.9964E-05 9.9964E-05 0.0528128 9.9964E-05 0.00953624
9.99459E-05 9.99459E-05 0.16644 0.683414 9.99459E-05 0.0823385 9.99459E-05 0.0672071 9.99459E-05 9.99459E-05
9.9946E-05 9.9946E-05 0.346714 0.509324 0.0379417 9.9946E-05 9.9946E-05 0.10542 9.9946E-05 9.9946E-05
0.0252496 0.0422999 0.475985 0.191221 0.082933 9.9973E-05 0.0534618 0.128549 9.9973E-05 9.9973E-05
0.03644 9.9964E-05 0.348525 0.343705 0.0474669 9.9964E-05 9.9964E-05 0.222159 0.00130358 9.9964E-05
0.0619743 0.179195 0.423071 0.0676814 0.0826785 9.9982E-05 9.9982E-05 0.0488014 0.115289 0.0211101
9.9973E-05 0.206703 0.330703 0.123136 0.119961 0.0454441 0.127519 9.9973E-05 9.9973E-05 0.0462342
9.9973E-05 0.247657 0.313629 0.0278102 0.145127 9.9973E-05 0.043099 9.9973E-05 0.184324 0.0380538
9.9982E-05 0.187044 0.181859 0.0988446 0.136247 9.9982E-05 0.0764151 0.220246 0.0576919 0.0414517
0.104031 0.175919 0.300045 0.00991087 0.150335 0.0524609 0.0286262 0.143511 9.9991E-05 0.0350617
9.9982E-05 0.109254 0.470101 0.0712847 0.122688 0.00586697 0.0589198 9.9982E-05 0.115187 0.0464988
9.9955E-05 0.116289 9.9955E-05 0.601523 0.148224 9.9955E-05 0.072053 9.9955E-05 9.9955E-05 0.0614112
9.9973E-05 0.153965 0.558097 0.120444 0.0687098 9.9973E-05 0.0249414 9.9973E-05 0.0528811 0.020662
9.9946E-05 0.0752509 9.9946E-05 0.473846 0.338594 9.9946E-05 9.9946E-05 9.9946E-05 9.9946E-05 0.111709
0.0107036 0.187518 0.413455 0.247161 0.014461 9.9973E-05 9.9973E-05 0.114957 9.9973E-05 0.0114448
0.155376 9.9946E-05 0.107141 0.727927 9.9946E-05 9.9946E-05 9.9946E-05 9.9946E-05 9.9946E-05 0.00895632
0.0521727 9.9937E-05 9.9937E-05 0.857984 9.9937E-05 0.0891441 9.9937E-05 9.9937E-05 9.9937E-05 9.9937E-05
0.0127537 9.9955E-05 0.464324 0.453249 9.9955E-05 0.0393628 9.9955E-05 9.9955E-05 0.0298108 9.9955E-05
