9.9964E-05 9.9964E-05 0.0109777 0.0694511 0.0593897 9.9964E-05 0.819257 0.0359369 9.9964E-05 0.0045875
0.0301254 0.0218234 9.9955E-05 0.0496635 9.9955E-05 9.9955E-05 0.896196 9.9955E-05 0.0016919 9.9955E-05
9.9973E-05 9.9973E-05 0.106759 0.0605473 0.0204145 9.9973E-05 0.733559 0.0293409 0.00868827 0.0403908
9.9964E-05 9.9964E-05 0.047548 0.0693532 0.022987 9.9964E-05 0.709223 0.0642267 0.0862621 9.9964E-05
0.0121578 9.9955E-05 0.0598036 9.9955E-05 0.0276488 9.9955E-05 0.847042 0.0528484 9.9955E-05 9.9955E-05
9.9964E-05 0.187452 0.000942115 9.9964E-05 0.0995853 0.0439517 0.571443 0.0962261 9.9964E-05 9.9964E-05
9.9946E-05 0.12466 9.9946E-05 0.0264327 9.9946E-05 9.9946E-05 0.765759 9.9946E-05 0.0825489 9.9946E-05
0.000162375 0.146748 9.9973E-05 0.0326418 0.0732635 9.9973E-05 0.695358 0.00332487 0.0482018 9.9973E-05
9.99639E-05 9.99639E-05 9.99639E-05 0.00842924 0.0162902 0.0996091 0.806619 9.99639E-05 0.0514839 0.0171686
0.0499885 0.10723 0.0772485 0.0484215 9.9964E-05 9.9964E-05 0.663649 0.0530624 9.9964E-05 9.9964E-05
9.9937E-05 0.207114 9.9937E-05 9.9937E-05 0.0748431 9.9937E-05 0.717343 9.9937E-05 9.9937E-05 9.9937E-05
9.9937E-05 9.9937E-05 0.138494 9.9937E-05 9.9937E-05 9.9937E-05 9.9937E-05 0.0482396 0.812567 9.9937E-05
0.0102467 0.0296173 0.495262 9.9964E-05 0.0196115 9.9964E-05 9.9964E-05 9.9964E-05 0.404028 0.0408341
9.9964E-05 9.9964E-05 0.165642 0.0245223 9.9964E-05 9.9964E-05 0.0527193 0.032418 0.694323 0.0299757
0.00952107 9.9964E-05 0.123737 0.00342202 9.9964E-05 9.9964E-05 0.031319 0.126723 0.704877 9.9964E-05
9.9955E-05 0.0992817 0.275154 9.9955E-05 9.9955E-05 9.9955E-05 0.0857421 0.117769 0.421553 9.9955E-05
0.0200455 9.9955E-05 0.56815 0.00760805 9.9955E-05 9.9955E-05 9.9955E-05 9.9955E-05 0.361718 0.0419785
0.0445816 0.136112 0.347925 0.0348931 9.9982E-05 0.0597394 9.9982E-05 0.0205129 0.348874 0.00716245
9.9955E-05 9.9955E-05 0.294096 9.9955E-05 9.9955E-05 9.9955E-05 0.119424 0.00432416 0.560609 0.0210463
9.9955E-05 0.0822855 9.9955E-05 0.0251762 0.0638159 9.9955E-05 0.0248684 9.9955E-05 0.803354 9.9955E-05
0.0753315 9.9973E-05 0.252523 0.0183934 9.9973E-05 0.154234 9.9973E-05 0.0639216 0.419053 0.0162436
0.0882715 0.10493 0.396772 0.0198743 0.0113725 0.0507113 0.0137096 9.9991E-05 0.237921 0.0763385
9.9955E-05 0.0503585 0.443198 9.9955E-05 9.9955E-05 0.136359 0.0916603 9.9955E-05 0.277925 9.9955E-05
9.9964E-05 0.0281769 0.148472 0.0181482 9.9964E-05 0.0477492 9.9964E-05 0.0870845 0.669969 9.9964E-05
0.0511467 0.0504435 0.61386 0.00364224 0.00739268 9.9982E-05 0.117689 0.0011629 0.154463 9.9982E-05
9.9964E-05 0.0229758 0.440243 0.00550089 9.9964E-05 9.9964E-05 0.00928787 0.110843 0.410749 9.9964E-05
9.9946E-05 9.9946E-05 0.0335639 0.0249202 9.9946E-05 9.9946E-05 9.9946E-05 0.0769417 0.863975 9.9946E-05
9.9937E-05 9.9937E-05 0.0636424 9.9937E-05 9.9937E-05 9.9937E-05 9.9937E-05 0.149167 0.786492 9.9937E-05
0.00751296 0.0306521 0.125858 9.9964E-05 9.9964E-05 9.9964E-05 0.0464734 9.9964E-05 0.787584 0.00151992
9.99201E-05 9.99201E-05 9.99201E-05 0.999101 9.99201E-05 9.99201E-05 9.99201E-05 9.99201E-05 9.99201E-05 9.99201E-05
9.99201E-05 9.99201E-05 9.99201E-05 0.999101 9.99201E-05 9.99201E-05 9.99201E-05 9.99201E-05 9.99201E-05 9.99201E-05
9.9946E-05 9.9946E-05 0.119324 0.341425 9.9946E-05 9.9946E-05 0.522404 0.0162477 9.9946E-05 9.9946E-05
9.9973E-05 9.9973E-05 0.066156 0.253796 0.0156475 0.0590928 0.509747 0.0818501 9.9973E-05 0.0134104
0.0512882 0.089172 0.524767 9.9973E-05 9.9973E-05 0.198735 0.0186135 0.0262726 0.0908522 9.9973E-05
9.9973E-05 9.9973E-05 0.495977 0.0423833 0.0684951 0.203967 0.0422581 0.0231074 0.123512 9.9973E-05
0.0146139 0.0361128 0.520125 9.9964E-05 9.9964E-05 0.378262 0.0296444 0.0208418 9.9964E-05 9.9964E-05
9.9964E-05 0.0287687 0.0826098 0.0202067 0.148615 9.9964E-05 0.0430633 9.9964E-05 0.676337 9.9964E-05
9.9982E-05 0.00710142 0.219009 0.0107017 9.9982E-05 0.682448 0.00092789 0.0457729 0.0329075 0.000931218
0.0458073 9.9982E-05 0.391629 0.000333564 0.010294 0.308373 0.100076 0.0346548 0.108633 9.9982E-05
9.9964E-05 0.128518 0.566079 0.0282888 9.9964E-05 0.159687 9.9964E-05 0.0438753 0.0731523 9.9964E-05
9.9964E-05 0.30645 0.497148 0.0395332 0.0324599 0.0837556 0.0402529 9.9964E-05 9.9964E-05 9.9964E-05
9.9973E-05 0.129793 0.600925 0.0560652 0.0394418 0.0497917 0.0306626 9.9973E-05 0.0930216 9.9973E-05
9.9973E-05 0.0190357 0.119124 0.016717 0.00569745 0.618115 9.9973E-05 9.9973E-05 0.175117 0.0458932
9.9964E-05 0.297405 0.506493 9.9964E-05 0.02513 0.0464488 0.0484561 0.0756674 9.9964E-05 9.9964E-05
9.9982E-05 0.0507182 0.631879 0.0384696 0.0218131 0.160792 0.0571737 0.0243971 0.0145566 9.9982E-05
9.9973E-05 9.9973E-05 0.513003 0.0245716 9.9973E-05 0.163037 0.132064 0.110073 0.0478794 0.00907254
0.0202585 9.9955E-05 0.342878 0.00277786 9.9955E-05 0.580208 9.9955E-05 9.9955E-05 9.9955E-05 0.0533773
9.9937E-05 9.9937E-05 0.657855 9.9937E-05 9.9937E-05 0.279224 0.0622212 9.9937E-05 9.9937E-05 9.9937E-05
0.0482874 0.0209563 0.478061 0.0474826 0.0190169 0.203018 0.172273 0.00230314 9.9991E-05 0.00850186
0.0356891 9.9946E-05 9.9946E-05 9.9946E-05 9.9946E-05 0.721729 0.0294764 9.9946E-05 9.9946E-05 0.212505
0.0355198 0.0193939 0.0973066 9.9964E-05 0.207334 0.220106 9.9964E-05 9.9964E-05 0.41994 9.9964E-05
0.15309 0.0979441 9.9964E-05 9.9964E-05 0.0143542 0.216612 9.9964E-05 9.9964E-05 0.342324 0.175276
0.0697866 0.0471635 0.451756 0.0422425 9.9991E-05 0.0996036 0.0210703 0.0980255 0.158309 0.0119432
0.133263 0.0561123 0.563197 0.0123702 9.9973E-05 9.9973E-05 0.0883156 0.0184642 0.127978 9.9973E-05
0.127469 0.0717046 0.527981 9.9991E-05 0.0111128 0.0502331 0.0843012 0.0639005 0.04671 0.0164882
0.102661 0.00405959 0.136641 0.0206555 0.184097 0.205351 9.9982E-05 9.9982E-05 0.215821 0.130515
0.0475603 9.9964E-05 0.607893 9.9964E-05 0.15834 0.0107349 9.9964E-05 9.9964E-05 0.0458587 0.129213
0.0504448 0.0921826 0.562859 9.9982E-05 9.9982E-05 0.0291211 0.0654404 0.0179508 0.141566 0.0402354
0.0385195 0.0899731 0.268589 0.0121441 0.0646881 0.149522 0.104874 0.0229081 0.246168 0.00261376
0.0322613 0.0318554 0.0406947 9.9982E-05 0.0443495 0.0461565 0.1636 9.9982E-05 0.500364 0.140518
9.9982E-05 0.0059393 0.499882 0.0816527 0.0470686 0.199612 9.9982E-05 0.0322254 0.091313 0.0421072
0.0736009 9.9973E-05 0.380041 0.0147102 0.0685616 9.9973E-05 0.0140762 9.9973E-05 0.283884 0.164827
9.9973E-05 0.0974357 9.9973E-05 0.0407557 0.0954795 0.0566865 0.0301987 9.9973E-05 0.674931 0.00421318
0.062408 9.9964E-05 0.485113 9.9964E-05 0.0278856 0.0016611 9.9964E-05 9.9964E-05 0.402382 0.0201506
0.122677 9.9964E-05 0.669158 0.00545988 0.0533549 0.0681899 9.9964E-05 9.9964E-05 9.9964E-05 0.0807604
0.0416419 0.0269685 0.572905 0.0453427 9.9973E-05 9.9973E-05 0.00123502 9.9973E-05 0.197385 0.114222
0.0375156 0.0672784 0.183382 0.0324564 9.9991E-05 0.15317 0.00327726 0.0680836 0.404603 0.0501343
9.9973E-05 0.0134261 0.3934 0.0454835 9.9973E-05 0.055127 9.9973E-05 0.00693738 0.439032 0.0462936
0.106127 9.9973E-05 0.550447 0.024808 0.054735 0.0426014 9.9973E-05 9.9973E-05 0.160991 0.0599913
0.0179412 0.0701163 0.117428 0.0658953 0.0741143 0.121015 9.9982E-05 9.9982E-05 0.479105 0.0541842
9.9946E-05 9.9946E-05 0.508653 9.9946E-05 0.0153045 0.381174 9.9946E-05 9.9946E-05 0.0942692 9.9946E-05
9.9946E-05 9.9946E-05 0.162296 0.0393143 9.9946E-05 0.634543 9.9946E-05 9.9946E-05 0.163247 9.9946E-05
0.0695894 9.9973E-05 0.462156 9.9973E-05 0.0919103 0.233397 0.0315999 0.0825932 9.9973E-05 0.0284541
9.9946E-05 0.0284853 9.9946E-05 9.9946E-05 0.0113773 0.863201 9.9946E-05 9.9946E-05 9.9946E-05 0.0963365
0.117104 9.9946E-05 9.9946E-05 9.9946E-05 9.9946E-05 0.694352 9.9946E-05 9.9946E-05 0.149728 0.0382172
0.0180212 9.9946E-05 0.279811 9.9946E-05 9.9946E-05 0.680806 9.9946E-05 9.9946E-05 9.9946E-05 0.0207622
9.9964E-05 0.0317653 0.448452 9.9964E-05 0.00776129 0.481659 0.0294215 0.000540726 9.9964E-05 9.9964E-05
9.9982E-05 9.9982E-05 0.501628 0.021961 0.031506 0.144937 0.117631 0.0559816 0.0795031 0.0466524
9.9946E-05 9.9946E-05 0.364902 0.0275941 9.9946E-05 0.580883 9.9946E-05 0.0260207 9.9946E-05 9.9946E-05
9.9973E-05 9.9973E-05 0.171728 0.0010663 0.154024 0.54016 0.0203434 0.0585067 0.0538717 9.9973E-05
9.9955E-05 9.9955E-05 0.249687 9.9955E-05 0.23846 0.430379 0.0267181 9.9955E-05 0.054256 9.9955E-05
0.0502305 9.9982E-05 0.508345 0.0533045 0.00698058 0.207275 0.038904 0.0570776 0.0776826 9.9982E-05
0.0299552 9.9964E-05 0.190957 0.0464056 9.9964E-05 0.624601 9.9964E-05 0.0640007 0.0436804 9.9964E-05
9.9973E-05 0.0324191 0.355299 0.0255731 0.0308259 0.46442 0.0370625 9.9973E-05 0.0541008 9.9973E-05
0.0624292 9.9946E-05 0.345145 0.00852057 9.9946E-05 0.583306 9.9946E-05 9.9946E-05 9.9946E-05 9.9946E-05
0.140663 9.9964E-05 0.0101635 9.9964E-05 0.0122488 0.690311 9.9964E-05 9.9964E-05 0.0109927 0.135221
9.9964E-05 9.9964E-05 0.531586 0.013101 0.0667122 0.296392 9.9964E-05 0.0465117 9.9964E-05 0.0452976
9.9955E-05 9.9955E-05 0.100958 0.0675844 0.0135947 9.9955E-05 0.735913 9.9955E-05 0.0814503 9.9955E-05
9.9937E-05 9.9937E-05 0.120236 0.110064 9.9937E-05 9.9937E-05 0.769 9.9937E-05 9.9937E-05 9.9937E-05
9.9946E-05 9.9946E-05 0.119625 0.110489 9.9946E-05 9.9946E-05 0.732054 0.0372328 9.9946E-05 9.9946E-05
9.9955E-05 9.9955E-05 0.0344328 0.150474 9.9955E-05 0.00535738 0.71475 9.9955E-05 9.9955E-05 0.094486
9.9946E-05 9.9946E-05 0.0919314 0.128067 9.9946E-05 9.9946E-05 0.756376 9.9946E-05 9.9946E-05 0.0230261
0.0262207 0.00922462 0.0013012 0.0630378 0.0236562 9.9982E-05 0.763844 0.0617318 9.9982E-05 0.0507836
9.99371E-05 9.99371E-05 0.0789943 0.0734275 9.99371E-05 9.99371E-05 0.846879 9.99371E-05 9.99371E-05 9.99371E-05
9.9973E-05 9.9973E-05 0.421322 0.060046 0.102193 0.276653 0.0363093 0.0496133 0.0535634 9.9973E-05
9.9973E-05 0.0208052 0.543538 9.9973E-05 0.0688651 0.115712 0.0198065 0.118127 0.112847 9.9973E-05
9.9937E-05 9.9937E-05 9.9937E-05 9.9937E-05 9.9937E-05 0.7545 0.00311289 9.9937E-05 0.241688 9.9937E-05
9.9973E-05 0.122289 0.40079 0.077377 9.9973E-05 0.247374 0.0103574 0.116684 0.0248291 9.9973E-05
9.9964E-05 0.141064 0.35946 0.0225079 9.9964E-05 0.357624 9.9964E-05 0.0131097 0.105834 9.9964E-05
0.0831139 0.0300158 0.464923 0.0245828 9.9973E-05 0.323092 0.0193799 0.0545931 9.9973E-05 9.9973E-05
0.0892521 0.101054 0.441186 9.9964E-05 9.9964E-05 0.293201 0.0227561 0.0521504 9.9964E-05 9.9964E-05
9.9955E-05 9.9955E-05 0.370109 0.034112 9.9955E-05 0.5034 0.00721357 0.0846657 9.9955E-05 9.9955E-05
9.9946E-05 9.9946E-05 9.9946E-05 9.9946E-05 0.0670596 0.678727 0.0496562 9.9946E-05 0.203957 9.9946E-05
0.0158843 0.0515017 0.460925 0.0147821 9.9991E-05 0.139918 0.0797395 0.0353236 0.114947 0.0868792
0.00385485 0.114993 0.603795 9.9973E-05 9.9973E-05 0.186531 0.011461 0.0144816 0.0645831 9.9973E-05
0.0287688 9.9982E-05 0.463197 0.0233929 0.0921361 0.126342 0.0699263 0.114674 0.0813625 9.9982E-05
0.0367535 9.9955E-05 0.330425 9.9955E-05 0.0306742 0.49182 9.9955E-05 9.9955E-05 9.9955E-05 0.109828
0.00089449 0.0285976 0.50317 9.9955E-05 9.9955E-05 0.404316 9.9955E-05 9.9955E-05 9.9955E-05 0.0625225
9.9964E-05 9.9964E-05 0.455702 0.021272 0.0876648 0.362671 0.015866 9.9964E-05 0.056425 9.9964E-05
0.038556 9.9946E-05 0.23674 9.9946E-05 9.9946E-05 0.583238 9.9946E-05 0.140867 9.9946E-05 9.9946E-05
9.9964E-05 9.9964E-05 0.436588 0.0117826 0.0349717 0.385798 0.117831 9.9964E-05 0.0126289 9.9964E-05
9.9982E-05 0.0697803 0.648107 0.0140629 0.031835 0.0638729 0.0913252 9.9982E-05 0.023809 0.0570079
0.173395 9.9982E-05 0.144331 0.0107879 0.0433189 0.00262067 0.0275725 9.9982E-05 0.457491 0.140283
9.9982E-05 0.0421102 0.367037 0.0480206 0.204331 9.9982E-05 0.0349834 0.00289595 0.245031 0.0553909
0.113914 0.00682211 0.498588 0.018333 0.0629945 0.0558708 0.126402 9.9982E-05 0.116876 9.9982E-05
9.9991E-05 0.000130692 0.591418 0.0226713 0.0133113 0.125446 0.0784135 0.0426033 0.058037 0.0678682
0.0361992 9.9955E-05 0.412206 0.0672647 0.139313 9.9955E-05 9.9955E-05 9.9955E-05 0.344518 9.9955E-05
0.0668891 9.9982E-05 0.597867 0.0411088 0.126 9.9982E-05 0.0127878 0.0124052 0.10705 0.0356929
9.9964E-05 9.9964E-05 0.445789 9.9964E-05 0.13208 0.0324281 0.0305788 0.0150815 0.343643 9.9964E-05
0.149162 9.9982E-05 0.401894 0.0221014 0.134834 0.0525632 9.9982E-05 0.0341836 0.170533 0.0345298
9.9982E-05 0.0525483 0.653828 0.0295119 0.0694205 0.00196276 0.0701103 9.9982E-05 0.0712619 0.051156
0.0848929 0.0272209 0.513501 0.0133374 0.0488826 0.0766407 0.0320324 9.9982E-05 0.203292 9.9982E-05
0.0580679 0.0049058 0.535865 9.9955E-05 0.189667 9.9955E-05 9.9955E-05 9.9955E-05 0.210995 9.9955E-05
0.0358985 0.0390188 0.667636 0.00649533 0.0907255 0.0420861 0.0396841 9.9982E-05 9.9982E-05 0.0782559
0.123554 0.0977987 0.450091 0.00430002 0.0987932 0.0462969 0.0466738 0.120354 9.9991E-05 0.0120387
9.9946E-05 9.9946E-05 0.599333 9.9946E-05 0.0676565 9.9946E-05 9.9946E-05 0.0162586 0.316152 9.9946E-05
0.102993 9.9955E-05 0.597852 0.00683753 0.117996 9.9955E-05 9.9955E-05 9.9955E-05 9.9955E-05 0.173822
0.0289538 0.0336897 0.54068 9.9991E-05 0.0740522 0.0920805 0.00650975 0.0604004 0.153358 0.010176
0.0794996 0.0872728 0.3169 0.0100913 0.0456655 9.9982E-05 0.0924085 9.9982E-05 0.229052 0.138911
0.0315258 0.0504778 0.599939 0.00588037 0.0857579 0.0452851 0.0190118 9.9991E-05 0.146395 0.0156268
0.00795577 9.9955E-05 0.652437 9.9955E-05 0.0978707 9.9955E-05 9.9955E-05 9.9955E-05 0.123768 0.117469
0.0442444 9.9982E-05 0.20963 9.9982E-05 0.183753 0.149157 0.0224955 0.0548406 0.308509 0.0271711
0.126831 0.132435 0.146212 9.9973E-05 0.0381998 0.0991128 9.9973E-05 9.9973E-05 0.317712 0.139197
0.0844189 0.174549 0.48424 9.9973E-05 0.124458 9.9973E-05 0.0369133 0.0553335 9.9973E-05 0.0397881
0.268422 0.0292387 0.0462133 9.9982E-05 0.182348 0.163692 9.9982E-05 0.0414852 0.197904 0.0704963
0.0723416 9.9964E-05 0.230957 9.9964E-05 0.132526 0.111313 0.0531338 9.9964E-05 0.399329 9.9964E-05
0.0131945 0.0179996 0.467684 9.9964E-05 0.141189 0.115099 9.9964E-05 9.9964E-05 0.244433 9.9964E-05
9.9973E-05 0.013945 0.266261 0.0432903 0.165343 0.10155 0.00666221 9.9973E-05 0.402648 9.9973E-05
0.0108112 0.124004 0.213414 9.9982E-05 0.200649 0.00612664 0.0254551 0.0176297 0.40171 9.9982E-05
0.0926134 0.0269792 0.52208 0.00628795 9.9982E-05 0.129619 0.0634809 0.0648391 0.0939006 9.9982E-05
0.0699216 9.9991E-05 0.559704 0.0274341 0.0270919 0.0562233 0.0862635 0.0136636 0.0829335 0.0766641
0.0804234 0.00363745 0.425097 9.9991E-05 0.0824872 0.0790381 0.0925027 0.0163156 0.198368 0.0220297
0.12919 0.090858 0.0468712 0.00404109 0.13128 0.0534266 9.9991E-05 0.0639575 0.325501 0.154774
9.9982E-05 0.0624542 0.523569 9.9982E-05 0.0231938 0.171158 0.100742 0.0174 0.0287766 0.0725068
0.116456 0.228288 0.296173 0.0260656 0.0354326 0.1353 0.0245949 0.127595 9.9991E-05 0.00999496
0.1345 0.319657 9.9973E-05 9.9973E-05 0.0907378 0.20871 0.0889556 9.9973E-05 0.0118336 0.145307
0.0528979 9.9955E-05 0.642623 9.9955E-05 9.9955E-05 0.179044 0.11169 0.0132451 9.9955E-05 9.9955E-05
0.132764 0.0482374 0.288714 9.9973E-05 0.10506 0.1974 0.134609 9.9973E-05 9.9973E-05 0.0929154
0.0539548 0.15735 0.388654 9.9982E-05 0.0215919 0.173962 0.0555069 0.102113 9.9982E-05 0.0466676
0.0143166 0.374327 0.142209 0.0233156 0.0766752 0.105617 9.9991E-05 0.00387925 0.107478 0.152082
0.109984 0.503091 0.0641622 0.0221545 0.0359194 0.104767 0.0377681 9.9991E-05 0.0635544 0.0584994
0.111843 0.140825 0.379776 0.0140361 0.137322 0.130938 0.0301823 9.9982E-05 9.9982E-05 0.0548773
0.11207 0.0475608 0.444996 0.0415141 0.0352802 9.9991E-05 0.0718833 0.0738389 0.144919 0.0278382
0.0993538 0.125427 0.423457 9.9982E-05 0.0321452 0.0787372 0.126199 0.0204459 0.0940356 9.9982E-05
0.1533 0.228266 9.9982E-05 9.9982E-05 0.0423591 0.203378 0.0180817 0.125819 0.0827742 0.145822
0.177094 0.0717276 0.450185 0.0290419 9.9973E-05 0.0697789 0.0734629 9.9973E-05 0.12841 9.9973E-05
9.9964E-05 0.363216 0.25196 9.9964E-05 0.0110506 0.18593 9.9964E-05 9.9964E-05 0.148951 0.0384917
0.0938144 0.141884 0.378937 9.9982E-05 0.0804596 0.18562 9.9982E-05 0.011796 0.0554019 0.051887
0.138241 0.135495 0.549222 0.0740554 0.066874 9.9973E-05 9.9973E-05 0.00183122 9.9973E-05 0.033981
0.00512237 0.115231 0.145827 0.0625648 9.9982E-05 9.9982E-05 0.139541 0.195178 0.0958551 0.24048
9.9955E-05 0.0637876 9.9955E-05 0.00427273 9.9955E-05 9.9955E-05 0.431353 0.102223 9.9955E-05 0.397863
0.0631002 0.0632039 9.9964E-05 0.0264989 9.9964E-05 9.9964E-05 0.291112 0.128643 9.9964E-05 0.427042
9.9964E-05 0.0641282 0.0932287 9.9964E-05 0.0232967 9.9964E-05 0.309647 0.288457 9.9964E-05 0.220842
9.9946E-05 0.280974 0.549702 9.9946E-05 9.9946E-05 0.113347 9.9946E-05 9.9946E-05 9.9946E-05 0.0553767
0.0390315 0.155977 0.481255 9.9982E-05 0.00739551 0.0963625 0.091186 9.9982E-05 0.0886508 0.0399424
9.9946E-05 9.9946E-05 0.29103 0.0147765 9.9946E-05 9.9946E-05 9.9946E-05 0.670306 0.0232879 9.9946E-05
0.0417927 9.9973E-05 0.155852 0.0427286 0.0336445 0.172931 9.9973E-05 0.457843 0.094909 9.9973E-05
0.105748 0.0210725 0.431163 0.0423106 9.9973E-05 0.005867 0.0475282 0.346011 9.9973E-05 9.9973E-05
0.115137 0.459463 0.17163 0.00797481 9.9973E-05 0.119738 9.9973E-05 0.0304265 9.9973E-05 0.0953298
0.114891 0.14036 0.447922 9.9982E-05 0.0805955 0.0766053 0.00548672 0.044146 9.9982E-05 0.0897935
0.125168 0.579074 0.0205404 9.9973E-05 9.9973E-05 0.152523 9.9973E-05 0.0347424 0.0174712 0.0701809
0.0613191 0.202724 0.558375 0.00205757 9.9964E-05 0.0619947 9.9964E-05 9.9964E-05 9.9964E-05 0.11313
0.15014 0.253128 0.346453 9.9964E-05 9.9964E-05 0.0450263 9.9964E-05 9.9964E-05 0.129299 0.0755543
0.0588287 0.30449 0.492865 9.9973E-05 0.00454085 0.0402004 9.9973E-05 0.0715704 9.9973E-05 0.0272039
0.133368 0.470434 0.101756 9.9973E-05 0.00670835 0.160334 9.9973E-05 9.9973E-05 0.0893743 0.0377256
0.111002 0.108248 0.653264 9.9964E-05 9.9964E-05 0.0196624 0.0818929 9.9964E-05 0.0255318 9.9964E-05
0.0967138 0.22879 0.457685 0.0131554 0.0159228 0.128898 0.00181868 0.0554755 9.9991E-05 0.00144124
0.0447825 9.9937E-05 9.9937E-05 9.9937E-05 9.9937E-05 9.9937E-05 0.00535332 0.949165 9.9937E-05 9.9937E-05
0.00822565 0.0106228 0.132943 9.9946E-05 9.9946E-05 9.9946E-05 9.9946E-05 0.847609 9.9946E-05 9.9946E-05
0.074185 0.0426853 0.170711 0.0304078 9.9964E-05 9.9964E-05 9.9964E-05 0.617887 0.0637242 9.9964E-05
0.0136761 9.9964E-05 0.261398 9.9964E-05 0.0430121 9.9964E-05 0.00437112 0.64257 9.9964E-05 0.0345725
9.9946E-05 9.9946E-05 0.0484587 9.9946E-05 0.0616491 0.0631214 9.9946E-05 0.826171 9.9946E-05 9.9946E-05
9.9928E-05 9.9928E-05 9.9928E-05 9.9928E-05 9.9928E-05 9.9928E-05 9.9928E-05 0.987241 9.9928E-05 0.0119598
0.00263952 9.9964E-05 9.9964E-05 0.0219954 0.0360658 9.9964E-05 9.9964E-05 0.930201 0.00794308 0.000754896
9.9928E-05 9.9928E-05 0.183633 9.9928E-05 9.9928E-05 9.9928E-05 9.9928E-05 0.815568 9.9928E-05 9.9928E-05
9.9937E-05 9.9937E-05 9.9937E-05 9.9937E-05 0.0222574 9.9937E-05 9.9937E-05 0.937548 0.0394953 9.9937E-05
9.99201E-05 9.99201E-05 9.99201E-05 9.99201E-05 9.99201E-05 9.99201E-05 9.99201E-05 0.999101 9.99201E-05 9.99201E-05
9.9937E-05 9.9937E-05 9.9937E-05 0.017735 9.9937E-05 9.9937E-05 9.9937E-05 0.978795 9.9937E-05 0.00277029
0.00727308 9.9964E-05 0.150192 0.0459666 0.0149243 9.9964E-05 9.9964E-05 0.712207 0.0690373 9.9964E-05
9.9955E-05 0.0162492 0.0495541 9.9955E-05 0.0700406 9.9955E-05 0.0747752 0.788881 9.9955E-05 9.9955E-05
9.9937E-05 9.9937E-05 9.9937E-05 0.0107279 9.9937E-05 0.0395857 9.9937E-05 0.948987 9.9937E-05 9.9937E-05
0.063944 0.124272 0.203851 9.9982E-05 0.0332083 0.0315047 0.0601197 0.406385 0.0765164 9.9982E-05
9.9973E-05 9.9973E-05 0.221866 0.0542283 9.9973E-05 0.0386587 0.0128596 0.565901 0.0676867 0.0385002
9.9955E-05 9.9955E-05 0.193118 0.0590167 0.0259403 9.9955E-05 9.9955E-05 0.666807 9.9955E-05 0.0546184
9.9946E-05 9.9946E-05 0.0611405 0.0533209 9.9946E-05 9.9946E-05 9.9946E-05 0.873062 0.0118771 9.9946E-05
9.9946E-05 9.9946E-05 0.0181713 9.9946E-05 9.9946E-05 9.9946E-05 0.00226875 0.936691 9.9946E-05 0.0422694
9.9946E-05 9.9946E-05 0.0611577 0.00185413 9.9946E-05 9.9946E-05 0.070572 0.865816 9.9946E-05 9.9946E-05
9.9937E-05 0.00681903 9.9937E-05 0.0119106 9.9937E-05 9.9937E-05 9.9937E-05 0.980571 9.9937E-05 9.9937E-05
0.00489464 0.0793972 0.172055 9.9973E-05 9.9973E-05 0.0564415 0.0577647 0.61793 0.0112177 9.9973E-05
9.9964E-05 0.00631474 9.9964E-05 0.000156954 9.9964E-05 0.0474279 0.0174412 0.867923 0.0603358 9.9964E-05
0.0639721 0.488362 9.9946E-05 9.9946E-05 9.9946E-05 9.9946E-05 0.249033 9.9946E-05 9.9946E-05 0.198033
9.9964E-05 0.157409 0.39138 9.9964E-05 0.122088 9.9964E-05 0.119808 0.0258382 9.9964E-05 0.183078
9.99902E-05 0.339064 0.353648 9.99902E-05 0.00847117 0.0243473 0.176963 0.0377177 0.010467 0.0491211
0.0278577 0.424745 0.0856559 0.0116392 0.0551737 9.9982E-05 0.0965108 0.11464 9.9982E-05 0.183578
0.139428 0.166334 0.366867 9.9982E-05 0.0182064 9.9982E-05 0.102319 0.171888 0.0261335 0.00862404
0.0357119 0.398935 0.156798 0.0551427 9.9991E-05 0.0125554 0.135449 0.0878165 0.0015565 0.115935
0.0638864 0.192382 0.417395 0.0140335 9.9982E-05 9.9982E-05 0.167614 0.0321458 0.0670065 0.0453366
9.99643E-05 0.343295 0.191903 9.99643E-05 9.99643E-05 0.0442644 0.0799265 0.241183 9.99643E-05 0.0990293
0.044926 0.207316 0.385413 0.0732291 9.9982E-05 0.0225986 9.9982E-05 0.108789 0.0215267 0.136002
9.9964E-05 0.351963 0.227676 0.0279941 9.9964E-05 9.9964E-05 0.0455023 0.206803 9.9964E-05 0.139661
0.0490569 0.284237 0.394577 0.00888541 9.9973E-05 9.9973E-05 0.219424 0.0211731 0.0223464 9.9973E-05
0.0445814 0.0616881 0.0176371 9.9955E-05 0.0580098 9.9955E-05 0.817584 9.9955E-05 9.9955E-05 9.9955E-05
0.0540017 9.9955E-05 9.9955E-05 0.0838821 9.9955E-05 9.9955E-05 0.801692 0.0563107 0.00361335 9.9955E-05
9.9955E-05 9.9955E-05 0.0319215 0.0323129 0.00508105 9.9955E-05 0.868119 9.9955E-05 9.9955E-05 0.0620655
9.9946E-05 9.9946E-05 0.0457859 0.0347684 0.0212933 9.9946E-05 0.897553 9.9946E-05 9.9946E-05 9.9946E-05
9.9964E-05 9.9964E-05 0.0199225 0.137953 0.00663593 9.9964E-05 0.7306 0.00393382 0.100554 9.9964E-05
0.021816 9.9955E-05 9.9955E-05 0.0768856 9.9955E-05 9.9955E-05 0.774052 0.0445373 9.9955E-05 0.0822094
9.9955E-05 9.9955E-05 0.0220159 0.0807191 9.9955E-05 9.9955E-05 0.747478 0.0871267 9.9955E-05 0.0621604
0.0574987 9.9973E-05 0.0417085 0.0388546 0.0297384 0.0195061 0.776884 9.9973E-05 9.9973E-05 0.0355095
9.9964E-05 9.9964E-05 0.0619877 0.0253855 9.9964E-05 0.00723627 0.872767 9.9964E-05 0.0250746 0.00714917
9.9946E-05 9.9946E-05 0.0515608 9.9946E-05 9.9946E-05 9.9946E-05 0.827385 0.0562739 9.9946E-05 0.0641802
0.0200121 9.9964E-05 9.9964E-05 0.0358145 0.0553108 0.0881477 0.579221 9.9964E-05 0.221094 9.9964E-05
9.9964E-05 9.9964E-05 9.9964E-05 0.0447462 0.130718 0.02499 0.566308 9.9964E-05 0.229661 0.00317756
0.026365 9.9973E-05 9.9973E-05 0.030781 0.104642 0.0156795 0.527213 9.9973E-05 0.271401 0.0236184
9.9946E-05 0.112471 9.9946E-05 9.9946E-05 0.0497171 9.9946E-05 0.496476 9.9946E-05 0.340736 9.9946E-05
9.9973E-05 9.9973E-05 0.455053 0.0233452 0.0630559 0.284686 0.0484424 9.9973E-05 0.11963 0.00548654
0.0336294 0.0198179 0.486054 9.9973E-05 0.0554812 0.286452 0.0328026 9.9973E-05 0.0854626 9.9973E-05
9.9964E-05 0.0525439 0.499819 9.9964E-05 0.118367 0.243612 9.9964E-05 0.0502131 0.0350454 9.9964E-05
9.9973E-05 9.9973E-05 0.386152 0.0320226 0.08544 0.242589 0.0223401 9.9973E-05 0.169652 0.0615048
9.9964E-05 0.098108 0.13605 9.9964E-05 0.311506 0.0944228 9.9964E-05 0.00305085 0.356463 9.9964E-05
0.0974482 0.0915082 0.525771 9.9973E-05 0.00420133 0.186992 0.0134829 0.0802966 9.9973E-05 9.9973E-05
0.00349739 0.00051368 0.573619 9.9973E-05 0.0148518 0.335597 9.9973E-05 0.0246724 0.046949 9.9973E-05
0.0324571 0.0124359 0.533358 9.9973E-05 0.0448457 0.272706 9.9973E-05 9.9973E-05 0.0377441 0.0661536
0.0763509 9.9937E-05 0.371852 9.9937E-05 9.9937E-05 0.551097 9.9937E-05 9.9937E-05 9.9937E-05 9.9937E-05
9.9973E-05 0.0613065 0.614656 9.9973E-05 0.135519 0.0915435 0.0203299 9.9973E-05 0.0295642 0.0467801
0.0154213 9.9982E-05 0.422038 0.0118179 0.0761999 0.356002 0.00801827 9.9982E-05 0.105701 0.00460117
0.189482 9.9955E-05 9.9955E-05 0.00674 0.0370368 0.728425 9.9955E-05 9.9955E-05 0.037817 9.9955E-05
0.0703109 0.11623 0.503958 0.0158581 0.0450789 0.079695 0.04865 9.9991E-05 0.0850815 0.0350378
0.0930511 0.0401197 0.190141 9.9964E-05 9.9964E-05 0.557762 0.0361835 9.9964E-05 9.9964E-05 0.082343
0.071192 9.9973E-05 0.47791 0.0228648 0.0289285 0.361028 9.9973E-05 0.00922906 0.0285483 9.9973E-05
9.9955E-05 9.9955E-05 0.0650237 9.9955E-05 0.0995913 0.646301 0.0508542 9.9955E-05 0.13773 9.9955E-05
9.9937E-05 0.108414 9.9937E-05 9.9937E-05 0.803863 9.9937E-05 0.087023 9.9937E-05 9.9937E-05 9.9937E-05
9.9946E-05 0.114567 0.0334453 9.9946E-05 0.793517 9.9946E-05 0.057871 9.9946E-05 9.9946E-05 9.9946E-05
0.0509117 0.0465505 9.9946E-05 0.0198169 0.882121 9.9946E-05 9.9946E-05 9.9946E-05 9.9946E-05 9.9946E-05
0.00861056 0.0749107 9.9955E-05 9.9955E-05 0.789358 0.0185619 0.108059 9.9955E-05 9.9955E-05 9.9955E-05
0.0329603 0.0918617 0.0412459 9.9955E-05 0.769027 9.9955E-05 9.9955E-05 0.0644056 9.9955E-05 9.9955E-05
9.9955E-05 9.9955E-05 0.0747584 9.9955E-05 0.847502 9.9955E-05 0.00804267 0.0615852 9.9955E-05 0.00761224
9.9946E-05 9.9946E-05 0.127821 0.0561991 9.9946E-05 9.9946E-05 0.799369 9.9946E-05 9.9946E-05 0.0160116
9.9946E-05 9.9946E-05 0.0994264 0.0374686 9.9946E-05 9.9946E-05 0.802843 9.9946E-05 9.9946E-05 0.0596618
9.9973E-05 0.00905829 0.116178 0.0580639 9.9973E-05 9.9973E-05 0.682239 0.0922799 0.0111015 0.0307801
9.9955E-05 9.9955E-05 0.0420483 0.0195938 9.9955E-05 9.9955E-05 0.740611 0.0761888 0.121059 9.9955E-05
9.9964E-05 0.0314042 0.115751 0.0357151 9.9964E-05 9.9964E-05 0.737655 0.0543798 9.9964E-05 0.0246945
9.9955E-05 9.9955E-05 9.9955E-05 0.0454739 0.42023 9.9955E-05 0.341498 9.9955E-05 0.164402 0.0278964
0.0505228 0.073913 9.9973E-05 0.0169931 0.315885 0.0501776 0.423467 9.9973E-05 0.0687415 9.9973E-05
0.092642 9.9964E-05 9.9964E-05 0.0502066 0.403385 0.0409813 0.394761 9.9964E-05 0.0176242 9.9964E-05
9.99201E-05 9.99201E-05 9.99201E-05 0.999101 9.99201E-05 9.99201E-05 9.99201E-05 9.99201E-05 9.99201E-05 9.99201E-05
9.9946E-05 9.9946E-05 9.9946E-05 0.0382145 0.497052 0.117243 0.346891 9.9946E-05 9.9946E-05 9.9946E-05
9.9964E-05 0.0351686 0.334338 9.9964E-05 0.0236638 9.9964E-05 0.127299 0.293928 9.9964E-05 0.185203
9.9973E-05 0.142914 0.471889 9.9973E-05 0.0450375 9.9973E-05 0.0947527 0.22218 0.0190961 0.00383043
9.9955E-05 0.001296 0.526214 9.9955E-05 9.9955E-05 9.9955E-05 0.173433 0.26823 0.0303272 9.9955E-05
0.0518024 0.0855856 0.280815 0.0314776 0.0320403 0.0322859 0.223538 0.196891 9.9991E-05 0.0654637
9.9982E-05 0.0611455 0.461927 0.000564739 0.00650699 0.161204 0.160595 0.091805 0.0560513 9.9982E-05
9.9946E-05 0.0824069 9.9946E-05 9.9946E-05 9.9946E-05 9.9946E-05 0.358073 0.275794 9.9946E-05 0.283126
0.121637 9.9982E-05 0.380727 0.00218622 0.172299 0.0306668 0.00219581 9.9982E-05 0.282897 0.00719065
0.189535 0.0326784 0.379229 9.9973E-05 0.119114 0.0855412 9.9973E-05 9.9973E-05 0.0458147 0.147788
0.0446022 9.9964E-05 0.214081 0.0291834 0.101364 9.9964E-05 0.0761189 9.9964E-05 0.534251 9.9964E-05
0.273328 0.00631948 0.484227 0.00280094 0.154637 0.0414434 9.9973E-05 9.9973E-05 9.9973E-05 0.0369448
0.417926 9.9955E-05 9.9955E-05 9.9955E-05 0.109209 0.170659 9.9955E-05 9.9955E-05 0.0703436 0.231363
9.9982E-05 0.0528004 0.585119 0.0500263 0.0549583 0.0169358 0.0615003 9.9982E-05 0.129459 0.0490005
0.190831 9.9973E-05 0.465405 0.0165247 0.137951 0.0163706 0.00760219 9.9973E-05 0.165016 9.9973E-05
0.0865371 9.9964E-05 0.270197 0.0059352 0.0943226 9.9964E-05 0.00557254 9.9964E-05 0.537035 9.9964E-05
0.0402539 9.9982E-05 0.497984 9.9982E-05 0.045588 0.0212901 0.0671794 0.0519818 0.208756 0.066767
0.122629 0.106675 9.9955E-05 9.9955E-05 9.9955E-05 0.109119 9.9955E-05 9.9955E-05 0.468285 0.192792
0.252664 0.0334057 0.405961 9.9973E-05 0.0576318 0.0788305 9.9973E-05 0.0454199 9.9973E-05 0.125787
0.0345006 0.0714508 0.519935 0.0150111 0.112929 0.0732254 9.9982E-05 0.0109162 0.161832 9.9982E-05
9.9973E-05 9.9973E-05 0.331855 9.9973E-05 0.0604788 0.215681 0.0621563 0.206361 0.00432645 0.118842
0.113244 0.0223429 0.400782 9.9973E-05 0.103717 0.00757771 9.9973E-05 9.9973E-05 0.298765 0.0532712
0.137047 9.9964E-05 0.395795 9.9964E-05 0.127025 0.0449886 9.9964E-05 9.9964E-05 0.239028 0.0557173
0.132851 0.153032 0.483837 9.9973E-05 9.9973E-05 9.9973E-05 0.0646548 0.0573535 0.106992 0.000979031
0.0159579 9.9964E-05 0.527701 9.9964E-05 0.0893574 0.135686 9.9964E-05 9.9964E-05 0.180307 0.0505921
0.086879 0.0811364 0.616139 0.0224239 0.0928673 0.0364117 9.9991E-05 0.0327682 0.0117586 0.0195155
9.9991E-05 0.138733 0.448475 0.0344912 0.0761332 0.0365722 0.00802494 0.137579 0.0986848 0.0212066
0.0671934 0.00714446 0.510212 9.9991E-05 0.119431 0.0286024 0.0364779 0.0593904 0.028256 0.143192
9.9946E-05 9.9946E-05 0.118222 9.9946E-05 9.9946E-05 9.9946E-05 0.756404 0.100184 9.9946E-05 0.0245909
9.9955E-05 0.00165958 0.0749898 9.9955E-05 9.9955E-05 0.0505803 0.800971 0.0712998 9.9955E-05 9.9955E-05
0.000359714 0.0283432 0.0516704 9.9991E-05 0.0514048 0.0290582 0.754712 0.0246678 0.0406171 0.0190671
9.9964E-05 9.9964E-05 0.026314 0.0288837 0.0135545 0.0911796 0.789881 0.0497878 9.9964E-05 9.9964E-05
0.0469437 9.9955E-05 0.0933491 0.0450332 9.9955E-05 9.9955E-05 0.777533 0.036641 9.9955E-05 9.9955E-05
9.9964E-05 9.9964E-05 0.100116 9.9964E-05 0.118032 9.9964E-05 0.0159467 0.0472903 0.71474 0.00347528
0.147473 9.9964E-05 0.536428 0.0213737 9.9964E-05 9.9964E-05 0.0329766 9.9964E-05 0.173359 0.0879903
0.0141659 0.208351 0.331427 0.0178223 9.9982E-05 9.9982E-05 0.139669 0.154607 0.0528971 0.0808612
0.024394 0.0354912 0.644489 0.0228475 0.0299208 0.00721854 0.00598316 0.0334521 0.146303 0.0499004
9.9973E-05 9.9973E-05 0.501106 0.0107182 0.162742 0.118206 0.0214171 9.9973E-05 0.135847 0.0496638
0.158535 0.0692715 0.227145 0.0248224 0.116253 9.9982E-05 9.9982E-05 0.0258076 0.280922 0.0970431
9.9973E-05 0.0208532 9.9973E-05 0.0593336 0.210244 0.0209306 0.0331943 9.9973E-05 0.576873 0.0782715
9.9973E-05 0.0851305 0.472996 0.0553228 0.17114 0.0360777 9.9973E-05 0.015138 0.163895 9.9973E-05
0.0849096 0.139448 0.0499647 0.0482594 0.287655 0.0629815 0.0123387 0.0348895 0.279454 9.9991E-05
0.128074 0.00965465 0.46685 9.9973E-05 0.0975651 0.120734 9.9973E-05 9.9973E-05 0.053162 0.12366
0.0963138 9.9964E-05 0.00475454 9.9964E-05 0.111216 0.0368038 0.136404 9.9964E-05 0.614108 9.9964E-05
9.9973E-05 0.00130354 0.541908 0.0603216 0.188937 9.9973E-05 0.0212635 0.0729263 0.11304 9.9973E-05
0.0129094 0.0387751 0.122778 0.0232804 0.0950203 0.0229154 0.076731 9.9982E-05 0.60739 9.9982E-05
0.060763 0.0860303 0.2307 0.0116105 0.152627 0.142326 9.9991E-05 0.103476 0.15567 0.0566985
0.120565 0.294457 0.350151 0.0575689 0.0219658 9.9982E-05 0.002698 0.0801294 0.0722649 9.9982E-05
0.14037 0.565614 0.159911 9.9964E-05 0.0791866 9.9964E-05 9.9964E-05 0.0248333 0.029685 9.9964E-05
9.9964E-05 0.379285 0.507163 0.0201438 9.9964E-05 9.9964E-05 0.00184112 9.9964E-05 0.0888332 0.00233325
0.0626355 0.056551 0.539007 0.0299124 0.00416705 0.0705076 0.107063 9.9991E-05 0.0906867 0.0393689
0.102891 0.530772 0.222698 9.9964E-05 0.0303917 0.0149418 9.9964E-05 9.9964E-05 0.0979057 9.9964E-05
0.038339 0.179609 0.540704 0.0310877 0.0427437 0.00408014 9.9982E-05 9.9982E-05 0.0839039 0.0793329
0.0127354 0.189331 0.473872 9.9964E-05 0.0711354 0.1417 9.9964E-05 9.9964E-05 9.9964E-05 0.110826
0.201989 0.577392 0.0062188 9.9964E-05 0.0981694 0.0845843 9.9964E-05 9.9964E-05 9.9964E-05 0.0312472
0.0893146 0.533355 0.13054 9.9964E-05 0.0258358 0.108319 9.9964E-05 9.9964E-05 9.9964E-05 0.112237
0.0655429 0.475604 0.352101 0.0167391 0.0734002 9.9964E-05 9.9964E-05 9.9964E-05 0.0162134 9.9964E-05
0.0725799 0.595976 0.0739901 0.0138549 0.0787143 0.112868 9.9982E-05 9.9982E-05 0.0248534 0.0269629
9.9955E-05 0.382557 0.365184 9.9955E-05 9.9955E-05 0.0606098 9.9955E-05 9.9955E-05 0.138301 0.0528479
0.103565 9.9982E-05 0.0608262 9.9982E-05 0.16719 0.0585395 0.00514276 0.00156937 0.561889 0.041078
0.244286 9.9964E-05 0.218378 9.9964E-05 0.146798 0.0526212 9.9964E-05 9.9964E-05 0.283855 0.0536608
0.0761954 9.9973E-05 0.310321 0.0476746 0.103945 9.9973E-05 9.9973E-05 0.0325091 0.382589 0.0464663
9.9964E-05 9.9964E-05 0.576878 9.9964E-05 0.0917607 0.157296 9.9964E-05 0.100157 0.0468395 0.0266691
0.0115528 0.0900116 0.21046 9.9964E-05 0.157341 0.154405 9.9964E-05 9.9964E-05 0.37583 9.9964E-05
0.184019 0.0329668 0.376165 0.0139561 0.0800084 0.0339222 0.0170528 0.126422 0.0876486 0.0478389
0.0416655 0.00418784 0.52128 0.0850859 0.0870565 0.0539685 9.9991E-05 0.0858821 0.113685 0.0070883
0.109509 9.9973E-05 0.397707 9.9973E-05 0.081729 0.0696037 9.9973E-05 0.0384203 0.23087 0.071861
0.0871286 0.00819619 0.434692 0.0130717 0.0992609 0.055552 0.00447482 0.0817524 0.215771 9.9991E-05
9.9973E-05 0.0111561 0.414189 9.9973E-05 0.185338 0.151438 0.0150117 9.9973E-05 0.194342 0.0282254
9.9946E-05 9.9946E-05 0.264629 9.9946E-05 0.266844 0.0365569 9.9946E-05 9.9946E-05 0.431371 9.9946E-05
0.0985403 0.0843944 0.320168 9.9973E-05 0.219674 9.9973E-05 9.9973E-05 0.0450664 0.230493 0.00136389
0.100686 9.9964E-05 0.586591 9.9964E-05 0.102394 0.0174555 9.9964E-05 0.0228511 0.169622 9.9964E-05
0.00494285 0.0127109 0.535167 0.0270989 0.0931163 0.0571233 0.0309682 0.0312912 0.146145 0.0614371
0.158312 0.00867646 0.442522 0.022289 0.122267 0.0799831 9.9982E-05 9.9982E-05 0.0466538 0.119097
0.224728 9.9964E-05 0.546072 9.9964E-05 0.119019 9.9964E-05 9.9964E-05 0.0102587 0.000680783 0.0988409
9.9982E-05 0.0259311 0.31766 0.00261703 0.177524 9.9982E-05 0.0694187 0.0272852 0.339215 0.0401491
9.9964E-05 0.0103871 0.579859 0.00921911 0.144305 0.0496639 9.9964E-05 9.9964E-05 0.206166 9.9964E-05
0.0621636 9.9973E-05 0.434035 9.9973E-05 0.128395 0.0033713 0.0138593 0.10297 0.254905 9.9973E-05
0.0384297 9.9973E-05 0.515516 0.0131412 0.179461 9.9973E-05 0.0646312 0.104243 0.0842788 9.9973E-05
9.9982E-05 0.00655312 0.394205 0.0650501 9.9982E-05 0.0118435 0.224155 0.134019 0.0941555 0.0698184
0.04828 0.0334817 0.393039 0.0249933 9.9982E-05 0.0840686 0.116127 0.198319 9.9982E-05 0.101492
9.9982E-05 0.10428 0.401944 0.000443213 9.9982E-05 0.0740855 0.139521 0.109927 0.102123 0.0674775
0.0490923 0.0143486 0.580883 0.0618566 0.0229057 0.0634055 0.0160084 9.9991E-05 0.0683729 0.123027
9.9973E-05 9.9973E-05 0.421248 0.0201223 9.9973E-05 0.0637833 0.111597 0.187968 0.103237 0.0917451
0.187963 0.135157 0.438316 9.9973E-05 0.0681999 9.9973E-05 9.9973E-05 0.020787 0.143549 0.00572713
0.0378819 0.0815605 0.468705 0.0290782 9.9991E-05 0.0627281 0.0518074 0.0805725 0.0840748 0.103491
0.0659007 0.219012 0.00239179 9.9982E-05 9.9982E-05 0.103004 0.131785 0.0737877 0.0914399 0.312479
9.9982E-05 0.0329073 0.523176 0.0354151 0.081629 0.0428166 0.0712755 0.112711 9.9982E-05 0.0998698
0.116966 9.9964E-05 0.553666 0.0786576 9.9964E-05 9.9964E-05 0.0688213 0.153615 9.9964E-05 0.0278743
0.0207099 9.9982E-05 0.428976 9.9982E-05 0.0375173 0.067769 0.10576 0.243735 0.0702791 0.0250538
9.9982E-05 9.9982E-05 0.30182 0.051267 0.0286677 0.147472 0.01722 0.0733583 0.137233 0.242762
9.9964E-05 9.9964E-05 0.609606 9.9964E-05 9.9964E-05 0.047783 0.157246 0.0676459 0.0102869 0.107032
0.0294781 0.0530985 0.493205 0.0841669 0.0445147 9.9991E-05 0.0533679 0.1572 0.0224377 0.0624304
0.0190822 9.9973E-05 9.9973E-05 0.0180234 9.9973E-05 0.0218702 0.301881 0.170991 0.034686 0.433166
0.0146247 9.9982E-05 0.476209 0.103262 9.9982E-05 0.0618027 0.0957182 0.140817 0.0640362 0.0433298
0.0295247 0.0686403 0.500793 0.0203349 9.9982E-05 0.0134266 0.128999 0.138722 9.9982E-05 0.0993601
9.9982E-05 0.103158 0.495938 9.9982E-05 0.00715507 0.0206208 0.0508752 0.167902 0.11418 0.0399719
9.9973E-05 0.047079 0.549399 0.0102566 9.9973E-05 9.9973E-05 0.164832 0.0989067 0.0145409 0.114686
0.0432676 0.0791684 0.407718 0.05004 0.0634536 0.0149396 0.0661537 0.193229 0.059156 0.0228744
0.38929 9.9955E-05 0.392795 0.0608722 0.0897103 9.9955E-05 9.9955E-05 0.0668332 9.9955E-05 9.9955E-05
0.240802 0.0789981 0.365043 0.110735 0.0203398 0.0056098 0.00127896 0.0632495 0.0763411 0.0376029
0.669525 0.158578 9.9946E-05 9.9946E-05 9.9946E-05 0.0329619 9.9946E-05 9.9946E-05 0.138335 9.9946E-05
0.847865 9.99549E-05 9.99549E-05 9.99549E-05 0.0219175 0.0941598 0.0175928 9.99549E-05 0.0179647 9.99549E-05
0.333693 9.9982E-05 0.44948 0.0194756 0.00343996 0.0702827 0.0366926 0.0814618 9.9982E-05 0.00527401
0.114412 9.99696E-05 0.342976 9.99696E-05 0.0363685 9.99696E-05 0.0466533 0.278416 9.99696E-05 0.180774
0.249235 9.9955E-05 0.321427 9.9955E-05 9.9955E-05 9.9955E-05 0.0749892 0.290857 9.9955E-05 0.0629913
0.259334 9.9964E-05 0.123644 9.9964E-05 9.9964E-05 0.0141715 0.129564 0.304244 9.9964E-05 0.168643
0.198949 9.9964E-05 0.30837 0.0617537 9.9964E-05 9.9964E-05 0.118236 0.264792 9.9964E-05 0.0474999
0.677428 0.00958424 0.0650141 0.000374428 9.9973E-05 9.9973E-05 0.0361064 0.0488671 9.9973E-05 0.162326
0.633898 9.9955E-05 0.0809249 0.0570277 9.9955E-05 9.9955E-05 9.9955E-05 0.046316 9.9955E-05 0.181334
0.317012 9.9964E-05 0.432501 0.0161479 9.9964E-05 0.0495913 9.9964E-05 0.139816 9.9964E-05 0.0445323
0.453218 9.9946E-05 0.380524 9.9946E-05 9.9946E-05 9.9946E-05 0.0560522 0.109606 9.9946E-05 9.9946E-05
0.716595 9.9964E-05 0.1206 0.048982 9.9964E-05 9.9964E-05 0.038249 0.0693504 9.9964E-05 0.00582353
0.37675 9.9964E-05 0.417583 0.036145 9.9964E-05 9.9964E-05 0.0198864 0.14698 0.00225652 9.9964E-05
0.355396 0.00488694 0.443784 9.9955E-05 0.0495497 9.9955E-05 9.9955E-05 0.145884 9.9955E-05 9.9955E-05
0.194349 0.0104731 0.51337 9.9973E-05 0.0613084 9.9973E-05 0.12129 0.0471704 0.0517399 9.9973E-05
0.541036 9.9964E-05 0.264548 0.0103424 0.0957664 0.0716787 9.9964E-05 9.9964E-05 0.0162281 9.9964E-05
0.450888 0.131906 0.210257 0.0296678 9.9973E-05 0.10194 9.9973E-05 0.0668308 0.00821116 9.9973E-05
0.291475 0.0203924 0.448533 0.0275935 0.0617921 9.9991E-05 0.0929037 0.0240097 0.0131223 0.0200788
0.411594 0.113561 0.33434 0.025305 0.0257856 0.00300192 0.0842908 9.9982E-05 0.00192153 9.9982E-05
0.06299 0.110807 0.3364 0.0524653 0.0208086 0.0605519 9.9991E-05 0.0963872 0.199533 0.0599573
0.441457 0.0956719 0.441293 9.9955E-05 9.9955E-05 0.0201604 9.9955E-05 9.9955E-05 9.9955E-05 0.000918591
0.616647 0.0724015 0.186312 9.9955E-05 0.0791821 0.0449576 9.9955E-05 9.9955E-05 9.9955E-05 9.9955E-05
0.208978 9.9973E-05 0.582077 0.0121059 9.9973E-05 0.134672 0.0135548 9.9973E-05 0.00111604 0.0471958
0.670432 9.9946E-05 0.221537 9.9946E-05 0.00743598 0.0999954 9.9946E-05 9.9946E-05 9.9946E-05 9.9946E-05
0.487905 0.12908 0.328575 0.031205 9.9964E-05 9.9964E-05 0.0190757 9.9964E-05 0.00375989 9.9964E-05
0.252009 9.9964E-05 0.557628 0.0757283 0.0132508 0.0559096 9.9964E-05 0.0450744 9.9964E-05 9.9964E-05
0.274067 0.0965204 0.430529 9.9973E-05 9.9973E-05 0.0171163 0.0189519 0.0246562 0.137859 9.9973E-05
0.0379867 0.018248 0.551106 0.0277831 0.0717157 9.9982E-05 0.0529577 0.113422 9.9982E-05 0.126581
0.0407926 0.0627519 0.393399 0.0430529 0.0743389 9.9991E-05 0.0573342 0.0921128 0.0925037 0.143614
0.0436899 0.00117519 0.271592 0.0109597 0.0429735 0.00244389 0.069081 0.292292 0.0875169 0.178276
0.0343328 0.116172 0.266608 0.0496231 0.0104188 9.9991E-05 0.116191 0.209441 0.0990224 0.0980909
9.9973E-05 0.0491639 0.400709 9.9973E-05 0.0764081 0.102722 0.209673 0.160072 9.9973E-05 0.000952689
0.190489 0.0568844 0.375517 0.0616317 0.0571558 0.022624 0.109921 0.0903266 9.9991E-05 0.0353501
0.611656 9.9955E-05 9.9955E-05 9.9955E-05 0.0383357 9.9955E-05 0.150905 0.085975 9.9955E-05 0.112629
0.145125 0.0845738 0.495695 9.9973E-05 0.00789152 9.9973E-05 0.0461422 0.19457 9.9973E-05 0.0257023
0.40937 9.9955E-05 9.9955E-05 0.000719698 9.9955E-05 9.9955E-05 0.320422 0.0637613 9.9955E-05 0.205228
0.360676 9.9964E-05 0.404615 9.9964E-05 0.0020427 9.9964E-05 0.0449312 0.152003 9.9964E-05 0.0353326
0.764185 0.0327595 0.0413899 9.9946E-05 9.9946E-05 0.161066 9.9946E-05 9.9946E-05 9.9946E-05 9.9946E-05
0.891043 0.014591 9.9955E-05 0.00159887 9.9955E-05 0.082982 9.9955E-05 9.9955E-05 0.00928503 9.9955E-05
0.397825 9.9955E-05 0.424351 0.0258288 9.9955E-05 0.0853793 9.9955E-05 9.9955E-05 0.0661164 9.9955E-05
