0.0286138 0.894245 9.9973E-05 0.0768416 9.9973E-05 9.9973E-05
9.9973E-05 0.949873 9.9973E-05 0.0127405 9.9973E-05 0.0370866
0.0193718 0.838486 9.9982E-05 0.0201726 0.12177 9.9982E-05
0.073729 0.790877 9.9991E-05 0.103532 0.0312013 0.000559991
0.0355766 0.866221 0.0353516 9.9982E-05 0.0626509 9.9982E-05
0.0592787 0.645088 0.0817818 0.0768931 0.0370189 0.099939
9.9982E-05 0.854944 0.0460342 0.0774364 9.9982E-05 0.0213856
0.0309457 0.774326 0.0231871 0.124322 9.9991E-05 0.0471195
9.9982E-05 0.835536 0.0735636 0.0505715 9.9982E-05 0.0401294
0.0760093 0.676115 0.0419039 0.0476462 0.12392 0.0344051
9.999E-05 0.740082 0.0551979 0.0812289 0.0402239 0.0831668
0.120611 9.9982E-05 9.9982E-05 0.471753 0.160734 0.246701
0.0400165 0.017874 0.0995529 0.206021 0.502622 0.133914
0.094961 0.0292507 0.0592108 0.479282 0.203722 0.133573
0.0966086 0.0436518 9.9991E-05 0.347284 0.347204 0.165152
0.0585372 0.176761 9.9991E-05 0.18146 0.355101 0.22804
0.0719422 0.0407184 0.0122939 0.170676 0.544012 0.160357
0.119059 0.0194226 0.040597 0.212671 0.365988 0.242263
0.054172 0.135944 9.9991E-05 0.288785 0.317958 0.203041
0.0820323 0.0232506 0.0558302 0.68225 9.9991E-05 0.156537
0.0415543 0.0343269 0.119124 0.168775 0.466952 0.169267
9.9991E-05 0.0655691 0.184754 0.131536 0.492909 0.125132
0.0515662 0.0263659 9.9991E-05 0.154153 0.560237 0.207577
0.16021 0.0225357 9.9991E-05 0.363675 0.23334 0.22014
0.0970993 0.0568483 0.0195299 0.175336 0.561606 0.0895804
0.115894 0.0767941 9.9991E-05 0.17672 0.439467 0.191024
0.0746075 0.0285547 0.0412408 0.439015 0.192226 0.224356
0.195324 9.9982E-05 9.9982E-05 0.401033 0.208517 0.194926
9.9991E-05 0.0412887 0.121262 0.352452 0.294906 0.189992
0.0427498 0.841493 9.9973E-05 9.9973E-05 0.115457 9.9973E-05
9.9964E-05 0.831467 9.9964E-05 9.9964E-05 0.168133 9.9964E-05
0.0644636 0.766017 9.9982E-05 0.0609311 0.108388 9.9982E-05
0.10311 0.758411 9.9982E-05 9.9982E-05 0.0282814 0.109998
9.9982E-05 0.0617828 9.9982E-05 0.0891369 0.512658 0.336222
0.00952388 0.149571 0.00334699 0.0178969 0.454376 0.365286
0.010861 0.00237897 9.9991E-05 0.127564 0.536717 0.32238
0.0363138 0.100207 0.0041289 0.576609 0.0658445 0.216897
0.0879432 0.00902677 0.0831226 0.00700507 0.12023 0.692673
0.0323607 0.0517563 9.9991E-05 0.129728 0.468119 0.317936
0.00217929 9.9982E-05 0.0620984 9.9982E-05 0.674166 0.261357
0.00776532 0.077529 0.128886 0.0537733 0.596416 0.135631
9.9982E-05 0.0976986 9.9982E-05 0.14927 0.669667 0.083164
9.9991E-05 0.0720948 0.028509 0.0689504 0.0536133 0.776732
0.0342247 0.0536148 0.21934 0.0171624 0.608139 0.0675186
0.0655788 0.0412746 0.00516401 0.026891 0.474268 0.386824
0.0206004 0.145606 0.0663408 0.0336535 0.603408 0.130391
9.9973E-05 9.9973E-05 0.100964 9.9973E-05 0.234483 0.664253
9.9982E-05 0.0809822 0.0398001 9.9982E-05 0.586708 0.292309
0.0756032 0.162593 0.0339302 0.0670966 0.463382 0.197396
9.9973E-05 0.0818376 0.345878 9.9973E-05 9.9973E-05 0.571985
9.9982E-05 9.9982E-05 0.0945552 0.495981 0.190133 0.219132
9.9991E-05 0.0673109 0.407874 0.179886 0.133769 0.21106
0.0877393 0.0936556 0.0950265 0.106432 0.538887 0.0782592
0.0248699 0.0604276 0.0823851 0.108759 0.723459 9.9991E-05
0.0889917 0.0234225 0.104796 0.0895962 0.541811 0.151383
9.9991E-05 0.126818 0.0856018 0.31179 0.145594 0.330097
9.9991E-05 0.0645345 0.107054 0.199247 0.5772 0.0518645
0.112445 9.9991E-05 0.120852 0.0801012 0.517439 0.169063
0.0370719 0.112242 0.110155 0.184257 0.316155 0.24012
0.073216 0.192818 0.202655 0.371346 0.0717678 0.0881963
0.0751959 9.9991E-05 0.140248 0.0670843 0.490149 0.227223
0.138213 0.0130604 0.0274266 0.353794 0.324915 0.142592
9.9991E-05 0.0754375 0.145377 0.494205 0.0576297 0.227251
0.0368297 9.99909E-05 0.0471965 0.26182 0.461115 0.192938
0.123609 9.9991E-05 0.123486 0.108309 0.561163 0.0833327
9.9991E-05 0.0653876 0.122733 0.0723403 0.611542 0.127897
0.0349669 0.0424587 0.112136 0.271219 0.247837 0.291382
0.0201424 0.0113264 0.141907 0.17872 0.514781 0.133123
0.0511848 0.0287596 0.182639 0.109133 0.628183 9.9991E-05
9.9991E-05 0.0390243 0.178189 0.379966 0.208216 0.194505
9.9973E-05 9.9973E-05 9.9973E-05 0.110202 0.474568 0.414931
0.0140958 0.0297458 9.9991E-05 0.0701027 0.108502 0.777454
0.075263 0.109012 0.019487 0.0876155 0.502933 0.205689
9.9964E-05 9.9964E-05 0.190426 9.9964E-05 9.9964E-05 0.809174
9.9973E-05 9.9973E-05 0.225181 0.0125971 9.9973E-05 0.761922
9.9964E-05 9.9964E-05 9.9964E-05 9.9964E-05 0.218181 0.781419
9.9991E-05 0.021728 0.0456415 0.0414041 0.348551 0.542575
0.0839185 0.142055 9.9991E-05 0.11772 0.50136 0.154847
0.0809105 9.9982E-05 9.9982E-05 0.0739125 0.381559 0.463418
0.0632012 0.00654489 9.9991E-05 0.193962 0.109766 0.626427
9.9982E-05 0.0582943 9.9982E-05 0.232955 0.151993 0.556558
0.0468029 0.0683592 9.9991E-05 0.0143113 0.530639 0.339788
0.0207769 0.0238964 9.9991E-05 0.0951039 0.274927 0.585196
9.9982E-05 0.0507672 9.9982E-05 0.055115 0.386262 0.507656
9.9973E-05 9.9973E-05 0.0451183 9.9973E-05 0.342911 0.611671
0.0303384 9.9982E-05 0.247332 0.000172316 9.9982E-05 0.721957
0.0128037 9.9991E-05 0.0531005 0.022345 0.570739 0.340912
0.0663649 0.813393 9.9982E-05 0.0524561 0.0675859 9.9982E-05
9.9964E-05 0.908954 9.9964E-05 9.9964E-05 0.0906458 9.9964E-05
0.0223438 0.860127 9.9982E-05 0.00100371 0.116326 9.9982E-05
0.0267842 0.928087 0.0353522 9.9982E-05 0.00957664 9.9982E-05
0.016441 0.861572 0.0580824 9.9982E-05 0.0637043 9.9982E-05
0.0337929 0.894281 9.9973E-05 9.9973E-05 0.0716257 9.9973E-05
0.00959022 0.922215 9.9973E-05 9.9973E-05 0.0678948 9.9973E-05
0.119197 0.0289077 9.9991E-05 0.132163 0.404754 0.314878
0.0637077 0.152006 0.0180129 0.135333 0.50737 0.123571
9.9973E-05 0.0677427 9.9973E-05 0.0951779 9.9973E-05 0.83678
9.9991E-05 0.130124 0.0155118 0.0840718 0.595181 0.175011
9.9973E-05 9.9973E-05 9.9973E-05 0.135661 0.343577 0.520463
0.0208785 0.0696473 9.9982E-05 9.9982E-05 0.599326 0.309948
9.9973E-05 9.9973E-05 0.119945 9.9973E-05 0.477347 0.402408
0.0420899 0.0455834 0.0111065 0.0020942 0.370001 0.529125
9.9973E-05 0.0711151 9.9973E-05 0.169129 9.9973E-05 0.759456
0.0183447 0.171821 9.9991E-05 0.0928421 0.500632 0.216261
0.0124713 0.0809965 9.9982E-05 9.9982E-05 0.646189 0.260143
0.0785723 0.0748616 9.9991E-05 0.0980576 0.580976 0.167433
0.0191758 9.9982E-05 0.161453 9.9982E-05 0.219057 0.600114
9.9982E-05 0.0341268 0.0351188 9.9982E-05 0.499685 0.430869
9.9982E-05 0.1042 9.9982E-05 0.0505578 0.406031 0.439011
0.0680581 9.9973E-05 9.9973E-05 9.9973E-05 0.204996 0.726646
0.00791416 0.023502 9.9991E-05 0.139416 0.356364 0.472703
9.9991E-05 0.0596399 0.00397269 0.177698 0.524035 0.234554
0.0401468 0.013257 0.268463 0.386233 0.202708 0.0891919
0.00270331 0.151619 0.0218128 0.328468 0.44971 0.0456868
0.0196604 0.112405 0.079198 0.299676 0.460184 0.0288767
0.0735845 0.107868 9.9991E-05 0.100201 0.506501 0.211746
0.0157433 9.9991E-05 0.0947788 0.302449 0.44421 0.142719
0.118223 0.0560789 0.00366514 0.286704 0.535229 9.9991E-05
0.0215037 0.0343841 9.9991E-05 0.448919 0.44591 0.0491832
9.9991E-05 0.0519651 0.122913 0.146324 0.538615 0.140082
0.10661 0.0422985 0.145928 0.184923 0.52014 9.9991E-05
9.9982E-05 0.0223053 0.0910161 0.262849 0.623629 9.9982E-05
9.9973E-05 9.9973E-05 9.9973E-05 0.364873 0.55486 0.079967
9.9991E-05 0.103249 0.138655 0.0955524 0.576748 0.0856958
0.128792 0.0372263 0.211298 0.13944 0.483143 9.9991E-05
0.0526532 9.9991E-05 0.0120506 0.270989 0.548225 0.115982
0.0273951 0.0316346 0.068705 0.242135 0.621215 0.00891542
0.114281 9.9982E-05 9.9982E-05 0.281937 0.4783 0.125282
9.9982E-05 0.0929421 0.21095 0.276905 0.419002 9.9982E-05
0.083595 0.0239889 0.0728437 0.188998 0.571601 0.0589727
0.00559333 0.0254322 0.106992 0.142334 0.719548 9.9991E-05
0.0894169 9.9991E-05 0.0378282 0.40978 0.240681 0.222194
0.0100244 0.0244617 0.408121 0.235285 0.282339 0.0397697
0.0612472 0.0557556 9.9991E-05 0.186245 0.476265 0.220387
0.0461391 9.9991E-05 0.416353 0.34249 0.0736732 0.121244
9.9991E-05 0.0373687 0.066212 0.472262 0.357417 0.0666398
9.9982E-05 0.00865219 9.9982E-05 0.337665 0.420849 0.232633
9.9982E-05 0.0424325 9.9982E-05 0.431708 0.30096 0.224699
0.0841616 9.9991E-05 0.123045 0.418347 0.215158 0.159188
9.9991E-05 0.106063 0.000211762 0.104978 0.688238 0.100409
0.0598849 0.127546 0.00753168 0.0998126 0.5105 0.194725
9.9991E-05 0.065898 0.0685803 0.176087 0.608093 0.0812412
0.0279072 0.0172796 0.327043 0.361268 0.188938 0.0775654
9.9991E-05 0.189948 0.141691 0.102551 0.477037 0.0886732
0.00482968 0.0871777 0.231845 0.056106 0.453209 0.166833
9.9991E-05 0.167887 0.587193 0.082292 0.0426396 0.119889
0.0398202 0.0993579 0.183464 9.9991E-05 0.551205 0.126053
0.0316554 0.0617738 0.338037 0.067774 0.395488 0.105273
0.0416804 0.095753 0.169197 9.9991E-05 0.586074 0.107196
9.9991E-05 0.151102 0.400763 0.0523335 0.313617 0.0820846
9.9991E-05 0.0812157 0.442121 0.139594 0.204611 0.132358
9.9991E-05 0.0435986 0.254651 0.162731 0.436238 0.102682
0.0034838 0.124662 0.170118 0.103607 0.520045 0.0780843
0.0966563 0.100907 0.118591 0.193185 0.399038 0.0916224
0.183045 0.0680765 0.472716 0.0755662 9.9991E-05 0.200497
9.9991E-05 0.0681434 0.189808 0.0562988 0.65469 0.03096
9.9982E-05 9.9982E-05 0.277081 0.154195 0.393404 0.17512
9.9982E-05 9.9982E-05 0.181543 0.137029 0.526086 0.155142
0.087144 0.0497117 0.10469 0.0856663 0.55272 0.120069
0.30345 0.238858 0.222099 0.0267066 0.120515 0.0883718
0.130702 0.532443 0.336555 9.9973E-05 9.9973E-05 9.9973E-05
0.13348 0.455346 0.410874 9.9973E-05 9.9973E-05 9.9973E-05
0.346366 0.393785 0.176071 0.0160488 0.0613554 0.00637344
9.9964E-05 9.9964E-05 0.307893 9.9964E-05 0.691707 9.9964E-05
0.0541095 0.0322084 0.05486 0.0809719 0.61034 0.167511
0.708848 9.9973E-05 9.9973E-05 0.000646182 0.290206 9.9973E-05
0.453159 0.0621889 9.9991E-05 0.149315 0.219422 0.115814
0.421377 0.127256 0.0232265 0.133029 0.295012 9.9991E-05
0.00868341 9.9982E-05 0.531383 9.9982E-05 0.401593 0.0581407
0.0552593 0.0386513 0.186735 9.9991E-05 0.461505 0.25775
9.9973E-05 9.9973E-05 0.617494 9.9973E-05 0.293324 0.0888815
9.9973E-05 9.9973E-05 0.223943 9.9973E-05 0.60805 0.167707
0.0392416 0.0249629 0.295342 0.0279903 0.488946 0.123518
9.9982E-05 0.0646201 0.267135 0.0582492 0.609796 9.9982E-05
9.9982E-05 9.9982E-05 0.499846 0.0807295 0.266966 0.152258
0.11503 0.0190669 0.0750576 9.9991E-05 0.634011 0.156734
0.0730686 9.9991E-05 0.0997423 0.0886003 0.618983 0.119505
0.936945 9.9973E-05 9.9973E-05 9.9973E-05 0.0422853 0.0204698
0.873774 9.9964E-05 9.9964E-05 9.9964E-05 0.125826 9.9964E-05
0.518404 0.087635 9.9991E-05 0.0218399 0.352897 0.0191245
0.661172 9.9973E-05 9.9973E-05 9.9973E-05 0.321679 0.0168492
0.78552 9.9982E-05 0.0347856 9.9982E-05 0.142777 0.036717
0.9995 9.996E-05 9.996E-05 9.996E-05 9.996E-05 9.996E-05
0.943959 9.9982E-05 0.0255886 0.0194734 9.9982E-05 0.0107789
0.844769 9.9964E-05 9.9964E-05 9.9964E-05 0.154831 9.9964E-05
0.974742 9.9973E-05 9.9973E-05 0.0211293 9.9973E-05 0.0038286
0.9995 9.996E-05 9.996E-05 9.996E-05 9.996E-05 9.996E-05
0.9995 9.996E-05 9.996E-05 9.996E-05 9.996E-05 9.996E-05
0.737788 0.055495 9.9973E-05 9.9973E-05 0.206417 9.9973E-05
0.821849 0.0360927 9.9982E-05 0.0311734 0.110685 9.9982E-05
0.957368 9.9964E-05 9.9964E-05 9.9964E-05 9.9964E-05 0.042232
0.504727 9.9991E-05 0.0463519 0.11651 0.261809 0.070502
0.607922 0.0138325 0.0349828 0.1139 0.2275 0.00186277
0.733355 0.0560251 9.9982E-05 0.0155918 0.194828 9.9982E-05
0.858602 0.0152126 9.9982E-05 0.0362169 0.0897686 9.9982E-05
0.964968 9.9973E-05 9.9973E-05 9.9973E-05 0.0304351 0.00429716
0.846034 0.0752725 9.9973E-05 9.9973E-05 0.0783932 9.9973E-05
0.991632 0.00796784 9.9964E-05 9.9964E-05 9.9964E-05 9.9964E-05
0.558117 0.0565159 9.9991E-05 0.0720729 0.301177 0.0120164
0.859598 0.0597064 0.00166067 0.0113271 0.060587 0.00712108
0.0769533 0.360228 0.562519 9.9973E-05 9.9973E-05 9.9973E-05
0.0978029 0.105853 0.255761 0.135453 0.405031 9.9991E-05
0.0954057 0.186826 0.174041 0.0695562 0.43487 0.0393003
0.109178 0.28117 0.405459 0.000952991 0.203139 9.9991E-05
0.128516 0.0685111 0.233909 0.0240669 0.507691 0.0373065
0.083088 0.257065 0.336304 9.9991E-05 0.2524 0.0710425
0.0341795 0.245367 0.0831057 0.0760162 0.491532 0.0697988
0.149502 0.166245 0.301233 9.9991E-05 0.360139 0.0227821
0.0962691 0.178967 0.268782 9.9982E-05 0.455782 9.9982E-05
0.150218 0.201837 0.294179 9.9982E-05 0.353566 9.9982E-05
0.0812598 0.187459 0.176676 9.9991E-05 0.451427 0.103078
9.9982E-05 0.830679 0.0490371 0.0601797 0.0599041 9.9982E-05
0.0438956 0.936185 0.0196197 9.9973E-05 9.9973E-05 9.9973E-05
9.9973E-05 0.963897 0.000793867 0.0350095 9.9973E-05 9.9973E-05
9.9973E-05 0.938004 9.9973E-05 0.0239167 0.0377798 9.9973E-05
0.0359789 0.888269 0.0218484 0.053704 9.9982E-05 9.9982E-05
0.0702238 0.914711 0.0147654 9.9973E-05 9.9973E-05 9.9973E-05
0.11095 0.874383 9.9973E-05 9.9973E-05 9.9973E-05 0.0143663
9.9982E-05 0.89521 0.0333413 0.0223595 9.9982E-05 0.0488891
0.0325615 0.908965 9.9973E-05 9.9973E-05 9.9973E-05 0.0581734
0.0540025 0.875075 0.0227363 9.9982E-05 0.0479865 9.9982E-05
0.0275682 0.606023 0.00539012 0.221963 9.9991E-05 0.138956
9.9973E-05 0.625493 9.9973E-05 0.283297 9.9973E-05 0.0909104
9.9982E-05 0.554961 0.155845 0.267776 9.9982E-05 0.021218
9.9973E-05 0.51766 9.9973E-05 0.25988 9.9973E-05 0.22216
0.0200294 0.0655149 9.9991E-05 0.109743 0.467213 0.337399
0.0214996 0.0677982 9.9991E-05 0.100214 0.416758 0.39363
0.0448302 9.9982E-05 9.9982E-05 0.216379 0.501812 0.236778
9.9991E-05 0.0541473 0.0128332 0.265142 0.376452 0.291326
0.0361727 9.9991E-05 0.0542257 0.588299 0.144576 0.176626
0.00881315 0.088418 9.9991E-05 0.0434273 0.525965 0.333276
0.0195023 9.9982E-05 9.9982E-05 0.147092 0.582336 0.25087
9.9982E-05 9.9982E-05 0.161455 0.113662 0.483161 0.241522
0.102176 9.9991E-05 0.0452415 0.00782608 0.25075 0.593906
9.9991E-05 0.0471542 0.0163207 0.189555 0.591326 0.155544
9.9991E-05 0.013747 0.0239832 0.178047 0.378155 0.405968
9.9973E-05 9.9973E-05 0.260812 0.0420947 9.9973E-05 0.696793
0.0341019 9.9991E-05 0.176057 0.185229 0.543251 0.0612613
0.0442496 9.9991E-05 0.265353 0.0305623 0.190545 0.469191
0.0384708 9.9991E-05 0.0890349 0.0301645 0.419764 0.422466
9.9982E-05 0.105716 9.9982E-05 0.124194 0.0313491 0.738541
9.9982E-05 0.106635 0.0915354 0.783141 9.9982E-05 0.0184882
9.9982E-05 0.0950439 0.0990539 0.721845 0.0838574 9.9982E-05
9.9973E-05 0.0421024 0.101572 0.856026 9.9973E-05 9.9973E-05
9.9982E-05 0.140832 0.0050036 0.791871 9.9982E-05 0.0620931
0.0374254 0.0247781 0.072562 0.814565 0.0505692 9.9991E-05
9.9982E-05 0.0815813 0.0345437 0.752441 0.131234 9.9982E-05
0.00336028 0.868042 9.9973E-05 9.9973E-05 0.128297 9.9973E-05
0.0384249 0.82748 9.9982E-05 0.0509483 0.0829467 9.9982E-05
0.0887644 0.770366 9.9973E-05 9.9973E-05 0.14057 9.9973E-05
0.119683 0.757234 9.9982E-05 0.0889315 0.0339514 9.9982E-05
0.0952984 0.761434 9.9982E-05 0.0785525 0.0645155 9.9982E-05
9.9973E-05 0.384473 0.0787993 0.536428 9.9973E-05 9.9973E-05
9.9973E-05 0.487074 0.110877 0.401748 9.9973E-05 9.9973E-05
9.9982E-05 0.452625 0.0146198 0.460169 9.9982E-05 0.0723862
0.0279958 0.798578 9.9982E-05 0.0642967 0.108929 9.9982E-05
9.9982E-05 0.382968 0.0486937 0.557404 9.9982E-05 0.0107338
0.278326 0.245487 0.110264 9.9982E-05 0.365722 9.9982E-05
0.140614 0.148626 0.0105643 9.9991E-05 0.600374 0.0997221
0.230073 0.196763 9.9973E-05 9.9973E-05 0.572864 9.9973E-05
0.206919 0.241903 0.0634731 9.9991E-05 0.365267 0.122339
0.166703 0.171996 0.0223659 0.0851509 0.493865 0.0599189
0.291325 0.45617 0.252205 9.9973E-05 9.9973E-05 9.9973E-05
9.9991E-05 0.0324213 0.156515 0.187663 0.446226 0.177075
9.9982E-05 9.9982E-05 0.302009 0.161469 0.489378 0.0469449
0.0509908 0.101847 9.9991E-05 0.483143 0.207999 0.15592
9.9982E-05 9.9982E-05 0.221219 0.139549 0.492943 0.146089
9.9973E-05 9.9973E-05 0.695854 0.145301 9.9973E-05 0.158545
0.0384697 0.127156 0.16592 0.0357505 0.632604 9.9991E-05
0.00163345 0.0616914 0.13024 0.168318 0.518707 0.11941
9.9982E-05 0.0779084 9.9982E-05 0.402316 0.326758 0.192818
0.0464585 0.139674 0.00112731 0.224258 0.451784 0.136698
9.9982E-05 9.9982E-05 0.434473 0.216734 0.165424 0.183169
9.9982E-05 9.9982E-05 0.31904 0.179975 0.488293 0.0124917
0.0397298 9.9991E-05 0.0192961 0.276128 0.511835 0.15291
0.162341 0.19018 9.9982E-05 9.9982E-05 0.371694 0.275585
9.9982E-05 9.9982E-05 0.201414 0.235337 0.413211 0.149838
9.9991E-05 0.0403764 0.0616606 0.24099 0.496122 0.160751
0.138625 9.9991E-05 0.162498 0.175051 0.447383 0.0763432
9.9991E-05 0.0604823 0.0981184 0.145363 0.532909 0.163027
0.0538204 0.0482864 0.0826161 0.208897 0.593074 0.0133063
0.0632611 0.0439526 0.110341 0.0985438 0.622756 0.0611448
0.0328211 0.0769918 0.0265126 0.153028 0.568479 0.142167
0.0905435 0.766132 0.00418678 9.9982E-05 0.138938 9.9982E-05
0.0583502 0.84146 0.00532744 9.9991E-05 0.0632301 0.0315323
0.00474967 0.764586 0.155333 0.0408246 0.0316223 0.00288439
0.0265561 0.83178 9.99803E-05 9.99803E-05 9.99803E-05 0.141364
0.0450952 0.843312 9.9973E-05 9.9973E-05 0.111293 9.9973E-05
0.104262 9.9991E-05 0.0732062 0.547546 0.143297 0.131588
0.0467752 0.026618 0.147846 0.243112 0.535549 9.9991E-05
0.188482 0.217271 0.107134 9.9991E-05 0.47265 0.0143637
0.0732812 9.9991E-05 0.0098398 0.285775 0.609478 0.0215254
0.0182567 0.0617994 0.0959591 0.191664 0.47252 0.1598
0.0346921 0.00193569 0.310245 0.376502 0.276525 9.9991E-05
9.9991E-05 0.128351 0.134913 0.595723 0.0127421 0.128171
0.00864454 9.9991E-05 0.124347 0.334888 0.481623 0.0503969
0.0645068 0.0558316 0.105218 0.558121 0.133957 0.0823665
9.9991E-05 0.0619854 0.22586 0.124571 0.549665 0.0378182
0.0170675 0.147034 0.0679767 0.553805 0.0777992 0.136317
0.132313 0.134825 9.9982E-05 0.222403 0.510259 9.9982E-05
9.9991E-05 0.127718 0.0519747 0.491076 0.23587 0.0932615
0.0890582 0.00894912 0.232661 0.268557 0.331804 0.068971
9.9991E-05 0.110441 0.109985 0.128124 0.580196 0.0711528
9.9982E-05 0.00865578 0.525008 0.122591 0.343545 9.9982E-05
0.00127859 0.0863019 0.260194 0.0331043 0.568909 0.0502126
0.0144931 0.135167 0.136724 0.0961395 0.503215 0.114262
9.9973E-05 9.9973E-05 0.492094 0.102317 0.405289 9.9973E-05
0.120357 9.9991E-05 0.193283 0.187866 0.441222 0.0571725
9.9982E-05 0.0227491 0.266004 9.9982E-05 0.570587 0.14046
9.9982E-05 9.9982E-05 0.697482 0.0908737 0.119914 0.0915305
9.9982E-05 9.9982E-05 0.580967 0.0167301 0.339048 0.0630549
9.9973E-05 9.9973E-05 0.3253 0.116967 0.557434 9.9973E-05
9.9991E-05 0.0262165 0.551322 0.109082 0.169871 0.143408
9.9991E-05 0.0161675 0.176799 0.109129 0.533337 0.164468
0.0989692 9.9991E-05 0.0720027 0.569023 0.0540498 0.205855
9.9982E-05 9.9982E-05 0.29045 0.37078 0.268682 0.0698879
0.135196 0.00129918 9.9991E-05 0.456164 0.261668 0.145574
0.146322 9.9982E-05 9.9982E-05 0.293443 0.503022 0.0570134
0.0276907 9.9991E-05 0.0409685 0.460352 0.231303 0.239586
0.11456 0.0689329 0.182321 0.160576 0.47351 9.9991E-05
0.075699 0.0539818 9.9991E-05 0.134675 0.569741 0.165802
0.0506288 9.9982E-05 9.9982E-05 0.260678 0.544119 0.144375
0.053631 9.9991E-05 0.0768216 0.298095 0.465759 0.105593
0.068454 9.9982E-05 9.9982E-05 0.327443 0.415438 0.188465
0.142205 9.9982E-05 9.9982E-05 0.516992 0.175636 0.164967
0.136839 9.9991E-05 0.0521664 0.415282 0.300506 0.0951063
0.0919213 9.9991E-05 0.0706445 0.202253 0.551335 0.0837462
0.0441158 0.0748371 9.9991E-05 0.142788 0.611856 0.126303
9.9991E-05 0.0394911 0.170961 0.331491 0.412725 0.0452314
0.0504544 9.9982E-05 0.111678 0.274898 0.562769 9.9982E-05
9.9982E-05 0.0516241 0.0313848 0.440679 0.476112 9.9982E-05
9.9973E-05 9.9973E-05 9.9973E-05 0.335482 0.568211 0.0960064
0.0827867 9.9991E-05 0.0798228 0.255981 0.517343 0.0639663
0.140795 0.0621294 0.0732981 0.186101 0.452137 0.0855396
0.142599 0.344998 0.0396177 0.0293179 0.409974 0.033493
0.213433 0.108146 0.108286 9.9991E-05 0.470677 0.0993578
0.122997 0.141048 0.0534787 0.0761003 0.518413 0.0879635
0.0667737 0.0362756 0.0852031 9.9991E-05 0.727641 0.0840068
0.170221 0.232634 0.00732338 9.9991E-05 0.442329 0.147392
0.0453527 9.9991E-05 0.254018 0.149664 0.406876 0.143989
0.128782 0.148632 0.0204045 0.0524378 0.540999 0.108745
0.173436 0.247166 0.389174 9.9982E-05 9.9982E-05 0.190025
0.186928 0.123589 0.055935 0.0275359 0.452623 0.153388
0.173361 0.133369 0.0151445 0.076392 0.553122 0.0486102
0.206751 0.100842 0.0743043 0.0857543 0.489179 0.0431686
0.152703 0.156393 0.240132 0.110604 0.254119 0.0860491
0.0328522 0.230951 0.0483262 0.0218502 0.66592 9.9991E-05
0.107978 0.183581 0.085903 9.9982E-05 0.622338 9.9982E-05
0.183851 0.46377 0.352079 9.9973E-05 9.9973E-05 9.9973E-05
0.136485 0.167425 0.0260744 9.9991E-05 0.601463 0.068453
0.212214 0.119657 0.0739436 0.110804 0.483281 9.9991E-05
0.14157 0.0917098 0.207329 0.00793529 0.545664 0.00579188
0.16837 0.216387 0.0741622 0.0152066 0.525775 9.9991E-05
0.177118 0.0875705 0.042463 0.110714 0.579076 0.0030583
0.0833779 0.00118244 0.231644 0.14752 0.413256 0.123019
0.108796 0.108137 0.20688 0.0025225 0.505598 0.0680672
0.00144678 9.9991E-05 0.641811 0.0575106 0.0470213 0.25211
9.9982E-05 9.9982E-05 0.718217 0.0652072 0.0681542 0.148222
0.0797936 0.0356976 0.125122 0.0447379 0.561377 0.153271
0.303287 0.0731474 0.164624 0.0774218 0.38142 9.9991E-05
0.356655 0.0794519 0.165445 9.9991E-05 0.383318 0.0150309
0.213214 0.22708 0.335164 9.9982E-05 0.224342 9.9982E-05
0.20301 0.230542 0.114237 0.00995454 0.4128 0.0294561
0.0942227 0.0337938 0.688033 9.9991E-05 0.178992 0.0048593
0.0955776 0.0941309 0.544303 9.9982E-05 0.265789 9.9982E-05
0.0697122 0.0316933 0.135392 9.9991E-05 0.631129 0.131974
0.0911902 0.0736086 0.212065 9.9991E-05 0.526351 0.0966857
0.0849156 0.0215641 0.540766 0.0169404 0.335714 9.9991E-05
0.0516059 0.0717856 0.186994 0.103938 0.54616 0.039516
0.0746969 0.0233176 0.199193 0.0173012 0.6349 0.050591
0.100348 0.118892 0.109335 0.0207296 0.57685 0.0738458
9.9982E-05 9.9982E-05 0.497763 0.0376465 0.378865 0.085525
9.9982E-05 9.9982E-05 0.38705 0.0687256 0.461006 0.0830181
0.0329177 0.0263239 0.230748 0.0882625 0.485945 0.135802
9.9991E-05 0.0588556 0.26038 0.128432 0.453041 0.0991911
0.0755464 0.0727685 0.285041 0.0275716 0.468645 0.0704275
9.9973E-05 9.9973E-05 0.437844 9.9973E-05 0.529551 0.0323054
9.9982E-05 9.9982E-05 0.627615 0.0561444 0.297417 0.0186241
0.027197 9.9982E-05 0.224935 9.9982E-05 0.634645 0.113023
9.9982E-05 9.9982E-05 0.500412 0.0791686 0.278298 0.141921
9.9991E-05 0.0102469 0.299753 0.0249177 0.527694 0.137288
9.9991E-05 0.0889624 0.0696412 0.1212 0.586767 0.13333
0.0121207 9.9991E-05 0.28044 0.111532 0.500985 0.0948225
0.103861 0.275372 0.06788 9.9991E-05 0.505269 0.0475182
0.019495 0.221699 0.0753802 0.0905136 0.562952 0.0299601
0.217511 0.128686 0.21817 0.0352326 0.4003 9.9991E-05
0.170603 0.124215 0.233013 0.11661 0.355459 9.9991E-05
0.146043 0.151068 0.103793 0.024003 0.50615 0.0689441
0.20146 0.149168 0.216703 0.0159459 0.394719 0.0220038
0.199063 0.139879 0.600157 0.0607009 9.9982E-05 9.9982E-05
0.187545 0.0640402 0.0676839 0.0697021 0.610929 9.9991E-05
0.165988 0.336852 0.49686 9.9973E-05 9.9973E-05 9.9973E-05
0.148862 0.0609388 0.212687 9.9982E-05 0.577312 9.9982E-05
9.9973E-05 9.9973E-05 0.628603 9.9973E-05 0.142096 0.229002
9.9973E-05 9.9973E-05 0.728758 0.0279032 9.9973E-05 0.243039
9.9973E-05 9.9973E-05 0.345905 9.9973E-05 0.506953 0.146842
9.9982E-05 0.000628531 0.224137 9.9982E-05 0.671452 0.103582
9.9973E-05 9.9973E-05 0.406477 9.9973E-05 0.444451 0.148773
9.9973E-05 9.9973E-05 0.276966 9.9973E-05 0.523099 0.199635
9.9973E-05 9.9973E-05 0.306763 9.9973E-05 0.640686 0.0522511
9.9973E-05 0.828988 0.0577391 9.9973E-05 0.112973 9.9973E-05
0.119889 0.736356 9.9982E-05 0.1422 9.9982E-05 0.00135456
0.0543497 0.896682 9.9973E-05 0.0486686 9.9973E-05 9.9973E-05
9.9973E-05 0.907459 0.0177635 9.9973E-05 0.0744775 9.9973E-05
9.9991E-05 0.0420056 0.0793303 0.0556523 0.527935 0.294977
0.0669619 0.0408328 9.9991E-05 0.0330467 0.421006 0.438053
9.9982E-05 0.0378269 9.9982E-05 0.0111457 0.444952 0.505876
9.9982E-05 0.0863885 0.0506886 9.9982E-05 0.594832 0.267891
0.0909994 0.0716816 0.0235603 0.0841934 0.489008 0.240557
9.9991E-05 0.0673235 0.0776922 0.140069 0.160675 0.55414
0.0133875 9.9973E-05 9.9973E-05 9.9973E-05 0.577623 0.408689
9.9982E-05 0.0214415 0.193741 9.9982E-05 0.319468 0.465149
0.133075 0.292069 0.0411988 0.0554726 0.478084 9.9991E-05
0.0431585 9.9991E-05 0.163639 0.0146385 0.398227 0.380238
9.9982E-05 0.00676649 9.9982E-05 0.122602 0.30958 0.560852
9.9973E-05 9.9973E-05 0.0239172 9.9973E-05 0.556451 0.419332
9.9991E-05 0.0225451 0.120255 0.0652118 0.369251 0.422636
9.9982E-05 0.0025459 0.138088 9.9982E-05 0.523702 0.335464
0.00424284 0.0711641 0.0374254 9.9991E-05 0.474348 0.412719
9.9973E-05 9.9973E-05 0.136067 9.9973E-05 0.00834486 0.855289
9.9991E-05 0.0164899 0.0737227 0.037316 0.238403 0.633969
9.9982E-05 9.9982E-05 0.0229183 0.151846 0.307003 0.518032
9.9964E-05 9.9964E-05 0.265573 9.9964E-05 9.9964E-05 0.734027
0.0018906 0.0640989 9.9991E-05 0.133122 0.346474 0.454315
9.9982E-05 9.9982E-05 0.395118 0.0207488 0.0580131 0.52592
9.9964E-05 9.9964E-05 0.37784 9.9964E-05 9.9964E-05 0.62176
0.0440108 0.0523995 0.0297704 0.00719234 0.520113 0.346514
0.0205515 0.0454832 9.9991E-05 0.072232 0.115051 0.746582
0.0886651 9.9982E-05 9.9982E-05 0.120916 0.327884 0.462335
0.0544735 0.108091 0.00852288 0.00621089 0.577244 0.245457
0.0516446 9.9973E-05 9.9973E-05 9.9973E-05 0.486259 0.461796
0.0564106 9.9991E-05 0.211967 0.349527 0.355025 0.026971
0.00153063 0.0464675 9.9982E-05 9.9982E-05 0.51183 0.439972
0.038524 0.0219859 9.9991E-05 0.0951454 0.39071 0.453535
9.9973E-05 9.9973E-05 0.0835107 9.9973E-05 0.285395 0.630795
0.0825551 0.0441153 0.0438477 0.0581243 0.526884 0.244474
9.9982E-05 0.630677 0.0570397 0.262193 9.9982E-05 0.0498903
9.9991E-05 0.740741 0.0153621 0.109675 0.0462137 0.0879078
9.9973E-05 0.802291 0.0336152 0.163794 9.9973E-05 9.9973E-05
9.9973E-05 0.822607 0.0517475 0.125346 9.9973E-05 9.9973E-05
9.9982E-05 0.753267 9.9982E-05 0.218965 0.0187899 0.00877869
0.0182194 0.05647 9.9982E-05 0.155309 9.9982E-05 0.769802
9.9991E-05 0.0656818 0.0108372 0.152066 0.0576089 0.713706
9.9973E-05 9.9973E-05 0.203722 9.9973E-05 0.0970779 0.6989
0.0726289 0.1106 9.9991E-05 0.00602423 0.53411 0.276537
9.9991E-05 0.134619 0.0413774 0.0926376 0.550164 0.181102
0.0211325 0.0374712 0.0857244 9.9991E-05 0.285738 0.569834
0.0660309 9.9982E-05 0.0750013 9.9982E-05 0.558619 0.300149
0.161413 0.0716766 0.040484 9.9991E-05 0.218537 0.50779
9.9991E-05 0.038594 0.0722417 0.0274947 0.470236 0.391333
9.9991E-05 0.000612266 0.0229938 0.0539824 0.585483 0.336828
0.0325509 9.9991E-05 0.0427649 0.105278 0.155764 0.663543
9.9973E-05 0.0448698 9.9973E-05 9.9973E-05 0.285653 0.669177
0.0231639 0.0159177 9.9991E-05 0.112512 0.237168 0.611138
9.9991E-05 0.155772 0.17045 0.0543537 0.610392 0.00893263
9.9982E-05 0.0248361 9.9982E-05 0.0258921 0.347203 0.601869
9.9991E-05 0.0875285 0.0563254 0.0218025 0.361462 0.472781
0.344077 0.0915164 0.063402 9.9982E-05 0.500805 9.9982E-05
0.346056 0.14648 0.0853759 9.9982E-05 0.421888 9.9982E-05
0.385019 0.129138 9.9991E-05 0.0238034 0.457346 0.00459317
0.401752 0.177286 0.0358852 9.9982E-05 0.384877 9.9982E-05
0.263939 0.153989 0.122019 9.9982E-05 0.459853 9.9982E-05
0.0471699 0.0646508 0.0765632 9.9991E-05 0.431233 0.380283
0.564543 0.295114 9.9973E-05 9.9973E-05 0.140043 9.9973E-05
0.41791 0.228431 9.9973E-05 9.9973E-05 0.353359 9.9973E-05
0.150141 0.158624 0.146885 9.9991E-05 0.398243 0.146006
9.9991E-05 0.128228 0.177157 0.0348228 0.621322 0.0383695
0.0148448 0.125614 0.232161 0.174147 0.431562 0.0216712
9.9982E-05 0.142477 0.0797171 0.0997334 0.677873 9.9982E-05
0.0513823 0.0606864 0.0136748 0.0866404 0.63929 0.148327
0.431437 0.148045 0.0317596 9.9991E-05 0.381957 0.00670149
0.356253 0.0571667 0.00783878 0.108539 0.40677 0.0634323
0.444631 0.114125 0.0190428 9.9982E-05 0.422001 9.9982E-05
0.228498 0.172683 0.0403971 0.0457665 0.466251 0.0464044
0.522743 0.0723625 0.00883464 9.9991E-05 0.268047 0.127913
0.17771 0.155798 9.9991E-05 0.0743499 0.535797 0.0562455
0.54021 0.12635 9.9991E-05 0.0221746 0.22427 0.0868949
0.330547 0.120637 0.0147784 0.0228565 0.470127 0.041054
9.9991E-05 0.128358 0.183198 0.025664 0.604891 0.0577892
0.322168 0.186612 0.0446761 9.9982E-05 0.446343 9.9982E-05
0.575975 0.166181 0.0162212 9.9982E-05 0.241423 9.9982E-05
0.400909 0.112129 0.092688 0.072091 0.269549 0.0526342
9.9991E-05 0.199277 0.211086 0.180167 0.222626 0.186743
0.0657425 9.9991E-05 0.200142 0.0171725 0.614301 0.102542
0.224719 0.188794 0.0502886 0.077169 0.45893 9.9991E-05
9.9991E-05 0.123805 0.137308 0.0685941 0.632078 0.0381146
9.9991E-05 0.164678 0.0916984 0.105785 0.48633 0.151408
0.225096 0.230775 0.0866108 9.9991E-05 0.375501 0.0819172
0.256402 0.244538 0.100849 9.9982E-05 0.398011 9.9982E-05
0.0261084 0.114779 0.113284 0.00294312 0.616907 0.125979
0.364985 0.112069 9.9991E-05 0.0530575 0.403626 0.0661626
0.424088 0.108497 9.9973E-05 9.9973E-05 0.467116 9.9973E-05
0.570732 0.21096 0.0292061 9.9982E-05 0.188901 9.9982E-05
0.0595607 0.048954 0.138198 0.111669 0.614943 0.0266747
9.9991E-05 0.134107 0.144083 0.0693401 0.453495 0.198875
9.9973E-05 0.13966 0.619845 9.9973E-05 0.240195 9.9973E-05
0.0836547 0.0887165 0.141376 0.0191147 0.541561 0.125576
0.0124624 0.154636 0.0178215 0.205338 0.438795 0.170947
0.0499926 0.225247 0.157272 9.9982E-05 0.567289 9.9982E-05
0.0467307 0.106296 0.0949853 0.15396 0.568582 0.029446
0.211808 0.290654 0.497238 9.9973E-05 9.9973E-05 9.9973E-05
0.137622 0.290014 0.572064 9.9973E-05 9.9973E-05 9.9973E-05
0.135292 0.141503 0.321139 0.103623 0.288956 0.00948712
0.230999 0.344478 0.424224 9.9973E-05 9.9973E-05 9.9973E-05
0.255405 0.399169 0.345126 9.9973E-05 9.9973E-05 9.9973E-05
0.144282 0.106382 0.347056 9.9991E-05 0.369224 0.0329569
0.109624 0.274605 0.0688628 0.0462266 0.305939 0.194743
0.0973816 0.288403 0.275573 0.0593667 0.279176 9.9991E-05
0.156616 0.291775 0.426317 9.9982E-05 0.125093 9.9982E-05
0.198054 0.0987725 0.185131 0.102022 0.411412 0.00460817
0.143794 0.190825 0.466946 0.0154115 0.134984 0.0480387
0.0531421 0.421994 0.524564 9.9973E-05 9.9973E-05 9.9973E-05
0.163981 0.173138 0.128155 0.0754876 0.438322 0.020916
0.300304 0.13516 0.217841 0.0813106 0.265285 9.9991E-05
0.175886 0.293386 9.9982E-05 0.0536082 0.47692 9.9982E-05
0.240649 0.210303 9.9982E-05 9.9982E-05 0.547625 0.00122319
0.121332 0.148553 9.9991E-05 0.0858833 0.554785 0.0893465
0.285529 0.163871 0.0756569 0.0109712 0.463872 9.9991E-05
0.221774 0.392071 9.9982E-05 9.9982E-05 0.330868 0.0550877
0.0247187 0.28539 0.00845589 0.0250227 0.65578 0.000633396
0.181326 0.309732 9.9982E-05 9.9982E-05 0.469559 0.0391835
0.204521 0.280643 0.105969 0.0432412 0.361312 0.0043133
0.168905 0.156921 0.0582261 0.0991081 0.21616 0.30068
0.0750509 0.125132 0.0701374 0.0825149 0.530312 0.116853
0.138959 0.135202 0.0411704 0.04792 0.47351 0.163238
0.0531262 0.126978 9.9982E-05 9.9982E-05 0.631516 0.18818
0.193189 0.302777 9.9982E-05 0.0812362 0.422598 9.9982E-05
0.127399 0.231844 0.0434319 9.9982E-05 0.597126 9.9982E-05
0.173218 0.391071 0.235256 9.9982E-05 0.200255 9.9982E-05
0.182457 0.184256 9.9982E-05 0.0604293 0.572657 9.9982E-05
0.251643 0.274051 0.171087 9.9991E-05 0.3016 0.00151807
9.9991E-05 0.783995 0.0745857 0.117607 0.00113486 0.0225779
9.9991E-05 0.0772152 0.00860085 0.750073 0.112941 0.0510702
9.9964E-05 0.0396879 9.9964E-05 0.959912 9.9964E-05 9.9964E-05
9.9964E-05 0.0210568 9.9964E-05 0.978543 9.9964E-05 9.9964E-05
9.996E-05 9.996E-05 9.996E-05 0.9995 9.996E-05 9.996E-05
0.0418055 0.0210858 9.9973E-05 0.936809 9.9973E-05 9.9973E-05
9.9964E-05 9.9964E-05 9.9964E-05 0.928351 0.0712487 9.9964E-05
9.9964E-05 0.0562091 9.9964E-05 0.943391 9.9964E-05 9.9964E-05
9.9964E-05 0.180133 9.9964E-05 0.819467 9.9964E-05 9.9964E-05
9.9973E-05 0.913292 9.9973E-05 9.9973E-05 0.067012 0.0193962
0.000569 0.794934 0.00894025 0.153799 0.0416579 9.9991E-05
0.0705889 0.868065 0.00158542 9.9991E-05 0.00190826 0.0577523
9.9982E-05 0.80635 0.0321234 0.0986836 0.0626433 9.9982E-05
0.064896 0.883715 9.9982E-05 0.0131407 9.9982E-05 0.0380486
0.0160272 0.864601 0.0145687 0.104603 9.9982E-05 9.9982E-05
0.171564 0.749124 0.017432 0.0578801 9.9991E-05 0.00390032
0.0907092 0.87183 9.9982E-05 0.0111228 0.0261376 9.9982E-05
0.0656876 0.717568 9.9991E-05 0.136488 0.0226485 0.0575083
0.102018 0.892142 9.9973E-05 9.9973E-05 9.9973E-05 0.00553986
9.9982E-05 0.932465 9.9982E-05 0.0664189 0.00013284 0.000783227
0.0669544 0.846035 9.9991E-05 0.0312468 0.03058 0.0250837
9.9973E-05 0.935038 9.9973E-05 0.037305 0.0273569 9.9973E-05
0.0142427 0.907202 9.9973E-05 9.9973E-05 0.0782553 9.9973E-05
0.0376836 0.82612 9.9982E-05 9.9982E-05 0.0991576 0.0368392
9.9964E-05 0.836523 9.9964E-05 9.9964E-05 0.163078 9.9964E-05
0.0724342 0.76571 9.9973E-05 9.9973E-05 0.161555 9.9973E-05
0.0792477 0.786535 9.9973E-05 9.9973E-05 0.133917 9.9973E-05
0.0625309 0.804035 9.9973E-05 9.9973E-05 0.133134 9.9973E-05
0.00550079 0.143461 0.194813 0.0912294 0.498864 0.0661318
9.9982E-05 0.0772649 0.0653211 9.9982E-05 0.699807 0.157407
0.0850091 0.153967 0.0706185 9.9991E-05 0.556132 0.134173
9.9991E-05 0.0602972 0.614733 0.000581117 0.215036 0.109253
9.9982E-05 0.11533 0.0939096 0.221923 0.568638 9.9982E-05
9.9973E-05 0.153259 0.665548 9.9973E-05 0.180894 9.9973E-05
0.0159862 0.0998864 0.188677 0.0349692 0.660381 9.9991E-05
9.9991E-05 0.0742543 0.154241 0.167563 0.482788 0.121054
9.9991E-05 0.106774 0.150934 0.0563241 0.513427 0.172441
0.0316875 0.0583215 0.0695027 9.9991E-05 0.460292 0.380096
9.9991E-05 0.117607 0.143328 0.18185 0.502658 0.0544576
0.0124161 0.0680918 0.133327 0.123218 0.580738 0.0822098
9.9991E-05 0.0683228 0.13166 0.0991015 0.657143 0.0436727
0.0505032 9.9991E-05 0.295134 0.472051 0.0310583 0.151153
9.9982E-05 0.0506063 0.869504 0.0659707 0.0137188 9.9982E-05
0.001477 0.073259 0.684631 9.9982E-05 0.240433 9.9982E-05
0.00778108 0.0800444 0.100811 0.0893372 0.683995 0.0380311
9.9991E-05 0.123614 0.226328 0.0223833 0.545819 0.0817553
9.9991E-05 0.188707 0.184771 0.0535372 0.440755 0.13213
0.100509 0.0884633 0.16647 9.9991E-05 0.461042 0.183416
0.19719 0.212622 0.00771331 9.9991E-05 0.488973 0.0934023
0.0928983 0.196313 9.9982E-05 9.9982E-05 0.572382 0.138207
0.0873087 0.446078 0.159021 0.121366 0.186126 9.9991E-05
9.9991E-05 0.119597 0.0957827 0.139084 0.562258 0.083178
0.0498117 0.233066 0.0505685 0.170486 0.495968 9.9991E-05
0.177248 0.427038 0.395414 9.9973E-05 9.9973E-05 9.9973E-05
0.153574 0.308592 0.0952017 9.9991E-05 0.433947 0.00858521
0.139381 0.354586 0.0439893 0.0573157 0.27436 0.130368
0.156204 0.383405 9.9991E-05 0.0800184 0.335045 0.0452277
0.079443 0.170023 9.9991E-05 0.0872725 0.562239 0.100923
0.133371 0.163487 9.9991E-05 0.0477452 0.556606 0.0986908
0.0465343 0.211945 0.0602353 9.9982E-05 0.681086 9.9982E-05
0.162237 0.187428 0.105255 0.0976594 0.324 0.12342
0.0725312 0.512254 9.9982E-05 9.9982E-05 0.359913 0.0551017
