0.921959 0.0611431 9.9973E-05 9.9973E-05 0.016598 9.9973E-05
0.947028 0.0167841 9.9982E-05 9.9982E-05 0.000182284 0.0358055
0.826421 0.0275803 0.126082 9.9982E-05 0.0197163 9.9982E-05
0.767717 0.120792 0.0400627 9.9982E-05 0.0712289 9.9982E-05
0.880901 9.9982E-05 0.0554931 0.0166044 0.0468018 9.9982E-05
0.638011 0.102323 0.0687926 0.146104 0.0349627 0.00980618
0.839432 0.0490071 9.9973E-05 0.111261 9.9973E-05 9.9973E-05
0.715838 0.147544 9.9982E-05 0.0867892 0.049628 9.9982E-05
0.826704 0.0794919 9.9982E-05 0.0840938 9.9982E-05 0.00950993
0.733919 9.9982E-05 0.127081 0.134202 0.00459845 9.9982E-05
0.751119 0.105611 0.00609051 0.13698 9.9982E-05 9.9982E-05
9.999E-05 0.431717 0.177899 0.00228446 0.122823 0.265177
0.040196 0.242913 0.543748 0.0359168 0.0546772 0.0825491
0.0123313 0.461555 0.267214 0.0793486 0.0488292 0.130722
9.9991E-05 0.395984 0.243154 0.0052173 0.219957 0.135588
0.121057 0.162346 0.423608 0.126447 0.0959461 0.0705953
0.0162072 0.160841 0.529749 0.100142 0.163418 0.0296427
9.999E-05 0.193066 0.402002 0.0969464 0.0789659 0.22892
0.0713843 0.362066 0.295025 9.9991E-05 0.147976 0.123448
9.9982E-05 0.668924 9.9982E-05 0.117855 0.107691 0.10533
9.999E-05 0.234945 0.363285 0.0839892 0.106594 0.211087
0.00776854 0.219702 0.406568 0.146019 0.144563 0.0753799
0.0990721 0.150276 0.49996 9.9991E-05 0.0083584 0.242233
0.00736553 0.305093 0.24284 0.0566962 0.134819 0.253187
0.145735 0.0740982 0.676498 0.0641355 0.0296469 0.00988569
0.0219717 0.292398 0.391614 9.9991E-05 0.157058 0.136859
0.0249418 0.450339 0.108488 0.0400332 0.138774 0.237425
9.999E-05 0.431229 0.138993 0.0864975 0.240749 0.102432
9.9991E-05 0.410353 0.20323 0.166289 0.0483079 0.171721
0.828811 9.9973E-05 0.145808 9.9973E-05 0.025081 9.9973E-05
0.830175 9.9964E-05 0.169425 9.9964E-05 9.9964E-05 9.9964E-05
0.817634 9.9964E-05 0.181966 9.9964E-05 9.9964E-05 9.9964E-05
0.758775 9.9982E-05 0.122137 9.9982E-05 0.0639714 0.0549164
0.0158071 0.0788921 0.544913 0.0399068 0.028813 0.291668
0.09504 0.0999521 0.441238 9.9991E-05 0.0854488 0.278221
9.9973E-05 9.9973E-05 0.541112 9.9973E-05 0.0746774 0.383911
0.104557 0.550712 0.121309 0.0360462 0.0250061 0.16237
9.9982E-05 9.9982E-05 0.302459 0.0316956 0.0591607 0.606485
0.0905076 0.151084 0.398883 9.9991E-05 0.0828911 0.276535
0.0520485 9.9991E-05 0.695766 0.0153713 0.0472213 0.189493
0.107282 0.143484 0.560903 0.105979 9.9991E-05 0.0822516
0.194353 9.9973E-05 0.654251 9.9973E-05 9.9973E-05 0.151096
0.0684393 0.124084 0.0410994 0.00875612 9.9991E-05 0.757521
0.0201393 0.013137 0.636203 0.1986 0.0416089 0.0903116
0.0487944 0.0355691 0.505729 0.0646409 0.131588 0.213679
0.134033 0.0803858 0.572512 0.00466976 0.0498489 0.158551
9.9964E-05 9.9964E-05 0.291923 9.9964E-05 9.9964E-05 0.707677
0.00729279 9.9991E-05 0.610935 0.0160767 0.0621019 0.303494
0.107762 9.9991E-05 0.652602 0.00317056 0.0153034 0.221062
0.0591097 9.9973E-05 9.9973E-05 0.279561 9.9973E-05 0.66103
9.9991E-05 0.452511 0.143572 0.0744524 0.0264524 0.302913
0.0120671 0.224175 0.0573357 0.455444 0.0208462 0.230132
9.9991E-05 0.157702 0.48217 0.0895143 0.230566 0.039948
0.108198 0.125249 0.598974 0.0823909 0.0850872 9.9991E-05
0.0126562 0.162914 0.625526 0.138507 0.0602973 9.9991E-05
0.0715644 0.360412 0.225143 0.148063 9.9991E-05 0.194717
9.9973E-05 0.143902 0.620764 0.235034 9.9973E-05 9.9973E-05
0.078307 0.0679195 0.534801 0.14708 0.132848 0.0390452
0.0885317 0.200477 0.330971 0.245264 9.9991E-05 0.134656
0.199548 0.27789 0.0711852 0.276149 0.0495863 0.125642
0.0544263 0.193763 0.408308 0.0470328 0.134956 0.161513
9.9991E-05 0.331764 0.45266 0.0912152 0.0889558 0.0353053
0.0442918 0.555877 0.0469208 0.139547 9.9991E-05 0.213263
9.9991E-05 0.283523 0.500211 0.0767036 0.0419019 0.0975601
0.0241897 0.0588326 0.671955 0.166637 0.0111177 0.0672684
0.094577 0.0874591 0.622203 0.172905 9.9991E-05 0.0227559
0.020852 0.324657 0.25732 0.120836 0.0714427 0.204892
9.9991E-05 0.201914 0.470137 0.214919 0.0365705 0.0763599
9.9991E-05 0.23819 0.617963 0.0294669 0.0802748 0.0340048
0.0105147 0.416526 0.248584 0.171272 9.9991E-05 0.153003
9.9973E-05 0.0469971 0.482588 9.9973E-05 9.9973E-05 0.470115
0.015093 0.0695493 0.186868 9.9982E-05 9.9982E-05 0.72829
0.132262 9.9982E-05 0.504159 9.9982E-05 0.106856 0.256523
9.9964E-05 9.9964E-05 9.9964E-05 0.192745 9.9964E-05 0.806856
9.9964E-05 9.9964E-05 9.9964E-05 0.143429 9.9964E-05 0.856171
9.9973E-05 9.9973E-05 0.250539 0.0538428 9.9973E-05 0.695318
0.0168548 0.0250359 0.435488 9.9982E-05 9.9982E-05 0.522421
0.107478 0.0211553 0.650425 9.9991E-05 0.000143203 0.220698
0.0360384 0.0284475 0.361719 9.9991E-05 0.0834381 0.490257
0.00441183 0.219653 0.124801 9.9991E-05 0.0376724 0.613362
0.0534921 0.233201 0.18712 9.9982E-05 9.9982E-05 0.525986
0.0467126 0.0402013 0.508821 9.9991E-05 0.157306 0.246859
0.00743921 0.077966 0.194714 9.9991E-05 0.0763317 0.643449
0.0856277 0.0283435 0.376798 9.9991E-05 0.0274929 0.481638
0.0358358 9.9982E-05 0.355468 0.0200804 9.9982E-05 0.588416
0.0373299 9.9973E-05 9.9973E-05 0.194388 9.9973E-05 0.767982
0.0166006 0.0270974 0.557683 9.9991E-05 0.0608559 0.337663
0.795195 0.0291112 0.0615345 9.9991E-05 0.0346778 0.0793813
0.913955 9.9964E-05 0.0856454 9.9964E-05 9.9964E-05 9.9964E-05
0.856213 0.0248029 0.0515974 9.9982E-05 0.0671868 9.9982E-05
0.904293 9.9982E-05 0.0830412 0.00506508 9.9982E-05 0.00740083
0.885072 9.9982E-05 0.0724042 9.9982E-05 0.0118102 0.0305133
0.909372 9.9982E-05 0.0677108 0.0014454 9.9982E-05 0.0212721
0.91766 9.9991E-05 0.0284087 0.0211521 0.0116711 0.0210082
0.101031 0.0430399 0.47629 9.9991E-05 0.0145034 0.365036
0.113035 0.141195 0.514579 9.9991E-05 0.113743 0.117348
0.068013 0.049612 9.9973E-05 9.9973E-05 9.9973E-05 0.882075
0.0502314 0.0750818 0.590853 9.9991E-05 0.0226334 0.2611
0.0640803 0.0767519 0.427119 9.9982E-05 9.9982E-05 0.431849
0.0263546 0.0074056 0.561214 9.9991E-05 0.015373 0.389553
0.0597562 9.9982E-05 0.529902 0.108693 9.9982E-05 0.301449
9.9982E-05 9.9982E-05 0.419043 0.0388076 0.0367444 0.505205
0.0225327 0.218129 9.9973E-05 9.9973E-05 9.9973E-05 0.759038
0.11721 0.150299 0.490523 9.9991E-05 0.0758284 0.166039
0.0735292 9.9991E-05 0.653688 0.102157 0.0506263 0.1199
0.141407 0.124134 0.463955 0.0540277 0.0902686 0.126208
0.0306206 9.9991E-05 0.229014 0.175657 0.0507444 0.513864
0.00889375 9.9991E-05 0.444066 0.0843654 0.0245871 0.437988
0.028511 0.121605 0.364484 9.9991E-05 0.0896977 0.395603
9.9973E-05 9.9973E-05 0.231677 9.9973E-05 0.122569 0.645455
0.0610271 0.128319 0.371694 9.9982E-05 9.9982E-05 0.43876
0.0901082 0.0757712 0.612819 0.0257341 0.0220675 0.1735
0.0221811 0.337958 0.22482 0.258853 0.0566458 0.0995422
0.114983 0.321353 0.448684 9.9991E-05 0.0278334 0.0870463
0.123006 0.0728669 0.688109 0.103709 9.9991E-05 0.0122096
0.0839842 0.0914199 0.650005 0.00698995 0.0289341 0.138667
0.077616 0.312485 0.46939 0.0659178 9.9991E-05 0.0744909
0.000724533 0.306631 0.593013 0.0258676 0.0736647 9.9991E-05
9.9991E-05 0.355647 0.418089 0.0268038 0.0891424 0.110218
0.0163943 0.112385 0.475981 0.155491 0.146815 0.0929332
0.098525 0.168735 0.602136 0.0702084 9.9991E-05 0.0602956
0.0451896 0.241315 0.603676 9.9982E-05 9.9982E-05 0.109619
9.9982E-05 0.297139 0.549444 0.0152083 9.9982E-05 0.138009
0.0580989 0.100159 0.577924 0.0715266 0.0657823 0.126509
0.0640227 0.0714287 0.642177 0.0871535 0.0286603 0.106558
9.9982E-05 0.247983 0.556494 9.9982E-05 0.0705256 0.124798
0.0678566 0.0719445 0.597407 0.172491 0.0902005 9.9991E-05
9.9982E-05 0.271875 0.547618 0.0371531 0.143154 9.9982E-05
0.0874371 0.224816 0.472965 0.202357 0.00377934 0.00864592
9.9991E-05 0.147115 0.679018 0.0634623 0.07356 0.0367448
0.0029445 0.123131 0.727445 0.128775 9.9991E-05 0.0176041
9.9991E-05 0.397231 0.220009 0.0578734 0.0847814 0.240005
9.9991E-05 0.294327 0.147841 0.418519 0.0686593 0.0705533
9.9991E-05 0.247001 0.469364 0.114209 0.0365281 0.132798
9.9991E-05 0.286725 0.0520711 0.370292 0.0431684 0.247644
0.00305956 0.361314 0.306529 0.152471 0.00510816 0.171518
9.9973E-05 0.378515 0.428085 9.9973E-05 9.9973E-05 0.1931
0.0392092 0.33783 0.329099 0.00832278 9.9991E-05 0.28544
9.9991E-05 0.509974 0.297991 0.062148 0.0353595 0.0944268
0.103332 0.126615 0.677139 0.0617381 9.9991E-05 0.0310759
0.10197 0.173351 0.53309 0.00176917 0.0615837 0.128236
0.0809786 0.199497 0.49076 0.054382 0.0669784 0.107404
9.9991E-05 0.313091 0.139698 0.303343 0.134715 0.109052
0.17749 0.0238944 0.522505 0.158195 9.9991E-05 0.117816
0.0520501 0.0155166 0.489544 0.165503 0.0174492 0.259937
0.122413 0.111971 0.0168873 0.621658 9.9991E-05 0.12697
0.0733022 0.0314676 0.672114 0.06745 9.9991E-05 0.155566
0.060568 0.0396796 0.314177 0.423188 0.0320744 0.130313
0.0901313 0.100348 0.594342 0.128437 0.0462583 0.0404836
0.110806 0.117 0.282272 0.462126 9.9991E-05 0.0276952
0.0668283 0.126643 0.220056 0.516238 9.9991E-05 0.0701358
0.0167742 0.126111 0.449368 0.29454 9.9991E-05 0.113107
0.108052 0.0374573 0.52012 0.23099 0.011474 0.091907
0.222535 0.0476418 0.536793 0.0871585 0.0440048 0.0618663
0.0572728 0.0578491 0.080766 0.48631 0.133189 0.184613
0.0112733 0.09425 0.528547 0.167503 0.128011 0.0704155
9.9982E-05 0.0630442 0.454136 0.366478 9.9982E-05 0.116142
9.9982E-05 0.094208 0.48921 0.288252 9.9982E-05 0.12813
0.112328 0.0669801 0.555063 0.0387108 0.00309762 0.22382
0.32309 9.9991E-05 0.137623 0.212441 0.271874 0.0548719
0.516851 9.9973E-05 9.9973E-05 0.331165 0.151684 9.9973E-05
0.40741 9.9973E-05 9.9973E-05 0.440309 0.15198 9.9973E-05
0.357684 0.0126953 0.081058 0.203071 0.345392 9.9991E-05
9.9982E-05 9.9982E-05 0.609524 0.312493 0.013564 0.0642191
0.0796791 0.0528775 0.579045 0.101367 0.119388 0.0676435
9.9973E-05 0.0146541 0.297661 9.9973E-05 0.687385 9.9973E-05
0.0438045 0.0536873 0.505067 9.9991E-05 0.355364 0.0419767
0.105051 0.0382046 0.491902 0.0256879 0.339055 9.9991E-05
9.9973E-05 9.9973E-05 0.397675 0.548824 9.9973E-05 0.053201
0.0450658 9.9991E-05 0.553979 0.265448 0.0725716 0.0628349
9.9991E-05 0.0102369 0.191971 0.665245 0.0216126 0.110834
0.0270147 0.016131 0.676872 0.279783 9.9982E-05 9.9982E-05
9.9973E-05 9.9973E-05 0.466188 0.32454 9.9973E-05 0.208972
9.9982E-05 0.0328007 0.63966 0.26591 9.9982E-05 0.0614291
9.9991E-05 0.0277397 0.220727 0.576686 0.00255294 0.172194
0.0554119 9.9991E-05 0.682933 0.0667037 0.0756032 0.119248
0.0808731 0.0426856 0.511811 0.143769 0.0422279 0.178633
9.9964E-05 9.9964E-05 9.9964E-05 9.9964E-05 0.962898 0.036702
9.9973E-05 9.9973E-05 0.0862429 9.9973E-05 0.895334 0.0181236
0.0525214 9.9982E-05 0.264388 9.9982E-05 0.565599 0.117291
0.00536389 9.9982E-05 0.385514 9.9982E-05 0.60066 0.0082621
0.00186902 9.9982E-05 0.172675 9.9982E-05 0.805992 0.0192643
9.996E-05 9.996E-05 9.996E-05 9.996E-05 0.9995 9.996E-05
9.9973E-05 0.031451 9.9973E-05 0.0195843 0.948665 9.9973E-05
9.9964E-05 9.9964E-05 0.173263 9.9964E-05 0.826337 9.9964E-05
9.9964E-05 0.0243119 9.9964E-05 9.9964E-05 0.975288 9.9964E-05
9.996E-05 9.996E-05 9.996E-05 9.996E-05 0.9995 9.996E-05
9.996E-05 9.996E-05 9.996E-05 9.996E-05 0.9995 9.996E-05
0.0342395 9.9982E-05 0.208443 0.0371649 0.719952 9.9982E-05
0.0696556 0.0700452 0.119244 9.9982E-05 0.740856 9.9982E-05
9.9964E-05 9.9964E-05 9.9964E-05 9.9964E-05 0.969108 0.0304925
0.0526352 0.148847 0.280145 0.0320688 0.476359 0.0099451
0.00544388 0.130211 0.20133 9.9982E-05 0.662816 9.9982E-05
0.0692891 0.012005 0.153268 9.9982E-05 0.765238 9.9982E-05
0.0156763 0.000233382 0.084466 9.9982E-05 0.899424 9.9982E-05
9.9982E-05 0.0126514 0.0302125 9.9982E-05 0.955052 0.00188439
0.0354291 0.0299215 0.0526793 9.9982E-05 0.88177 9.9982E-05
0.0180775 9.9964E-05 9.9964E-05 9.9964E-05 0.981523 9.9964E-05
9.9991E-05 0.0420422 0.197027 0.10021 0.642639 0.0179814
9.9982E-05 0.0394585 0.0210498 0.000231952 0.93906 9.9982E-05
0.31568 9.9973E-05 9.9973E-05 0.614629 0.0693908 9.9973E-05
0.172189 0.138647 0.408376 0.135681 0.060237 0.0848708
0.265397 9.9991E-05 0.480278 0.175456 0.0355291 0.0432406
0.292492 9.9982E-05 0.208861 0.431232 0.0672154 9.9982E-05
0.138522 0.0464538 0.52193 0.227582 0.0654124 9.9991E-05
0.25217 9.9991E-05 0.157298 0.408711 0.10873 0.07299
0.232272 0.105775 0.385889 0.142269 0.0217013 0.112093
0.119697 9.9982E-05 0.352549 0.391219 0.136335 9.9982E-05
0.195146 9.9991E-05 0.512753 0.186745 0.0759922 0.0292642
0.136462 9.9982E-05 0.289459 0.378595 0.195285 9.9982E-05
0.178518 0.016947 0.488917 0.147948 0.0983141 0.0693552
0.829537 0.068077 0.0205212 0.0688067 9.9991E-05 0.0129583
0.912793 9.9973E-05 9.9973E-05 9.9973E-05 0.0609087 0.0259986
0.960863 0.00223634 9.9982E-05 0.0296731 9.9982E-05 0.00702722
0.951427 0.00943608 0.0388371 9.9973E-05 9.9973E-05 9.9973E-05
0.850785 0.0639771 0.047031 0.0255965 0.0125101 9.9991E-05
0.887363 9.9973E-05 9.9973E-05 0.0437595 0.0685779 9.9973E-05
0.896988 9.9982E-05 0.0198702 9.9982E-05 0.0791659 0.00377594
0.867931 9.9973E-05 0.0401379 0.0916316 9.9973E-05 9.9973E-05
0.903786 9.9982E-05 0.0217409 9.9982E-05 0.0133592 0.0609138
0.872171 0.0360599 9.9973E-05 9.9973E-05 0.0914697 9.9973E-05
0.594035 0.256725 9.9982E-05 0.0327633 9.9982E-05 0.116277
0.602902 0.319088 9.9982E-05 9.9982E-05 0.00664464 0.071165
0.522378 0.333074 9.9982E-05 0.113544 9.9982E-05 0.0308051
0.522438 0.312925 9.9982E-05 0.0319972 9.9982E-05 0.132441
0.0607259 0.126238 0.505076 9.9982E-05 9.9982E-05 0.30776
0.0302771 0.165142 0.499283 0.0639908 0.029952 0.211355
0.000906863 0.141308 0.549972 0.0220258 0.0235776 0.26221
0.0397866 0.146522 0.39449 0.0740597 9.9991E-05 0.345041
9.9991E-05 0.591834 0.0990875 0.0535407 0.0672794 0.188159
0.0220473 0.074136 0.607402 0.0330537 0.0341921 0.229169
9.9991E-05 0.051879 0.460894 0.0115871 0.0971977 0.378342
9.9982E-05 0.0309301 0.529574 0.0578394 9.9982E-05 0.381456
9.9982E-05 9.9982E-05 0.326123 0.0697771 0.0409324 0.562968
0.0554919 0.151599 0.657626 0.0127497 0.00262006 0.119913
9.9973E-05 0.150338 0.443528 9.9973E-05 9.9973E-05 0.405835
9.9973E-05 0.076794 9.9973E-05 0.182096 9.9973E-05 0.74081
0.0783987 0.180027 0.535324 0.0226843 0.012415 0.171152
0.00645226 9.9991E-05 0.204781 0.218574 0.0348783 0.535214
0.0128276 0.0537383 0.42299 0.0271578 0.0216726 0.461614
0.0358103 0.146551 0.0533437 9.9982E-05 9.9982E-05 0.764095
0.146114 0.779754 0.0256236 0.0483088 9.9982E-05 9.9982E-05
0.064935 0.731551 0.083943 0.119371 9.9982E-05 9.9982E-05
0.0425994 0.881167 0.0295449 0.046489 9.9982E-05 9.9982E-05
0.0856783 0.786546 9.9973E-05 0.127476 9.9973E-05 9.9973E-05
0.00195351 0.795205 0.121652 0.08099 9.9982E-05 9.9982E-05
0.0246021 0.785433 0.0330293 0.0805491 0.0762863 9.9991E-05
0.855678 9.9982E-05 0.0995124 9.9982E-05 0.0354443 0.0091651
0.798363 0.0955956 0.0598668 9.9982E-05 0.0459748 9.9982E-05
0.788912 9.9973E-05 0.110179 9.9973E-05 0.100609 9.9973E-05
0.693562 0.100973 0.0205232 9.9982E-05 0.184742 9.9982E-05
0.786709 0.0360104 0.0877361 9.9982E-05 0.0893443 9.9982E-05
0.376532 0.537837 9.9982E-05 0.0835614 9.9982E-05 0.00186913
0.449971 0.405046 9.9982E-05 0.0719167 9.9982E-05 0.072866
0.42439 0.504613 9.9973E-05 9.9973E-05 9.9973E-05 0.0706966
0.848454 0.00897897 0.142267 9.9973E-05 9.9973E-05 9.9973E-05
0.364986 0.517153 9.9982E-05 0.0864519 9.9982E-05 0.031209
0.209086 9.9982E-05 0.266566 0.173042 0.351105 9.9982E-05
0.132706 0.0556927 0.594904 0.0391888 0.177408 9.9991E-05
0.182424 9.9973E-05 0.533193 9.9973E-05 0.284083 9.9973E-05
0.283004 9.9991E-05 0.316573 0.0347107 0.250782 0.114831
0.18576 0.0235583 0.602827 0.0431694 0.0933241 0.051362
0.463581 9.9973E-05 9.9973E-05 0.200781 0.335338 9.9973E-05
9.9982E-05 0.360289 0.445055 0.048086 9.9982E-05 0.14637
0.00929851 0.184072 0.436607 0.302847 9.9991E-05 0.0670747
0.119645 0.484214 0.329616 9.9982E-05 9.9982E-05 0.0663253
9.9982E-05 0.0962431 0.522798 0.211797 9.9982E-05 0.168962
9.9973E-05 0.10499 9.9973E-05 0.661938 9.9973E-05 0.232773
0.00176106 0.187264 0.564309 0.165787 0.0643224 0.0165567
0.0307227 0.211998 0.564973 0.115355 9.9991E-05 0.0768515
0.0369456 0.415308 0.380804 0.0463332 9.9991E-05 0.120509
0.140491 0.250422 0.538475 0.0089783 0.0143923 0.047242
9.9982E-05 0.279023 0.095089 0.421507 9.9982E-05 0.204181
9.9991E-05 0.137295 0.500066 0.271083 0.0324152 0.0590409
9.9991E-05 0.35745 0.525113 0.0246802 0.0567932 0.035863
0.103651 0.10596 0.439926 0.0927144 0.179852 0.0778963
9.9991E-05 0.313402 0.328443 0.184333 0.0275969 0.146125
9.9991E-05 0.274405 0.430861 0.116076 0.0384563 0.140101
0.0186182 0.124692 0.507816 0.16727 0.0359273 0.145676
0.00894642 0.183076 0.532807 0.0834984 0.00742604 0.184246
9.9991E-05 0.094685 0.572429 0.133848 0.0735439 0.125394
0.12104 0.144166 0.587594 9.9991E-05 0.0340719 0.113027
0.0640929 0.223777 0.644501 0.044409 0.00405794 0.0191621
0.776626 9.9973E-05 0.146825 9.9973E-05 0.0762492 9.9973E-05
0.79151 9.9991E-05 0.0234572 0.0466238 0.0771308 0.0611783
0.773893 0.0532147 0.0789847 0.0744438 9.9991E-05 0.0193643
0.815922 0.0461557 9.9982E-05 9.9982E-05 0.026672 0.11105
0.823202 9.9973E-05 0.137058 9.9973E-05 0.0394406 9.9973E-05
9.9991E-05 0.502877 0.164302 0.181378 0.069457 0.0818867
0.0697584 0.0981254 0.515094 0.123106 0.0391739 0.154742
0.169435 0.14479 0.291822 0.139318 0.254535 9.9991E-05
9.9991E-05 0.143929 0.598699 0.120908 0.0782657 0.0580978
0.0427467 0.190477 0.540171 9.9991E-05 0.0213301 0.205175
9.9991E-05 0.284989 0.305949 0.305464 0.0899388 0.0135588
0.119457 0.574891 0.0109137 0.143963 0.00786538 0.142909
0.0176271 0.280931 0.557361 9.9991E-05 0.0295087 0.114472
0.0703773 0.489036 0.16845 0.149016 0.013395 0.109725
0.0833381 0.126424 0.429665 0.2051 9.9991E-05 0.155373
0.0988416 0.525938 0.0727215 0.0476632 0.0658932 0.188942
0.100942 0.182209 0.638746 9.9982E-05 9.9982E-05 0.0779025
0.0698292 0.516907 0.182182 0.0618273 0.0197285 0.149526
0.027676 0.263414 0.443757 0.251791 0.00483544 0.00852717
0.0644002 0.0663952 0.574377 0.236756 0.022498 0.0355734
9.9973E-05 0.130061 0.33259 0.537049 9.9973E-05 9.9973E-05
0.0617609 0.0357946 0.540438 0.206936 0.00832748 0.146743
0.102668 0.0440614 0.51613 0.182831 0.0285262 0.125783
9.9973E-05 0.116348 0.375132 0.508219 9.9973E-05 9.9973E-05
0.105564 0.0787009 0.488899 0.141977 0.0438437 0.141016
0.0354656 0.053551 0.580758 0.25923 9.9991E-05 0.0708956
9.9982E-05 0.0777977 0.158107 0.72938 9.9982E-05 0.0345147
9.9973E-05 9.9973E-05 0.277162 0.707222 9.9973E-05 0.0153161
9.9973E-05 0.0787901 0.531258 0.389652 9.9973E-05 9.9973E-05
9.9982E-05 0.110236 0.171675 0.607267 9.9982E-05 0.110621
9.9982E-05 0.119556 0.436129 0.271054 9.9982E-05 0.173061
9.9982E-05 0.636768 0.0847293 9.9982E-05 0.0640721 0.214231
9.9991E-05 0.308755 0.262554 0.243697 0.00614249 0.178752
0.011993 0.390497 0.366287 9.9991E-05 0.0811793 0.149944
0.0251203 0.214529 0.657929 0.0549806 0.00802703 0.039414
9.9982E-05 0.497382 0.21293 0.0405885 9.9982E-05 0.2489
0.0665824 0.184611 0.543085 0.153996 0.0180528 0.0336727
0.0844312 0.157723 0.584768 0.0008443 0.0389684 0.133265
9.9991E-05 0.193777 0.489881 0.0623836 0.0882131 0.165645
9.9991E-05 0.299754 0.414662 0.0364096 0.126228 0.122847
9.9982E-05 0.379262 0.41216 9.9982E-05 0.0825173 0.12586
9.9982E-05 0.540546 0.15407 9.9982E-05 0.105032 0.200152
9.9991E-05 0.426918 0.235001 0.0111435 0.157277 0.169561
9.9991E-05 0.176805 0.603324 0.072878 0.0489067 0.0979855
0.03397 0.149795 0.639821 0.0697567 0.0729809 0.0336766
0.0591163 0.165158 0.457199 0.0833766 9.9991E-05 0.23505
9.9991E-05 0.296853 0.425691 0.0980994 0.10012 0.0791365
0.0434679 0.383724 0.365959 0.153514 0.00668961 0.046645
9.9982E-05 0.174927 0.642086 0.0293364 9.9982E-05 0.153451
0.0254382 0.216731 0.499715 0.00217846 0.02742 0.228517
0.134019 0.0673318 0.524733 0.11441 0.0881981 0.0713079
0.364089 0.0203676 0.41396 0.0253567 0.117391 0.0588347
0.123052 9.9991E-05 0.427597 0.143096 0.248249 0.0579064
0.116876 0.194423 0.425214 0.0480218 0.215365 9.9991E-05
0.130753 0.156161 0.587908 0.0201491 0.0795006 0.0255284
0.145758 9.9991E-05 0.434745 0.108523 0.257579 0.0532946
9.9991E-05 0.129371 0.453239 0.271373 0.0238403 0.122076
0.228403 0.0773683 0.579303 9.9991E-05 0.0728938 0.0419318
0.254146 0.0274662 9.9991E-05 0.408178 0.161665 0.148446
0.0879935 0.0780535 0.530488 0.076593 0.201858 0.0250138
0.0776282 0.079646 0.515101 9.9991E-05 0.19575 0.131775
0.0532565 0.0138856 0.490258 0.110241 0.257185 0.0751743
0.171326 0.0494891 0.349101 0.21356 0.124718 0.0918055
0.204458 9.9991E-05 0.501335 0.0956025 0.128483 0.0700211
0.111509 9.9982E-05 0.519323 0.17081 0.198157 9.9982E-05
0.445499 9.9973E-05 9.9973E-05 0.342732 0.211469 9.9973E-05
0.131937 9.9991E-05 0.581883 0.0722844 0.19252 0.0212754
0.122536 9.9991E-05 0.485741 0.0831923 0.215793 0.0926369
0.143179 9.9991E-05 0.719822 0.0667237 0.0437153 0.0264603
0.200535 9.9982E-05 0.536891 0.0468429 0.215532 9.9982E-05
0.155724 0.0456033 0.605486 0.103484 0.0896031 9.9991E-05
0.0451286 0.0627977 0.453496 0.207163 0.086216 0.145199
0.104803 0.0618092 0.541816 0.20026 0.0739211 0.01739
9.9982E-05 0.0689666 0.0231471 0.569706 9.9982E-05 0.33798
9.9982E-05 0.0899219 0.0313641 0.590741 9.9982E-05 0.287773
0.0596713 0.0723293 0.443127 0.176428 0.105321 0.143123
0.117961 9.9982E-05 0.456492 0.127193 0.298153 9.9982E-05
0.0383545 9.9991E-05 0.282791 0.184314 0.39064 0.1038
0.146224 0.00390275 0.17863 0.329397 0.341746 9.9991E-05
0.148108 9.9991E-05 0.322045 0.14467 0.341953 0.0431234
0.0682117 9.9991E-05 0.17036 0.687663 0.0673344 0.00633096
0.0426834 9.9991E-05 0.205841 0.52574 0.153302 0.0723334
9.9991E-05 0.0262859 0.50282 0.24225 0.140285 0.0882602
9.9982E-05 9.9982E-05 0.460135 0.24927 0.137238 0.153158
0.0372127 0.0425293 0.262123 0.410529 0.12077 0.126836
0.0348936 0.0878503 0.501813 0.147624 0.148819 0.0789997
0.0266901 9.9991E-05 0.547059 0.250636 0.145146 0.0303696
0.0706976 0.0790391 0.564791 0.14398 0.141392 9.9991E-05
0.0182273 0.0964092 0.35721 0.299587 9.9991E-05 0.228466
9.9982E-05 0.11083 0.428999 0.318198 9.9982E-05 0.141773
0.0239098 0.0168032 0.480012 0.21184 0.0647279 0.202707
9.9991E-05 0.206688 0.451707 0.273769 0.0414197 0.0263164
0.0567051 0.0671888 0.346534 0.2743 0.148104 0.107168
9.9973E-05 9.9973E-05 0.565565 0.31753 9.9973E-05 0.116605
9.9982E-05 0.0942282 0.317929 0.45135 9.9982E-05 0.136293
9.9991E-05 0.0475361 0.581114 0.202237 0.0202495 0.148764
9.9991E-05 0.0925702 0.223331 0.519015 0.00867631 0.156308
9.9991E-05 0.0723059 0.459753 0.324598 0.0189504 0.124293
0.104012 0.0490759 0.589495 0.0955184 9.9991E-05 0.161799
0.0442768 9.9991E-05 0.52621 0.237193 0.0419752 0.150244
0.124725 9.9991E-05 0.497283 0.17285 0.189572 0.01547
0.073499 0.185829 0.414418 0.138979 0.161117 0.0261575
0.157425 0.0662478 0.296945 0.143237 0.282896 0.053249
0.189104 0.0995037 0.325989 0.195659 0.189645 9.9991E-05
0.165156 0.0808661 0.50296 0.0603623 0.190556 9.9991E-05
0.139228 9.9991E-05 0.426644 0.250411 0.170648 0.0129688
0.186924 9.9982E-05 9.9982E-05 0.562136 0.165291 0.0854492
0.0894022 0.0376129 0.582178 0.0693759 0.221332 9.9991E-05
0.309793 9.9973E-05 9.9973E-05 0.509693 0.180214 9.9973E-05
0.0167211 9.9982E-05 0.618914 0.214845 0.14932 9.9982E-05
9.9973E-05 9.9973E-05 0.177157 0.541 9.9973E-05 0.281543
9.9973E-05 0.0497302 9.9973E-05 0.59569 9.9973E-05 0.35428
9.9982E-05 0.00766412 0.510935 0.319827 9.9982E-05 0.161373
0.0142553 9.9991E-05 0.64307 0.195695 0.00959726 0.137282
9.9973E-05 9.9973E-05 0.436369 0.388749 9.9973E-05 0.174581
9.9982E-05 0.000229993 0.568787 0.260296 9.9982E-05 0.170486
9.9973E-05 9.9973E-05 0.542119 0.278137 9.9973E-05 0.179444
0.800241 0.0276197 0.0552069 0.0428879 0.0739448 9.9991E-05
0.720792 0.169299 9.9973E-05 9.9973E-05 0.109609 9.9973E-05
0.920835 0.00565102 0.00681394 9.9982E-05 0.0665 9.9982E-05
0.928054 9.9964E-05 0.0715466 9.9964E-05 9.9964E-05 9.9964E-05
0.0352172 0.0401684 0.451255 0.0667623 0.080382 0.326215
0.100381 9.9991E-05 0.477119 0.00749259 0.0397383 0.37517
0.0295803 9.9973E-05 0.439028 9.9973E-05 9.9973E-05 0.531092
0.0922673 0.00354841 0.654929 9.9991E-05 0.0152513 0.233904
0.071766 0.16023 0.504228 0.0435347 9.9991E-05 0.220142
0.031653 0.121271 0.185597 0.0810772 9.9991E-05 0.580302
9.9991E-05 0.0120364 0.569585 0.0141877 0.0119007 0.39219
0.0398579 9.9982E-05 0.308658 0.164542 9.9982E-05 0.486743
0.195398 0.0723321 0.465178 0.055351 0.211641 9.9991E-05
0.010674 0.0711941 0.38635 0.0942473 0.0822251 0.35531
0.0267024 0.112109 0.239551 9.9982E-05 9.9982E-05 0.621437
9.9982E-05 0.0426923 0.523641 0.00817946 9.9982E-05 0.425287
9.9973E-05 0.0231374 0.37299 9.9973E-05 9.9973E-05 0.603573
9.9982E-05 9.9982E-05 0.522781 0.0430614 0.0572985 0.376659
0.057753 9.9991E-05 0.566573 0.00605202 0.0221584 0.347364
9.9973E-05 9.9973E-05 0.0210062 0.0877062 9.9973E-05 0.890988
9.9982E-05 9.9982E-05 0.241485 0.170228 0.00792916 0.580158
0.0362191 0.103531 0.243846 0.0159054 0.0399848 0.560514
9.9964E-05 9.9964E-05 9.9964E-05 0.235923 9.9964E-05 0.763677
9.9991E-05 0.11203 0.437067 0.0265314 0.0349152 0.389356
9.9982E-05 0.0103512 0.0759441 0.311362 9.9982E-05 0.602143
9.9964E-05 9.9964E-05 9.9964E-05 0.310415 9.9964E-05 0.689185
0.119175 0.0115625 0.508531 9.9991E-05 0.00750988 0.353121
0.0453022 0.0297502 0.185329 0.042147 9.9991E-05 0.697371
9.9991E-05 0.128117 0.397345 0.0339682 0.0811388 0.359331
0.106626 9.9991E-05 0.51218 0.0127388 0.124702 0.243654
9.9982E-05 0.0693157 0.517079 9.9982E-05 0.0118382 0.401567
9.9991E-05 0.260177 0.279991 0.243462 0.0925417 0.123729
0.0576166 0.0602287 0.454171 9.9991E-05 0.0439037 0.38398
0.0769237 0.109621 0.472964 0.0182563 9.9991E-05 0.322135
9.9973E-05 9.9973E-05 0.234502 0.0286684 9.9973E-05 0.73653
0.0506147 0.0822177 0.546699 0.140288 9.9991E-05 0.180081
0.626839 0.283295 0.0198516 0.0698138 9.9982E-05 9.9982E-05
0.768671 0.0698052 0.00882804 9.9982E-05 9.9982E-05 0.152495
0.842196 0.0895866 9.9973E-05 0.067917 9.9973E-05 9.9973E-05
0.803838 0.171497 9.9973E-05 0.0243645 9.9973E-05 9.9973E-05
0.737224 0.215229 0.0399118 0.000977042 9.9991E-05 0.00655745
0.061831 0.169472 0.0211087 9.9991E-05 0.0355719 0.711917
0.049903 0.145206 0.0910516 0.00662685 9.9991E-05 0.707112
9.9982E-05 9.9982E-05 0.117535 0.0908403 0.00436064 0.787064
0.162885 9.9982E-05 0.531066 9.9982E-05 0.0895984 0.21625
0.128726 0.035854 0.574536 0.129326 0.0377876 0.0937704
0.0883002 9.9991E-05 0.205186 0.105853 0.00406604 0.596494
0.00254929 0.00121092 0.673105 0.102158 0.0495997 0.171377
0.0664462 9.9991E-05 0.377336 0.0826095 0.0514518 0.422056
0.0254557 0.0352689 0.512441 9.9991E-05 0.0158719 0.410863
0.00790113 0.119784 0.589832 9.9991E-05 0.0984782 0.183905
9.9973E-05 0.168295 0.254152 9.9973E-05 9.9973E-05 0.577253
9.9973E-05 0.0896345 0.305443 9.9973E-05 9.9973E-05 0.604623
9.9973E-05 0.187661 0.315116 9.9973E-05 9.9973E-05 0.496923
0.1265 0.00412879 0.587698 0.149422 0.0556975 0.076554
0.028958 0.011742 0.385684 9.9982E-05 9.9982E-05 0.573416
0.0483453 0.0240927 0.461959 9.9991E-05 0.0245179 0.440985
0.0356295 0.0767444 0.317206 0.0818632 0.488457 9.9991E-05
0.0880744 9.9982E-05 0.307941 0.127072 0.476713 9.9982E-05
0.1851 9.9982E-05 0.414755 0.0325643 0.36738 9.9982E-05
0.177617 9.9982E-05 0.291584 0.0473429 0.483256 9.9982E-05
0.112082 0.0314917 0.45704 0.0993143 0.299973 9.9991E-05
0.0606105 9.9982E-05 0.493576 0.233565 9.9982E-05 0.212049
0.253465 9.9982E-05 0.0284578 0.0418099 0.676067 9.9982E-05
0.161939 9.9991E-05 0.305116 0.00218831 0.465628 0.0650286
0.135057 0.00444258 0.430163 0.223593 0.131851 0.0748934
0.152145 0.0239238 0.624573 0.199158 9.9982E-05 9.9982E-05
0.102794 0.0655143 0.456646 0.285587 0.0292823 0.0601758
0.0745085 0.077256 0.656319 0.191716 9.9982E-05 9.9982E-05
0.0978845 0.0639608 0.592216 0.210057 0.00846225 0.0274196
0.192014 9.9973E-05 0.372864 9.9973E-05 0.434822 9.9973E-05
0.101291 0.112276 0.36126 9.9982E-05 0.424972 9.9982E-05
0.0530823 9.9973E-05 0.452913 9.9973E-05 0.493705 9.9973E-05
0.113803 0.0288626 0.357238 0.0736026 0.377801 0.0486923
0.11366 9.9991E-05 0.301475 0.0176266 0.547638 0.0194996
0.157218 0.0511663 0.477037 9.9991E-05 0.289222 0.0252565
0.161786 0.000584533 0.215485 0.000583692 0.576509 0.0450516
0.0735812 0.0893978 0.458783 0.0196375 0.357209 0.00139187
0.0631374 0.0467356 0.584723 0.25066 9.9991E-05 0.0546438
0.0956866 0.0753741 0.409505 0.104326 0.315008 9.9991E-05
0.166327 9.9982E-05 0.178891 0.0221942 0.632387 9.9982E-05
0.211598 0.0353465 0.300698 9.9991E-05 0.30442 0.147837
0.131745 0.253689 0.243577 0.294195 9.9991E-05 0.0766934
0.00530315 0.0904828 0.621989 0.221897 0.0433576 0.0169707
0.148661 0.044878 0.425544 0.113515 0.267302 9.9991E-05
0.100906 0.126804 0.615007 0.112412 0.0447712 9.9991E-05
0.117012 0.125334 0.563041 0.168398 9.9991E-05 0.0261154
0.220786 0.076613 0.388163 0.050201 0.224104 0.0401329
0.183966 0.0370465 0.278196 0.171547 0.329145 9.9991E-05
0.0266833 0.113221 0.632349 0.134654 0.0699503 0.023142
0.1282 9.9991E-05 0.370748 0.0123875 0.387117 0.101448
0.133965 9.9982E-05 0.317959 9.9982E-05 0.480435 0.0674411
0.191298 9.9982E-05 0.160063 0.0736144 0.574825 9.9982E-05
0.0597604 0.131403 0.633591 0.136795 0.0178112 0.0206393
0.100514 0.0889443 0.505775 0.234553 9.9991E-05 0.070114
0.115481 9.9982E-05 0.252496 0.622106 9.9982E-05 0.00971718
0.134177 0.00711189 0.571593 0.107493 0.00553617 0.174089
0.13217 0.217926 0.423486 0.226218 9.9982E-05 9.9982E-05
0.248021 9.9991E-05 0.495175 0.0346918 0.103468 0.118545
0.0723416 0.0952611 0.481617 0.216416 0.104592 0.0297727
0.272355 9.9973E-05 9.9973E-05 0.523375 0.20397 9.9973E-05
0.299083 9.9973E-05 9.9973E-05 0.605785 0.0948324 9.9973E-05
0.156354 0.0782858 0.24212 0.394253 0.128886 9.9991E-05
0.321776 9.9991E-05 0.0298707 0.375847 0.218384 0.054022
0.429893 9.9973E-05 9.9973E-05 0.344144 0.225663 9.9973E-05
0.138436 9.9982E-05 0.411438 0.35266 0.0972661 9.9982E-05
0.235654 9.9991E-05 0.434718 0.183126 0.120657 0.0257453
0.305243 0.00905925 0.203478 0.288255 0.136124 0.0578406
0.283082 9.9982E-05 0.0570498 0.467866 0.191802 9.9982E-05
0.186585 9.9991E-05 0.357212 0.253214 0.15919 0.0436987
0.214344 9.9991E-05 0.153347 0.452746 0.105873 0.0735911
0.397809 9.9973E-05 9.9973E-05 0.526851 0.0750404 9.9973E-05
0.0954789 0.0801606 0.440265 0.0690103 0.187397 0.127689
0.0624906 0.0621342 0.268424 0.23966 0.265759 0.101532
0.263605 0.0650136 0.411531 0.0184338 0.153283 0.0881338
0.161484 9.9982E-05 0.590426 9.9982E-05 0.206055 0.0418343
0.233465 9.9991E-05 0.514415 0.043453 0.10435 0.104217
0.152309 9.9991E-05 0.367756 0.128917 0.331057 0.0198605
0.372852 0.0244309 0.343311 0.0236878 0.19442 0.0412979
0.190312 0.00351622 0.48099 0.107138 0.217944 9.9991E-05
0.211678 9.9982E-05 0.438983 9.9982E-05 0.299983 0.0491557
0.218104 0.040251 0.246745 0.179524 0.280497 0.0348794
0.146037 0.160401 0.24662 9.9991E-05 0.126461 0.320381
0.111203 0.197618 0.548765 0.0609994 0.0813149 9.9991E-05
0.131185 0.0700984 0.458703 9.9991E-05 0.215025 0.124888
0.138348 0.0154471 0.565312 0.0810913 0.0626899 0.137112
0.259082 0.00239281 0.380281 0.109895 0.248249 9.9991E-05
0.149063 0.0268743 0.654324 0.0506931 0.0944442 0.0246021
0.358812 9.9991E-05 0.120398 0.232825 0.22264 0.0652246
0.246856 0.0211895 0.476375 9.9991E-05 0.184512 0.0709678
0.235129 9.9982E-05 0.175811 0.23871 0.35015 9.9982E-05
0.798321 0.0857232 9.9982E-05 0.00211709 9.9982E-05 0.113639
0.0613519 0.760359 0.105438 0.0590767 9.9991E-05 0.0136748
9.996E-05 0.9995 9.996E-05 9.996E-05 9.996E-05 9.996E-05
9.996E-05 0.9995 9.996E-05 9.996E-05 9.996E-05 9.996E-05
9.9964E-05 0.927048 0.0725519 9.9964E-05 9.9964E-05 9.9964E-05
0.00543536 0.907352 0.0306113 9.9982E-05 0.0564018 9.9982E-05
9.9964E-05 0.930466 0.0691345 9.9964E-05 9.9964E-05 9.9964E-05
0.0597829 0.925539 9.9973E-05 9.9973E-05 9.9973E-05 0.0143783
0.181688 0.817912 9.9964E-05 9.9964E-05 9.9964E-05 9.9964E-05
0.886559 0.0285344 9.9991E-05 0.0147697 0.0415897 0.0284473
0.82618 0.120338 0.0431721 9.9982E-05 0.0101092 9.9982E-05
0.883055 0.000366608 0.0154365 0.0287223 0.0450962 0.0273239
0.818475 0.078106 0.0515326 0.0516863 9.9982E-05 9.9982E-05
0.887191 0.0273601 0.0237128 9.9982E-05 0.0615359 9.9982E-05
0.858473 0.104499 9.9973E-05 9.9973E-05 0.0367283 9.9973E-05
0.71369 0.102122 0.0293304 0.00235772 0.124186 0.0283138
0.839323 9.9991E-05 0.0550911 0.00845681 0.0757514 0.0212772
0.699381 0.160936 0.016584 0.00334799 0.119651 9.9991E-05
0.897223 9.9973E-05 9.9973E-05 9.9973E-05 0.0883234 0.0141537
0.950318 0.0474536 9.9973E-05 9.9973E-05 9.9973E-05 0.00192875
0.799927 0.0448126 9.9982E-05 0.06273 0.0923307 9.9982E-05
0.916889 0.0565605 9.9973E-05 9.9973E-05 0.0262504 9.9973E-05
0.9072 9.9973E-05 0.0893619 9.9973E-05 0.00313863 9.9973E-05
0.867519 0.0187849 0.0730239 9.9991E-05 0.0163948 0.0241774
0.832624 9.9964E-05 0.166977 9.9964E-05 9.9964E-05 9.9964E-05
0.761169 9.9973E-05 0.0992465 9.9973E-05 0.139285 9.9973E-05
0.748305 9.9973E-05 0.129341 9.9973E-05 0.122054 9.9973E-05
0.797208 9.9973E-05 0.129602 9.9973E-05 0.07289 9.9973E-05
0.128176 0.0623134 0.46688 0.306961 0.0355699 9.9991E-05
0.0622191 0.0517211 0.676688 0.123044 9.9991E-05 0.0862276
0.114399 0.0915422 0.656576 0.11512 0.0222631 9.9991E-05
0.0362592 9.9973E-05 0.244611 0.71883 9.9973E-05 9.9973E-05
0.0657407 0.160062 0.600563 0.171551 9.9991E-05 0.00198303
0.120925 9.9973E-05 0.156243 0.722532 9.9973E-05 9.9973E-05
0.0548857 0.0595885 0.650648 0.224581 0.0101968 9.9991E-05
0.0698565 0.165081 0.455332 0.285585 9.9991E-05 0.0240445
0.0423792 0.0582638 0.555217 0.253405 9.9991E-05 0.0906352
0.0814265 0.0658726 0.486679 9.9991E-05 0.0363621 0.32956
0.0720606 0.145138 0.516241 0.229406 9.9991E-05 0.0370533
9.9982E-05 0.10395 0.724907 0.132274 9.9982E-05 0.0386682
0.10652 0.180302 0.612964 0.100015 9.9982E-05 9.9982E-05
9.9982E-05 0.433301 9.9982E-05 0.225759 0.095437 0.245304
9.9982E-05 0.102812 0.0369113 0.834244 9.9982E-05 0.0258325
0.0500379 0.0326232 0.23329 0.683849 9.9982E-05 9.9982E-05
0.0880187 0.0764347 0.658073 0.177274 9.9982E-05 9.9982E-05
0.120544 9.9982E-05 0.585106 0.284665 9.9982E-05 0.00948479
0.0831149 0.00471469 0.558807 0.303534 9.9991E-05 0.0497293
0.0509709 0.0326819 0.593866 0.270464 0.0498961 0.00212073
0.202097 9.9991E-05 0.526557 0.0712196 0.18335 0.0166767
0.142129 0.0515661 0.600646 0.0141577 0.191401 9.9991E-05
0.368082 0.135438 0.173484 0.166496 0.139292 0.0172075
0.17276 0.0412869 0.596258 0.0394053 9.9991E-05 0.15019
0.23089 0.0821448 0.423947 0.0287196 0.165063 0.0692351
0.405214 9.9973E-05 9.9973E-05 0.415647 0.17884 9.9973E-05
0.295755 9.9991E-05 0.296543 0.1699 0.224452 0.0132493
0.373126 0.0643472 0.240602 9.9991E-05 0.19785 0.123974
0.289343 0.184869 0.381012 0.00509901 0.123068 0.0166098
0.105709 0.0518299 0.495337 0.0956116 0.245118 0.00639435
0.215071 0.0229718 0.464019 0.0237079 0.155718 0.118512
0.168261 9.9982E-05 0.702518 0.0529136 0.0761081 9.9982E-05
0.113107 9.9991E-05 0.38562 0.274804 0.152499 0.0738694
0.489455 9.9991E-05 0.297531 0.0168966 0.138537 0.057481
