0.0284086 9.9964E-05 0.866079 9.9964E-05 9.9964E-05 9.9964E-05 0.0597878 0.0453252
0.017661 9.9973E-05 0.893783 9.9973E-05 0.0209778 0.0162766 0.0510014 9.9973E-05
0.00772415 0.0877993 0.7476 9.9973E-05 9.9973E-05 9.9973E-05 0.097545 0.0590315
0.12815 0.0151804 0.745035 9.9973E-05 9.9973E-05 9.9973E-05 0.0498353 0.0614991
0.0189056 0.038458 0.854846 0.0557064 9.9973E-05 9.9973E-05 9.9973E-05 0.0317841
0.127727 0.0624354 0.580943 9.9991E-05 0.0679193 0.102954 0.0290493 0.0288726
0.0375942 9.9964E-05 0.736709 9.9964E-05 9.9964E-05 0.148552 0.0767448 9.9964E-05
0.151921 9.9973E-05 0.693926 9.9973E-05 9.9973E-05 0.114565 0.00962235 0.029666
0.0639904 9.99729E-05 0.801778 9.99729E-05 0.0710936 0.0417116 0.0211266 9.99729E-05
0.00988497 0.0984037 0.653939 9.9991E-05 0.0163112 0.100942 0.0192449 0.101174
0.114636 0.0102507 0.700231 9.9973E-05 9.9973E-05 0.157536 0.017046 9.9973E-05
0.449744 0.236172 9.9973E-05 9.9973E-05 0.238775 0.00628572 9.9973E-05 0.0687232
0.209096 0.510661 9.9982E-05 9.9982E-05 0.0737915 0.0970372 0.0281949 0.0810189
0.301699 0.259577 0.00538632 0.0639697 0.150525 0.120351 0.0606007 0.0378908
0.335505 0.311895 0.0138221 0.0451205 0.0385299 0.0777737 0.042183 0.135171
0.166911 0.461804 0.155291 0.0194827 0.0418959 0.0745202 0.0083323 0.0717623
0.120928 0.623036 0.0213793 9.9991E-05 0.0536275 0.0791738 0.0467713 0.0549837
0.0767161 0.385793 9.9991E-05 0.00763606 0.268977 0.139981 0.0401502 0.0806463
0.291266 0.324424 0.1539 9.9973E-05 0.178071 9.9973E-05 9.9973E-05 0.0520391
0.606768 0.0202025 9.9982E-05 9.9982E-05 0.121576 0.127521 0.0338332 0.0898991
0.196879 0.340984 0.00717684 0.112165 0.229586 9.9991E-05 0.0207709 0.0923385
0.132109 0.474384 0.0303189 0.105057 0.0127061 0.20599 0.0151208 0.024314
0.136865 0.540539 0.0385557 0.0724981 0.138861 0.0299415 0.0114252 0.0313148
0.237045 0.30273 0.0571882 9.9991E-05 0.220441 0.0648293 0.00138535 0.116281
0.05098 0.59629 0.0676118 0.0287516 9.9991E-05 0.157867 0.0332809 0.0651181
0.182092 0.536257 9.9982E-05 9.9982E-05 0.0204627 0.0883555 0.0143752 0.158257
0.340134 0.142181 9.9982E-05 9.9982E-05 0.294747 0.0603668 0.0516172 0.110754
0.374003 0.142907 0.0370512 9.9982E-05 0.216744 0.0198521 9.9982E-05 0.209244
0.355827 0.251335 0.0522242 0.0871264 0.137327 0.11596 9.9982E-05 9.9982E-05
9.994E-05 9.994E-05 9.994E-05 9.994E-05 9.994E-05 9.994E-05 0.9993 9.994E-05
9.994E-05 9.994E-05 9.994E-05 9.994E-05 9.994E-05 9.994E-05 0.9993 9.994E-05
9.9973E-05 0.0839994 0.545603 9.9973E-05 0.00984117 9.9973E-05 0.323133 0.0371236
9.9973E-05 0.0502192 0.52931 9.9973E-05 0.0980292 9.9973E-05 0.263707 0.0584349
0.0944832 0.551327 9.9982E-05 0.0378041 0.221411 0.050007 9.9982E-05 0.0447676
0.0363074 0.431585 0.0181684 0.138406 0.241252 0.0463705 0.00679508 0.0811153
9.9964E-05 0.583833 0.0184964 0.0532827 0.343988 9.9964E-05 9.9964E-05 9.9964E-05
0.509217 0.189032 0.085523 9.9973E-05 0.189822 9.9973E-05 0.026106 9.9973E-05
9.999E-05 0.323165 0.0322283 0.10347 0.45098 0.0365276 0.0142365 0.0392928
0.130885 0.545306 0.0240038 0.0609022 0.186231 9.9991E-05 0.00336375 0.0492091
9.9982E-05 0.675504 0.0477781 9.9982E-05 0.157199 0.0791237 0.014551 0.0256445
0.0362641 0.602661 0.0561644 0.028266 0.0228531 0.168945 0.0610699 0.0237756
0.0772467 0.646741 0.0106489 9.9982E-05 0.0963807 0.108864 0.0599189 9.9982E-05
0.15811 0.109099 9.9973E-05 9.9973E-05 0.691795 0.011706 0.0289898 9.9973E-05
9.9964E-05 0.562344 9.9964E-05 9.9964E-05 9.9964E-05 0.331055 0.0281848 0.0780163
9.9973E-05 0.566249 0.0796557 9.9973E-05 0.231976 0.0334378 9.9973E-05 0.0883816
0.00353541 0.60375 0.109905 9.9991E-05 0.203962 0.0343834 0.010708 0.0336562
9.9964E-05 0.278218 9.9964E-05 0.0586814 0.639722 9.9964E-05 0.0229782 9.9964E-05
9.9955E-05 0.644582 0.0473889 9.9955E-05 0.30753 9.9955E-05 9.9955E-05 9.9955E-05
0.0319111 0.537817 0.168577 0.0165808 0.192051 0.00834981 0.0408633 0.00384979
9.9964E-05 9.9964E-05 0.0533133 0.0811256 0.642009 0.223152 9.9964E-05 9.9964E-05
0.41314 0.125285 9.9982E-05 0.0484677 0.327327 0.0801339 9.9982E-05 0.00544556
0.202984 0.0851083 9.9973E-05 0.167673 0.196819 0.347116 9.9973E-05 9.9973E-05
0.121308 0.587908 0.0806983 0.0639763 0.0944035 0.0250294 0.0212418 0.00543442
0.0617938 0.670305 0.0481125 0.0451095 0.011503 0.0926202 0.023664 0.0468917
0.00827306 0.536994 0.138166 0.0754014 0.171402 0.0159636 9.9991E-05 0.0537
0.406503 0.211007 0.0430713 0.0184463 0.172553 0.0995469 0.0332452 0.0156266
0.184248 0.586162 9.9982E-05 0.103257 0.0214831 0.0732015 0.0314485 9.9982E-05
0.0916062 0.609382 0.0850219 9.9991E-05 0.040458 0.0773467 0.0372035 0.0588815
0.16262 0.348801 0.0969264 0.112653 0.243711 0.0143138 0.0208746 9.9991E-05
0.322012 0.0374092 0.0974914 9.9991E-05 0.196232 0.239277 0.0495792 0.0578981
0.153485 0.574912 0.0794761 0.0164092 0.103306 9.9991E-05 0.046231 0.0260811
0.245567 0.438626 0.0296096 0.0856225 0.0302129 0.0979502 0.0264788 0.0459329
0.494747 0.0171527 9.9982E-05 0.0307368 0.2781 0.106603 0.0724618 9.9982E-05
0.208045 0.500868 9.9991E-05 0.17663 0.0596604 0.0472296 0.00629291 0.00117306
9.9973E-05 0.643996 9.9973E-05 0.0998983 0.145536 0.0730352 9.9973E-05 0.0372349
0.122123 0.60126 0.0475394 0.0916494 0.0442885 0.0291739 0.0638654 9.9991E-05
0.231347 0.305599 0.0565483 0.0118993 0.240374 0.111292 0.0241324 0.0188075
0.176177 0.47886 9.9982E-05 0.108548 0.0966016 0.0923808 0.047233 9.9982E-05
0.209605 0.566447 0.0375156 0.112671 9.9982E-05 0.0129902 0.0605712 9.9982E-05
0.339877 0.192384 9.9982E-05 0.0639608 0.191157 0.119906 0.0925158 9.9982E-05
0.0317163 0.455674 9.9973E-05 9.9973E-05 0.471934 0.0121037 9.9973E-05 0.028273
0.0745307 0.213925 9.9964E-05 9.9964E-05 0.685702 9.9964E-05 0.0254432 9.9964E-05
0.0720697 0.550633 0.0220962 0.0833723 0.077666 0.124357 0.0389805 0.0308244
9.9955E-05 9.9955E-05 0.0269701 9.9955E-05 0.873694 0.0988358 9.9955E-05 9.9955E-05
9.9955E-05 9.9955E-05 9.9955E-05 0.13277 0.809388 0.0573418 9.9955E-05 9.9955E-05
9.9955E-05 0.264296 9.9955E-05 0.0759974 0.659207 9.9955E-05 9.9955E-05 9.9955E-05
0.0244153 0.479043 9.9964E-05 9.9964E-05 0.456086 9.9964E-05 0.0400564 9.9964E-05
9.9982E-05 0.67291 0.0973984 0.0834043 0.0111654 0.094422 0.0405002 9.9982E-05
0.0168783 0.379325 9.9982E-05 0.0364247 0.45766 9.9982E-05 0.00621959 0.103293
0.096536 0.126513 0.0393294 9.9973E-05 0.649528 9.9973E-05 9.9973E-05 0.0877934
0.277867 0.225628 0.0702317 9.9982E-05 0.387942 9.9982E-05 0.00724844 0.0308827
0.0301555 0.442917 0.0194617 0.0707263 0.220693 9.9991E-05 0.0795867 0.136359
0.018614 0.185049 9.9973E-05 9.9973E-05 0.68222 9.9973E-05 0.0237127 0.0901044
0.0325297 0.445087 0.0215338 9.9973E-05 0.438985 9.9973E-05 0.0615644 9.9973E-05
9.9964E-05 0.331878 9.9964E-05 0.0307009 0.576688 0.0603337 9.9964E-05 9.9964E-05
9.9964E-05 9.9964E-05 0.028913 0.272762 0.619243 0.0786827 9.9964E-05 9.9964E-05
0.063462 0.58952 9.9982E-05 9.9982E-05 0.277349 0.0151924 0.00542072 0.0488555
0.0550676 0.100197 0.786424 9.9973E-05 9.9973E-05 9.9973E-05 0.0371826 0.0208291
9.9955E-05 0.0722839 0.816562 9.9955E-05 9.9955E-05 9.9955E-05 0.110654 9.9955E-05
9.9964E-05 0.105631 0.763588 9.9964E-05 9.9964E-05 9.9964E-05 0.11085 0.0195305
9.9964E-05 0.0432993 0.788 9.9964E-05 9.9964E-05 0.0324633 0.135838 9.9964E-05
9.9955E-05 0.112049 0.764971 9.9955E-05 9.9955E-05 9.9955E-05 0.12248 9.9955E-05
9.9973E-05 9.9973E-05 0.787578 0.04104 9.9973E-05 0.0487579 0.0673273 0.0549968
9.99551E-05 0.0698826 0.865096 9.99551E-05 9.99551E-05 9.99551E-05 0.0645219 9.99551E-05
0.102675 0.385449 0.0539813 9.9991E-05 0.267969 0.0518235 0.0134701 0.124532
0.0985609 0.573551 0.0875944 0.0696262 0.123907 9.9991E-05 0.0158808 0.0307798
0.105059 0.0238975 0.0219966 0.0986932 0.750054 9.9973E-05 9.9973E-05 9.9973E-05
0.0802907 0.425799 9.9991E-05 0.0326645 0.25645 0.0297402 0.0464993 0.128456
0.151747 0.433947 9.9964E-05 9.9964E-05 0.374279 9.9964E-05 0.0396273 9.9964E-05
9.9991E-05 0.569963 0.00409171 0.035739 0.28841 0.0524528 0.0317551 0.0174889
9.9982E-05 0.494599 0.0785853 0.117041 0.257831 0.0490752 9.9982E-05 0.00266913
9.9982E-05 0.42802 9.9982E-05 0.0298849 0.409308 0.0160766 0.00238655 0.114124
0.15707 9.9955E-05 0.0931974 9.9955E-05 0.749233 9.9955E-05 9.9955E-05 9.9955E-05
0.103655 0.488593 0.0350358 0.0886457 0.130276 0.031554 0.0533712 0.0688694
9.9991E-05 0.537267 0.00971187 0.0869575 0.182725 0.0609231 0.00101066 0.121305
0.0450277 0.527213 0.106367 9.9991E-05 0.129717 0.112054 0.0299695 0.0495516
9.9973E-05 0.260136 9.9973E-05 0.0737261 0.543333 0.110485 0.0120195 9.9973E-05
9.9973E-05 0.443963 0.0461322 0.063967 0.393531 9.9973E-05 0.0521065 9.9973E-05
0.0962488 0.450142 9.9982E-05 0.0331102 0.333153 9.9982E-05 0.0401571 0.0469891
9.9955E-05 0.274523 9.9955E-05 9.9955E-05 0.60624 9.9955E-05 9.9955E-05 0.118737
0.0787662 0.47138 0.0771492 9.9964E-05 0.372305 9.9964E-05 9.9964E-05 9.9964E-05
0.068404 0.520949 0.130695 0.0171982 0.213277 9.9991E-05 0.0429217 0.00645482
0.252371 0.260173 0.0574094 0.324318 0.0373655 0.0681637 9.9982E-05 9.9982E-05
0.339915 0.393424 0.104574 9.9991E-05 0.064601 0.0112086 0.0193439 0.0668337
0.207303 0.567324 0.134883 0.0311164 0.00314125 9.9991E-05 0.0157295 0.0404028
0.14389 0.537725 0.101854 0.110196 0.01798 0.0272591 0.0262428 0.0348514
0.246977 0.559572 9.9982E-05 0.0231861 0.0333812 0.0325007 0.104183 9.9982E-05
0.247582 0.609915 0.0363736 0.0712325 9.9973E-05 9.9973E-05 9.9973E-05 0.034597
0.343569 0.501643 0.0418504 0.087419 0.0252184 9.9973E-05 9.9973E-05 9.9973E-05
0.1093 0.576182 0.0585104 0.153569 9.9982E-05 0.0847631 0.0174756 9.9982E-05
0.230597 0.622673 0.025479 0.0435524 0.00232935 0.0623175 0.00148371 0.0115675
0.170451 0.508807 9.9973E-05 0.125337 0.126806 9.9973E-05 0.0682979 9.9973E-05
0.29094 0.521993 9.9973E-05 0.124964 0.0266793 9.9973E-05 0.0351232 9.9973E-05
0.131858 0.65334 9.9982E-05 9.9982E-05 0.0295478 0.102821 0.0140492 0.0681845
0.0466502 0.509997 0.130411 0.139155 0.00808992 0.0421374 0.0457449 0.077815
0.270005 0.644513 9.9964E-05 0.0527973 9.9964E-05 9.9964E-05 9.9964E-05 0.0322843
0.130045 0.516405 0.0915334 0.155093 0.00257091 0.0330815 9.9991E-05 0.0711711
0.243396 0.538635 9.9991E-05 0.0455513 0.0522459 0.0619631 0.0164159 0.0416931
0.256582 0.430028 0.0288466 0.138379 9.9982E-05 0.113164 0.0327997 9.9982E-05
0.191813 0.615717 9.9982E-05 0.0699591 0.0405206 9.9982E-05 0.00201019 0.0797808
0.179168 0.673475 0.018445 0.100882 9.9973E-05 9.9973E-05 9.9973E-05 0.0277302
0.377031 0.306256 0.0256383 0.0375283 0.18357 9.9991E-05 0.0293407 0.0405357
0.231944 0.221227 9.9982E-05 0.235039 0.0693484 0.223182 0.0190588 9.9982E-05
0.21927 0.505412 0.0460259 0.0593181 0.0723115 0.060066 0.00201898 0.0355772
0.282406 0.0942705 9.9991E-05 0.415464 0.0870696 0.0644463 0.00024872 0.0559949
0.390853 0.263729 0.0533564 0.065775 0.190033 0.0271986 0.00895552 9.9991E-05
0.309744 0.480827 0.00233275 0.0123889 0.174796 0.0197103 9.9982E-05 9.9982E-05
0.417925 0.364397 0.0174622 0.020472 0.134071 9.9982E-05 0.0454724 9.9982E-05
0.446576 0.315664 0.0203851 0.0649131 0.0909954 0.0612662 9.9982E-05 9.9982E-05
0.0374338 0.640519 0.0382556 0.0983275 0.00724566 0.0914067 0.0662579 0.0205542
0.168853 0.569325 0.0980939 9.9973E-05 0.0308828 0.132545 9.9973E-05 9.9973E-05
0.108182 0.528731 0.0845837 9.9991E-05 0.0889477 0.0947241 0.0216136 0.0731178
0.246984 0.153752 9.9991E-05 0.201786 0.151804 0.145279 0.0312695 0.0690258
0.0861082 0.525226 0.154735 0.0648664 0.0787369 0.0679462 0.0222818 9.9991E-05
0.0131617 0.455288 9.9982E-05 9.9982E-05 0.220762 0.196788 0.0444627 0.0693375
0.156512 9.9982E-05 0.0594637 0.126658 0.173287 0.471206 0.0126733 9.9982E-05
9.9991E-05 0.601093 0.168404 0.0131036 0.0833653 0.0973529 0.00953123 0.0270493
0.0329619 0.329577 0.0844379 0.0696839 0.214699 0.26844 9.9982E-05 9.9982E-05
9.9991E-05 0.455374 0.0712828 0.184231 0.131005 0.130309 0.0163294 0.0113692
0.0711054 0.268072 0.0673453 0.0718951 0.157247 0.351771 9.9991E-05 0.0124641
0.169842 0.222168 0.0208664 0.14858 0.0313522 0.404878 0.00221373 9.9991E-05
0.0984647 0.445751 0.0401807 0.213962 0.00500454 0.19306 0.00347767 9.9991E-05
0.0716738 0.549569 0.110238 0.102273 9.9991E-05 0.117321 0.0387428 0.0100833
0.0617249 0.452059 0.174648 0.076467 0.0626326 0.128452 0.00724137 0.0367749
0.0264582 9.9991E-05 0.0129463 0.207072 0.264161 0.306612 0.0201932 0.162456
9.9991E-05 0.576008 0.0861323 0.113102 0.0841795 0.0176171 0.0276184 0.0952421
0.0402269 0.392763 9.9973E-05 0.0896534 0.205482 0.271575 9.9973E-05 9.9973E-05
0.147873 0.40577 9.9973E-05 0.174025 0.188403 0.0836285 9.9973E-05 9.9973E-05
0.172998 0.616552 0.0981056 0.0539222 0.00759629 0.0176252 9.9991E-05 0.0331011
0.00836833 0.170859 0.222134 9.9991E-05 0.0171744 0.292518 0.0492788 0.239567
9.9955E-05 9.9955E-05 0.439254 9.9955E-05 9.9955E-05 0.415556 9.9955E-05 0.14469
9.9973E-05 9.9973E-05 0.34327 0.00357015 9.9973E-05 0.509124 0.0150663 0.12867
0.044113 0.0611342 0.32845 9.9982E-05 9.9982E-05 0.228092 0.00906349 0.328947
0.00933124 0.643859 9.9973E-05 0.119955 0.0288168 0.197738 9.9973E-05 9.9973E-05
0.0389796 0.474231 0.104125 0.122515 0.0824979 0.0322462 0.0423782 0.103027
9.9946E-05 0.272359 9.9946E-05 9.9946E-05 9.9946E-05 9.9946E-05 9.9946E-05 0.727042
0.107262 0.33846 9.9973E-05 0.014557 0.0531899 9.9973E-05 9.9973E-05 0.486231
0.0722639 0.369497 0.0987926 9.9982E-05 0.0754584 0.0456137 9.9982E-05 0.338174
0.00458691 0.294904 9.9982E-05 0.25698 0.0819188 0.355349 0.00606135 9.9982E-05
0.0594595 0.630346 0.024813 0.0531002 0.0330859 0.179962 9.9991E-05 0.0191339
0.0244649 0.192503 9.9973E-05 0.223207 0.0756712 0.483853 9.9973E-05 9.9973E-05
0.0306559 0.575129 0.00285386 0.0977207 0.0626741 0.223449 9.9991E-05 0.00741732
0.0574084 0.493253 0.0115652 0.231052 0.00592886 0.194768 9.9991E-05 0.00592413
9.9973E-05 0.617238 9.9973E-05 0.0938205 0.0489842 0.226397 9.9973E-05 0.0132604
0.0821246 0.192527 9.9973E-05 0.24296 0.1034 0.378689 9.9973E-05 9.9973E-05
0.0517214 0.59524 0.100548 0.0557637 0.0385752 9.9991E-05 0.0211429 0.136909
9.9973E-05 0.547091 9.9973E-05 0.0606201 9.9973E-05 0.338294 0.0232944 0.0304012
9.9964E-05 0.00797046 9.9964E-05 0.025131 0.0134905 9.9964E-05 9.9964E-05 0.953008
9.9955E-05 0.0642874 9.9955E-05 0.0261888 9.9955E-05 9.9955E-05 9.9955E-05 0.909024
9.9982E-05 0.2089 0.0618654 0.0931193 0.0260815 9.9982E-05 0.00305196 0.606781
9.9964E-05 0.278496 0.0259862 9.9964E-05 9.9964E-05 9.9964E-05 0.026559 0.668559
9.9955E-05 0.113932 9.9955E-05 9.9955E-05 0.0417428 9.9955E-05 9.9955E-05 0.843826
9.994E-05 9.994E-05 9.994E-05 9.994E-05 9.994E-05 9.994E-05 9.994E-05 0.9993
9.9955E-05 9.9955E-05 9.9955E-05 0.0243465 9.9955E-05 9.9955E-05 0.0112318 0.963922
9.9955E-05 0.109569 9.9955E-05 0.000395224 9.9955E-05 9.9955E-05 9.9955E-05 0.889536
0.019392 9.9964E-05 9.9964E-05 9.9964E-05 0.0239402 9.9964E-05 0.00377843 0.95249
9.994E-05 9.994E-05 9.994E-05 9.994E-05 9.994E-05 9.994E-05 9.994E-05 0.9993
9.9946E-05 9.9946E-05 9.9946E-05 9.9946E-05 9.9946E-05 9.9946E-05 0.0180074 0.981393
0.0286489 0.14497 9.9973E-05 0.0151426 9.9973E-05 9.9973E-05 0.0731103 0.737829
9.9973E-05 0.111778 0.0565 9.9973E-05 0.0283042 0.00139187 9.9973E-05 0.801726
9.9946E-05 9.9946E-05 9.9946E-05 9.9946E-05 0.0260002 9.9946E-05 9.9946E-05 0.9734
0.109538 0.307195 0.066373 0.0645145 0.00223452 9.9991E-05 0.00352817 0.446517
9.9973E-05 0.299718 0.0293775 9.9973E-05 0.0442996 0.00895682 9.9973E-05 0.617349
9.9973E-05 0.184695 0.0655051 9.9973E-05 9.9973E-05 0.00543903 0.0371335 0.706927
0.0397257 0.0734001 9.9955E-05 9.9955E-05 9.9955E-05 9.9955E-05 9.9955E-05 0.886374
9.9955E-05 0.0194365 0.0324262 9.9955E-05 9.9955E-05 9.9955E-05 9.9955E-05 0.947637
9.9964E-05 0.00579401 0.050135 0.0381934 9.9964E-05 9.9964E-05 9.9964E-05 0.905478
9.994E-05 9.994E-05 9.994E-05 9.994E-05 9.994E-05 9.994E-05 9.994E-05 0.9993
0.0198578 0.299411 0.103616 9.9964E-05 9.9964E-05 9.9964E-05 9.9964E-05 0.576716
9.9973E-05 0.021844 0.0322965 0.0459044 9.9973E-05 9.9973E-05 0.00738317 0.892272
9.9973E-05 9.9973E-05 0.253753 0.100971 0.0557584 0.55502 9.9973E-05 0.0341984
0.0867769 0.432658 0.116562 0.0405743 9.9991E-05 0.23413 0.0565043 0.0326939
0.0196419 0.426872 0.201914 9.9982E-05 0.0754736 0.26961 9.9982E-05 0.00628909
0.0652897 0.156719 0.0828927 0.0357717 0.0535029 0.472077 0.0265284 0.107219
0.0291437 0.514927 0.181663 0.032541 0.0378488 0.174198 9.9991E-05 0.0295786
9.9991E-05 0.176803 0.155385 0.129325 0.0433236 0.34845 0.0202558 0.126357
0.0258136 0.48155 0.153473 0.167911 0.0157024 0.113704 9.9991E-05 0.0417467
9.9973E-05 0.361114 0.0726739 9.9973E-05 0.0635659 0.367635 9.9973E-05 0.134711
0.00774708 0.48742 0.0759128 9.9982E-05 9.9982E-05 0.216438 0.0442013 0.168081
9.9964E-05 0.332933 9.9964E-05 9.9964E-05 9.9964E-05 0.425276 0.0868123 0.154578
0.0356671 0.541968 0.167696 0.0323368 0.0788112 0.139378 9.9991E-05 0.00404358
0.0955753 0.0192205 0.839389 0.0454149 9.9964E-05 9.9964E-05 9.9964E-05 9.9964E-05
9.9973E-05 9.9973E-05 0.8612 0.0115597 0.0116401 9.9973E-05 0.0787137 0.0365869
0.0157108 0.00907541 0.904614 9.9973E-05 0.0392414 9.9973E-05 0.0310584 9.9973E-05
0.028862 0.0142701 0.930528 9.9964E-05 9.9964E-05 9.9964E-05 0.0259404 9.9964E-05
0.0981784 0.0386154 0.721871 9.9964E-05 9.9964E-05 9.9964E-05 0.140935 9.9964E-05
9.9964E-05 9.9964E-05 0.816169 0.027747 9.9964E-05 9.9964E-05 0.092844 0.0628404
9.9964E-05 9.9964E-05 0.813119 9.9964E-05 0.0186763 9.9964E-05 0.0806003 0.0872045
9.9973E-05 9.9973E-05 0.858777 0.0552738 9.9973E-05 0.0603327 0.0156652 0.00965178
9.9964E-05 0.0529982 0.884356 0.0373338 9.9964E-05 9.9964E-05 0.0249118 9.9964E-05
9.9973E-05 0.00267592 0.841064 0.0274043 9.9973E-05 0.0256457 9.9973E-05 0.10291
0.21514 9.9973E-05 0.587312 0.0239187 0.154959 9.9973E-05 0.0183704 9.9973E-05
0.296154 9.9964E-05 0.592928 9.9964E-05 0.0880584 9.9964E-05 0.0224599 9.9964E-05
0.307011 9.9982E-05 0.507489 0.0338762 0.0748903 0.0502422 0.0262909 9.9982E-05
0.276192 9.9964E-05 0.533461 0.0601767 0.129771 9.9964E-05 9.9964E-05 9.9964E-05
0.121552 0.463971 0.059895 9.9982E-05 0.335927 0.0130251 0.00543019 9.9982E-05
0.0950626 0.482031 9.9982E-05 0.0373588 0.321064 0.0328583 9.9982E-05 0.0314246
0.216221 0.465168 0.0224253 0.0211809 0.190768 9.9982E-05 9.9982E-05 0.0840376
0.199359 0.434362 0.0569731 0.0501862 0.158337 0.0737535 0.0269298 9.9991E-05
0.628541 0.170847 9.9973E-05 0.0317264 0.161637 9.9973E-05 9.9973E-05 0.00694924
9.9973E-05 0.645122 0.0665119 0.0900444 0.183112 9.9973E-05 0.0149091 9.9973E-05
0.0741371 0.594819 0.00100768 0.0578651 0.266094 0.00501155 9.9991E-05 0.000966
0.111372 0.548012 9.9973E-05 0.0997131 0.202643 0.0379597 9.9973E-05 9.9973E-05
9.9964E-05 0.339538 9.9964E-05 0.1254 0.490134 9.9964E-05 9.9964E-05 0.0445286
0.150672 0.586229 0.0394155 0.0285248 0.147439 0.0194841 0.0128778 0.0153581
0.116668 0.398681 0.00154981 0.0684353 0.337434 0.0607705 0.0105308 0.00593071
0.074911 9.9964E-05 9.9964E-05 0.212142 0.70692 9.9964E-05 0.00562731 9.9964E-05
0.166659 0.481644 0.0426251 0.0636885 0.144954 9.9991E-05 0.0279611 0.0723688
0.0244438 0.201065 0.0125782 0.149627 0.417771 0.138147 9.9991E-05 0.0562677
0.0375023 0.469353 9.9982E-05 0.0722155 0.328731 0.0424514 0.0495467 9.9982E-05
0.115523 0.057116 0.0517483 0.0312886 0.744024 9.9973E-05 9.9973E-05 9.9973E-05
0.756876 0.0126727 0.0833419 9.9964E-05 9.9964E-05 0.14671 9.9964E-05 9.9964E-05
0.776942 0.0317279 0.0547581 0.0347766 9.9982E-05 0.0806625 9.9982E-05 0.0209325
0.83894 9.9973E-05 0.00605269 0.0914787 9.9973E-05 0.0535758 0.00965269 9.9973E-05
0.77278 9.9973E-05 0.122671 0.0671861 0.0189649 0.0180972 9.9973E-05 9.9973E-05
0.800593 0.0721864 0.00971986 0.0316136 9.9991E-05 0.0449075 0.0140624 0.0268174
0.78957 0.113753 0.0586727 9.9964E-05 9.9964E-05 9.9964E-05 9.9964E-05 0.0376046
9.9964E-05 0.119019 0.849588 9.9964E-05 9.9964E-05 9.9964E-05 0.0264469 0.00454603
0.0221588 0.123978 0.853363 9.9955E-05 9.9955E-05 9.9955E-05 9.9955E-05 9.9955E-05
9.9973E-05 0.156356 0.712023 0.00541128 9.9973E-05 9.9973E-05 0.078887 0.0470228
0.0696773 0.080957 0.749429 9.9973E-05 9.9973E-05 9.9973E-05 0.0222052 0.0774315
0.0271389 0.125919 0.816435 9.9964E-05 9.9964E-05 9.9964E-05 9.9964E-05 0.0301076
0.551478 9.9973E-05 0.387012 9.9973E-05 0.0317011 0.0291207 0.000387771 9.9973E-05
0.38889 9.9973E-05 0.416149 0.0932541 0.0446647 0.0567432 9.9973E-05 9.9973E-05
0.453482 9.9973E-05 0.393338 0.120217 0.00655903 9.9973E-05 0.0261047 9.9973E-05
9.994E-05 9.994E-05 9.994E-05 9.994E-05 9.994E-05 9.994E-05 0.9993 9.994E-05
0.482239 9.9982E-05 0.352049 0.11142 0.0228521 0.0109363 0.020304 9.9982E-05
9.9973E-05 0.305411 0.163701 0.024266 9.9973E-05 0.194535 9.9973E-05 0.311787
0.0381117 0.507327 0.0855838 0.0987761 9.9991E-05 0.0507031 0.0292098 0.190189
9.9973E-05 0.512483 0.186578 9.9973E-05 0.00811164 9.9973E-05 0.00876613 0.283761
0.0356466 0.320359 0.238094 0.0332353 0.0453769 0.124596 0.00262178 0.20007
0.0395998 0.413286 0.175619 0.0616644 0.0608718 9.9991E-05 0.077691 0.171167
9.9955E-05 9.9955E-05 0.363321 9.9955E-05 9.9955E-05 0.333926 9.9955E-05 0.302253
0.234344 0.427161 9.9973E-05 0.193801 0.141884 9.9973E-05 9.9973E-05 0.00250971
0.211189 0.384087 9.9982E-05 0.186079 0.0903957 0.112321 9.9982E-05 0.0157279
0.514254 0.2549 0.0345391 0.0761694 0.0407255 0.0246608 0.0364904 0.0182609
0.141387 0.466096 0.0288548 0.293849 9.9982E-05 0.0682719 0.0013412 9.9982E-05
0.163034 9.9964E-05 9.9964E-05 0.418504 0.138224 0.279837 9.9964E-05 9.9964E-05
0.154616 0.55378 0.0540211 0.0265078 9.9991E-05 0.0837503 0.0479718 0.0792533
0.173118 0.485157 0.0302371 0.166353 0.055354 0.00263123 0.0515114 0.0356389
0.358689 0.345236 0.0792913 0.0946876 0.100742 0.0211542 9.9982E-05 9.9982E-05
0.109593 0.513924 0.144401 9.9991E-05 0.10586 0.040142 0.00526611 0.0807139
0.233603 0.085261 9.9973E-05 0.196081 0.211963 0.272792 9.9973E-05 9.9973E-05
0.199449 0.510181 9.9982E-05 0.224437 0.0081876 0.0318626 9.9982E-05 0.0256835
0.233468 0.551816 9.9973E-05 9.9973E-05 0.181094 9.9973E-05 0.0295904 0.00373221
0.0273057 0.358649 0.199348 0.041 0.129442 0.0361418 0.00744881 0.200665
0.272965 0.371018 9.9973E-05 0.258414 9.9973E-05 0.0924385 9.9973E-05 0.00486376
0.247517 0.490609 0.0631119 0.117625 0.0747944 9.9991E-05 0.00175427 0.00448779
0.103767 0.496772 9.9982E-05 0.0241707 0.131088 0.202464 9.9982E-05 0.0415383
0.150906 0.511009 0.0210281 0.078295 0.118194 0.120368 9.9982E-05 9.9982E-05
0.0875243 0.581279 9.9991E-05 0.104346 0.0707096 0.0262415 0.068766 0.0610337
0.216663 0.510132 0.0228409 0.11992 0.0291955 9.9991E-05 0.0404524 0.060696
0.137638 0.551174 0.0774957 0.0390134 0.0701794 0.0218384 9.9991E-05 0.102561
9.9955E-05 0.118759 0.797386 9.9955E-05 9.9955E-05 9.9955E-05 9.9955E-05 0.0833544
9.9964E-05 0.136931 0.807152 0.0176991 9.9964E-05 9.9964E-05 9.9964E-05 0.0378184
0.0635187 0.104126 0.753633 9.9973E-05 0.0110484 0.0673746 9.9973E-05 9.9973E-05
0.00276226 0.0203724 0.795676 0.0319191 0.0728609 9.9991E-05 0.0301232 0.0461861
9.9973E-05 0.102582 0.790607 9.9973E-05 0.00692753 9.9973E-05 0.0489881 0.0505949
0.517922 0.226644 0.0197192 0.0392522 0.116173 0.0540025 9.9991E-05 0.0261871
0.124852 0.520308 0.0948064 0.213845 0.0168956 9.9982E-05 0.0290937 9.9982E-05
9.9982E-05 0.400385 0.146148 0.0944037 9.9982E-05 0.174957 0.00962921 0.174276
0.132915 0.641458 9.9973E-05 0.0882151 9.9973E-05 9.9973E-05 0.0405686 0.0965433
0.231296 0.481674 0.024836 0.0221766 0.204234 9.9991E-05 0.0177707 0.0179126
0.266242 0.228457 9.9982E-05 0.331137 9.9982E-05 0.0617965 0.0214504 0.0907183
0.560839 9.9982E-05 0.0314026 0.050032 0.123473 0.174752 0.0593005 9.9982E-05
0.300793 0.546338 0.0229077 0.0319718 0.0280877 0.0220672 0.0339737 0.0138607
0.4808 0.092206 0.033409 0.188938 0.0978959 9.9991E-05 0.0242352 0.0824162
0.145591 0.471725 0.0852541 0.128466 0.0605027 0.0849677 9.9991E-05 0.0233938
0.439263 0.0642976 0.1274 0.193262 0.0840237 0.031407 0.0435304 0.0168163
0.15549 0.57215 0.112789 9.9991E-05 0.0274812 0.0600571 0.0694909 0.00244226
0.456977 0.19759 0.0832752 0.0582934 0.147769 9.9982E-05 0.0558957 9.9982E-05
0.138182 0.364187 0.027799 0.27048 0.0303213 0.157074 0.0118573 9.9991E-05
0.161842 0.514964 0.0403106 0.0339612 0.0522959 0.196427 9.9982E-05 9.9982E-05
0.161598 0.33209 9.9964E-05 0.125316 9.9964E-05 0.380597 9.9964E-05 9.9964E-05
0.0447459 0.608233 0.0286548 0.0750113 0.0523872 0.190768 9.9982E-05 9.9982E-05
0.0899965 0.501787 0.0436869 0.0133911 0.103205 0.14453 0.0241462 0.0792568
0.0666113 0.360654 9.9973E-05 0.160937 0.0966926 0.314805 9.9973E-05 9.9973E-05
0.110439 0.484453 0.0633156 0.0650578 0.0861626 0.119794 0.00136576 0.0694123
9.9973E-05 0.51339 9.9973E-05 0.110655 0.080903 0.267289 0.0274627 9.9973E-05
0.128727 0.117041 9.9973E-05 0.162093 0.139742 0.452097 9.9973E-05 9.9973E-05
0.0401324 0.258032 9.9973E-05 0.0646596 0.103938 0.532938 9.9973E-05 9.9973E-05
0.107169 0.524953 0.00393728 0.126515 0.0187474 0.216425 0.00215325 9.9991E-05
0.130414 0.213624 9.9982E-05 0.0867881 0.133712 0.434636 0.000625408 9.9982E-05
0.109854 0.498535 9.9964E-05 9.9964E-05 0.0516761 0.339534 9.9964E-05 9.9964E-05
0.574257 0.190794 9.9982E-05 9.9982E-05 0.175114 0.0127376 0.041806 0.00509142
0.292482 0.255601 9.9982E-05 0.332884 0.0818328 0.00661387 9.9982E-05 0.0303869
0.347937 0.326793 9.9982E-05 0.0868547 0.134099 9.9982E-05 0.0334505 0.0706659
0.192186 0.550712 9.9982E-05 0.0649181 0.0972865 9.9982E-05 0.0213737 0.0733235
0.379458 0.224375 9.9991E-05 0.0645495 0.246897 0.0409558 0.0168363 0.0268283
0.165659 0.337577 0.00683779 0.164911 0.0307693 0.058905 0.0490092 0.186332
0.230224 0.575672 0.0216372 9.9991E-05 0.0457893 0.0775979 0.0437388 0.00524022
0.198388 0.488986 0.116996 0.0584753 0.109079 9.9982E-05 9.9982E-05 0.0278757
0.248445 0.423822 0.0472633 0.114445 9.9982E-05 9.9982E-05 0.0391665 0.126658
0.228533 0.465023 0.00229378 0.00536687 0.184868 0.057874 0.0122289 0.0438117
0.507831 0.200117 9.9982E-05 0.0205348 0.137229 9.9982E-05 0.002532 0.131557
0.419556 0.251746 9.9982E-05 0.122127 0.0409129 0.0316757 9.9982E-05 0.133782
0.200598 0.599953 9.9991E-05 0.102225 0.0256639 0.00636931 0.0108877 0.0542034
0.141343 0.603582 0.0283293 0.110158 0.0265139 0.00418072 0.0485692 0.0373239
0.249692 0.384066 0.0231643 0.124738 0.0765483 0.0619261 0.0454509 0.0344146
0.262439 0.508527 9.9964E-05 0.144956 9.9964E-05 9.9964E-05 9.9964E-05 0.0836787
0.364839 0.342641 0.0439366 9.9991E-05 0.0395978 0.107797 0.0223711 0.078717
0.229079 0.615648 0.0492925 0.0426267 9.9982E-05 9.9982E-05 0.00804892 0.0551049
0.241039 0.43745 0.0581107 0.0773843 0.0517589 9.9982E-05 9.9982E-05 0.134058
0.175381 0.49629 0.0137263 0.137847 0.0376294 9.9991E-05 0.0727192 0.0663065
0.0655266 0.37778 0.285114 9.9991E-05 0.026804 0.112229 0.026082 0.106365
9.9982E-05 0.46919 0.0510553 9.9982E-05 0.121132 0.101462 0.0444378 0.212523
0.0604752 0.485253 0.118218 0.0233991 0.043993 0.0823887 0.0174322 0.168841
0.119536 0.49531 0.107363 0.108742 0.0309588 9.9991E-05 0.0534632 0.0845276
9.9982E-05 0.467075 0.124834 0.106008 9.9982E-05 0.0521127 0.0329819 0.21679
0.171717 0.472501 9.9982E-05 0.195048 0.046559 0.0969384 9.9982E-05 0.0170366
0.0442254 0.550625 0.182663 0.0175138 0.0671039 9.9991E-05 0.0201185 0.117651
9.9973E-05 9.9973E-05 0.1736 0.114892 0.151539 0.410119 9.9973E-05 0.14955
0.0846871 0.511674 0.0716298 0.0188042 0.0769746 0.0501939 0.0342614 0.151775
0.0688999 0.622188 0.174612 0.0721537 9.9982E-05 0.0175033 9.9982E-05 0.0444432
0.123814 0.41896 0.0024292 0.131243 0.0187008 0.075152 0.0283005 0.201401
0.0533774 0.301054 0.0967617 0.0478126 0.056244 0.291066 0.0384922 0.115192
9.9982E-05 0.489955 0.221711 9.9982E-05 0.0405772 0.115285 0.0340446 0.0982276
9.9982E-05 0.567538 0.116061 0.0709955 9.9982E-05 0.0344614 0.0784455 0.132298
9.9982E-05 9.9982E-05 0.385212 0.00322599 0.020126 0.386382 0.0196544 0.185199
9.9973E-05 0.53156 0.203547 9.9973E-05 0.0522986 9.9973E-05 0.0475754 0.164719
9.9973E-05 0.508752 0.223098 0.0807491 0.0452959 9.9973E-05 9.9973E-05 0.141805
0.0338792 0.544439 0.139624 0.0460479 0.0921241 0.0310471 0.0264003 0.0864387
9.9982E-05 0.556403 0.228748 9.9982E-05 0.015959 0.062542 0.0255621 0.110586
0.0498741 0.520011 0.122066 0.030924 0.0844849 0.0148858 0.0622928 0.115461
9.9973E-05 0.409394 9.9973E-05 0.487555 0.0044581 9.9973E-05 0.0591878 0.039105
0.0403852 0.486859 0.0545461 0.184905 0.0761198 9.99989E-05 0.0679423 0.0891431
0.0273485 9.9973E-05 9.9973E-05 0.788548 0.113859 0.0529926 9.9973E-05 0.0169517
0.0889041 9.9964E-05 0.0154367 0.888387 0.00687234 9.9964E-05 9.9964E-05 9.9964E-05
9.9982E-05 0.525996 0.0484357 0.359587 0.00570012 0.019777 0.0403045 9.9982E-05
0.0021412 0.347987 0.113985 0.0986394 9.9982E-05 0.132192 9.9982E-05 0.304856
9.9982E-05 0.288818 0.108049 0.235332 9.9982E-05 0.0161087 0.00861169 0.342881
9.9973E-05 0.179278 0.204193 0.127342 9.9973E-05 0.182368 9.9973E-05 0.306519
9.9982E-05 0.320556 0.183684 0.180917 9.9982E-05 0.0359652 0.0121607 0.266517
9.9982E-05 0.0261049 0.068691 0.675147 9.9982E-05 0.150759 0.00645935 0.072639
9.9982E-05 0.0109154 0.0319695 0.707812 9.9982E-05 0.0478616 0.0320384 0.169203
0.00376004 0.489866 9.9991E-05 0.273024 0.0503681 0.00211311 0.0137499 0.167019
9.9964E-05 0.397082 0.0416252 0.457639 9.9964E-05 9.9964E-05 9.9964E-05 0.103253
9.9973E-05 0.143541 0.0605309 0.645295 9.9973E-05 9.9973E-05 0.0476362 0.102696
9.9982E-05 0.465542 0.038897 0.259891 0.0929273 9.9982E-05 0.0303737 0.112169
0.00751351 0.548358 0.0279306 0.236257 9.9982E-05 0.0443604 9.9982E-05 0.135381
0.0783415 0.428761 0.0813056 0.157076 0.0827451 0.0118365 0.0351036 0.12483
0.0073749 0.303735 9.9964E-05 0.645933 0.0425574 9.9964E-05 9.9964E-05 9.9964E-05
0.0638507 0.384105 0.0122512 0.469559 0.0161559 0.0316259 9.9991E-05 0.0223524
0.0166034 0.47673 0.161546 0.283978 0.0401275 9.9982E-05 9.9982E-05 0.0208143
0.0839809 0.368566 0.0756399 0.412802 0.0404978 0.00364226 9.9991E-05 0.0147709
0.143111 0.433564 0.0532227 0.0968499 0.0433709 0.140573 0.00726127 0.0820472
9.9955E-05 0.462843 9.9955E-05 0.482425 9.9955E-05 0.0542325 9.9955E-05 9.9955E-05
0.0451986 0.180484 9.9955E-05 0.773818 9.9955E-05 9.9955E-05 9.9955E-05 9.9955E-05
9.9964E-05 0.62035 0.0496465 0.22537 0.104234 9.9964E-05 9.9964E-05 9.9964E-05
9.9955E-05 0.179688 9.9955E-05 0.783163 0.0366493 9.9955E-05 9.9955E-05 9.9955E-05
9.9964E-05 0.414025 9.9964E-05 0.559415 9.9964E-05 0.00621709 0.0199429 9.9964E-05
9.9982E-05 0.53512 0.0646074 0.332113 0.0209517 9.9982E-05 0.0337723 0.0132362
0.0781269 0.501212 0.0306946 0.260795 0.0781305 9.9991E-05 0.0190141 0.031927
0.00651634 0.518251 0.0836237 0.0735077 0.000185942 0.141086 0.0169061 0.159923
0.0938902 0.415168 0.171602 0.125045 0.0170445 0.0527972 0.0263026 0.0981505
0.0372607 0.391872 0.164126 0.0393998 9.9991E-05 0.106785 0.00962135 0.250835
0.128212 0.324586 0.125441 0.0884508 9.9991E-05 0.0633636 0.0418065 0.228039
0.0410034 0.553254 0.175474 0.0426502 0.0342668 0.0408421 0.00680334 0.105707
0.0340934 0.301945 0.117754 0.229952 9.9991E-05 0.0679233 0.0455603 0.202673
9.9973E-05 9.9973E-05 0.180988 0.575653 9.9973E-05 0.126393 0.000955047 0.115712
0.0166748 0.561774 0.0780961 0.0615756 9.9982E-05 9.9982E-05 0.0267571 0.254922
9.9973E-05 9.9973E-05 0.358594 0.364994 9.9973E-05 0.167838 0.00877767 0.0994965
9.9964E-05 0.472725 0.0792631 0.267653 9.9964E-05 9.9964E-05 9.9964E-05 0.179959
9.9964E-05 0.0565374 9.9964E-05 0.792375 0.147594 0.00309391 9.9964E-05 9.9964E-05
0.00611027 9.9973E-05 9.9973E-05 0.952576 0.0156904 0.0203324 0.00499068 9.9973E-05
0.0265817 0.494321 9.9973E-05 0.406682 0.0646576 9.9973E-05 0.00745777 9.9973E-05
9.9955E-05 0.604309 9.9955E-05 0.38483 9.9955E-05 9.9955E-05 0.0103611 9.9955E-05
9.9955E-05 0.417318 9.9955E-05 0.516545 0.0656376 9.9955E-05 9.9955E-05 9.9955E-05
9.9955E-05 0.516143 0.00918884 0.474169 9.9955E-05 9.9955E-05 9.9955E-05 9.9955E-05
0.000359062 0.577936 0.00988873 0.400275 0.0112411 9.9973E-05 9.9973E-05 9.9973E-05
9.9973E-05 0.0972036 0.729674 0.0785561 9.9973E-05 9.9973E-05 0.0351667 0.0591001
0.116674 9.9964E-05 0.733578 9.9964E-05 9.9964E-05 9.9964E-05 0.0310946 0.118254
0.0448506 9.9964E-05 0.843268 9.9964E-05 9.9964E-05 9.9964E-05 0.0464145 0.065067
9.9964E-05 0.0265296 0.838119 0.00442159 9.9964E-05 9.9964E-05 0.13053 9.9964E-05
9.9973E-05 0.476665 0.0724143 0.143492 0.279231 9.9973E-05 0.0278976 9.9973E-05
0.0531912 0.489954 9.9982E-05 0.0932375 0.253345 9.9982E-05 0.0703507 0.0397216
9.9964E-05 0.466254 9.9964E-05 0.0512883 0.440669 9.9964E-05 0.0413895 9.9964E-05
9.9964E-05 0.603272 0.0922372 9.9964E-05 0.264526 9.9964E-05 0.039565 9.9964E-05
0.0724259 0.509628 0.0609886 9.9982E-05 0.182713 0.155932 9.9982E-05 0.0181136
0.0763968 0.198841 0.025064 9.9991E-05 0.609046 0.0431212 0.0223873 0.0250434
9.9964E-05 0.54465 9.9964E-05 9.9964E-05 0.323846 9.9964E-05 0.06357 0.0675342
9.9973E-05 0.293851 9.9973E-05 0.105814 0.478815 0.0946716 0.0265487 9.9973E-05
0.0507937 0.38809 0.236475 0.0787674 9.9982E-05 9.9982E-05 0.00234189 0.243332
0.12389 0.360961 9.9982E-05 0.136989 0.269237 0.00965505 9.9982E-05 0.0990675
0.0949944 0.296085 9.9982E-05 0.0123564 0.54995 9.9982E-05 0.0236528 0.0227612
0.0282482 0.540778 0.00173867 0.118556 0.30205 0.00842976 9.9982E-05 9.9982E-05
0.104088 0.449045 9.9964E-05 0.0178454 0.428621 9.9964E-05 9.9964E-05 9.9964E-05
9.9964E-05 0.568815 9.9964E-05 0.0631577 0.34197 9.9964E-05 0.0256581 9.9964E-05
0.00299702 0.481646 0.0474356 0.0174986 0.413451 9.9982E-05 0.0367725 9.9982E-05
9.9955E-05 0.0570855 9.9955E-05 0.112125 0.830289 9.9955E-05 9.9955E-05 9.9955E-05
0.00874804 0.229394 9.9991E-05 0.0873357 0.614651 0.0114428 0.0160674 0.0322608
0.0739355 0.312712 9.9982E-05 0.097978 0.493192 9.9982E-05 0.00684556 0.0151362
9.9955E-05 9.9955E-05 9.9955E-05 0.15057 0.74467 0.104261 9.9955E-05 9.9955E-05
0.0928546 0.32612 0.0526003 0.0399519 0.42318 9.9991E-05 0.00947327 0.0557193
9.9973E-05 0.0324274 9.9973E-05 0.067464 0.653335 0.241692 0.00478187 9.9973E-05
9.9973E-05 9.9973E-05 0.00165178 0.167221 0.664341 0.163768 0.00271881 9.9973E-05
9.9982E-05 0.499959 0.0317106 0.0696183 0.352508 9.9982E-05 0.0305455 0.0154583
0.0973536 0.183525 0.0645603 9.9982E-05 0.625335 9.9982E-05 0.0047144 0.0243118
0.0864057 0.42249 9.9982E-05 9.9982E-05 0.420489 0.0448633 0.00698911 0.0185635
9.9991E-05 0.585086 0.106334 0.0309087 0.180552 0.0529038 0.0163629 0.0277527
0.143951 0.577858 9.9964E-05 9.9964E-05 0.254642 0.0231488 9.9964E-05 9.9964E-05
0.253056 0.320122 9.9982E-05 0.213493 0.058751 0.0859659 9.9982E-05 0.068412
0.0414959 0.495783 0.00568026 0.102759 0.310185 9.9982E-05 9.9982E-05 0.0438975
0.110661 0.43865 9.9982E-05 0.0260856 0.343591 9.9982E-05 0.0134176 0.0673947
9.9955E-05 0.254225 9.9955E-05 9.9955E-05 0.664067 0.0812085 9.9955E-05 9.9955E-05
0.112667 0.514975 0.00492886 0.0386203 0.167415 0.0167081 0.0600935 0.0845925
0.261946 9.9991E-05 0.580636 0.0290728 0.0218844 0.06382 0.0362254 0.00631539
0.0836247 0.0151988 0.705198 9.9991E-05 0.106599 0.0217833 0.0604121 0.00708434
0.122446 9.9973E-05 0.705766 9.9973E-05 0.027993 0.0231796 0.120316 9.9973E-05
0.138259 9.9973E-05 0.732272 0.0303767 9.9973E-05 0.00881654 0.0899759 9.9973E-05
0.188524 0.0234559 0.746824 9.9973E-05 0.0291037 9.9973E-05 0.0117925 9.9973E-05
0.12576 0.13211 0.0293298 9.9964E-05 0.7124 9.9964E-05 9.9964E-05 9.9964E-05
0.0888933 0.109935 0.0307134 9.9982E-05 0.665573 0.0845868 0.0200993 9.9982E-05
9.9964E-05 0.134478 9.9964E-05 0.0387373 0.796273 0.0301119 9.9964E-05 9.9964E-05
0.0345222 0.545359 0.0739131 0.0153296 0.210906 9.9982E-05 9.9982E-05 0.11977
9.9982E-05 0.532244 0.0604929 0.103401 0.187405 9.9982E-05 0.051345 0.0649112
9.9982E-05 0.275369 0.0507666 0.0448171 0.49291 0.109477 9.9982E-05 0.0264601
9.9973E-05 0.549586 9.9973E-05 9.9973E-05 0.307514 0.0819614 0.00463107 0.0560072
9.9966E-05 0.355143 0.035092 9.9966E-05 0.482875 0.12649 9.9966E-05 9.9966E-05
0.00897215 0.529686 9.9982E-05 0.135561 0.251725 0.0712386 0.00261726 9.9982E-05
0.0354403 0.545469 0.0807523 9.9973E-05 0.33778 0.000258307 9.9973E-05 9.9973E-05
0.104513 0.245259 0.0162742 9.9982E-05 0.589 0.00371003 9.9982E-05 0.0410443
0.0220726 0.30478 9.9964E-05 9.9964E-05 0.610623 9.9964E-05 0.0621251 9.9964E-05
0.160462 0.348686 9.9955E-05 9.9955E-05 0.490353 9.9955E-05 9.9955E-05 9.9955E-05
0.0686979 0.59982 0.0838096 9.9982E-05 0.0396482 0.203431 0.00439378 9.9982E-05
0.000447365 0.384634 9.9964E-05 9.9964E-05 0.562198 9.9964E-05 0.0523206 9.9964E-05
0.0596802 0.377967 0.0479786 0.0150743 0.406816 9.9991E-05 0.0202199 0.0721639
9.9982E-05 0.37395 0.0743276 9.9982E-05 0.0739991 0.0709543 0.0409624 0.365607
9.9982E-05 0.277945 0.0886952 9.9982E-05 0.00953113 0.134135 0.0280934 0.461401
9.9973E-05 0.439017 0.0828345 9.9973E-05 9.9973E-05 0.0579351 0.0138126 0.406101
9.9982E-05 0.320066 0.0955932 0.042744 9.9982E-05 0.0882631 0.0394837 0.41365
0.113035 0.493744 0.206041 9.9964E-05 9.9964E-05 9.9964E-05 9.9964E-05 0.18678
9.9973E-05 0.479467 0.0447227 9.9973E-05 0.292901 0.169979 9.9973E-05 0.0126301
9.9982E-05 0.0317414 0.257863 9.9982E-05 0.00509746 0.0572496 0.0179037 0.629945
9.9973E-05 0.357585 0.171741 9.9973E-05 9.9973E-05 0.0146886 0.0591156 0.39657
0.0232281 0.440621 0.00836085 0.0375658 9.9991E-05 0.264173 0.0326887 0.193263
0.0189257 0.616089 0.0881446 9.9973E-05 9.9973E-05 0.218502 0.058039 9.9973E-05
0.0804765 0.48711 0.0762952 9.9982E-05 0.054561 0.286754 0.0146032 9.9982E-05
0.0706153 0.599145 0.0913604 9.9991E-05 0.0344221 0.188171 0.00356498 0.0126211
0.0746469 0.581202 0.00761099 0.0264799 0.073655 0.18746 9.9991E-05 0.0488445
9.9973E-05 0.281283 0.177728 9.9973E-05 9.9973E-05 0.0474523 0.039974 0.453263
0.0567209 0.247395 0.0995483 0.0124926 0.0977257 0.0565646 0.0500681 0.379484
9.9964E-05 0.381519 0.0944962 9.9964E-05 9.9964E-05 0.0768503 9.9964E-05 0.446735
0.0129776 0.453784 0.00569537 0.0659983 0.0739585 0.0474304 0.0373266 0.302829
9.9982E-05 0.334877 0.117118 9.9982E-05 0.0106581 0.0275605 0.00917718 0.500409
0.00141438 0.389684 0.143909 0.0454943 0.0657572 9.9991E-05 0.00906481 0.344577
0.0586547 0.159218 0.145298 0.0343846 0.000495126 0.0137185 0.0461641 0.542067
0.0486712 0.451516 0.117392 0.0189768 9.9982E-05 0.0881986 9.9982E-05 0.275046
0.085302 0.510262 9.9973E-05 9.9973E-05 0.0103424 0.392666 0.0011275 9.9973E-05
9.9991E-05 0.312117 0.0378968 0.0359999 0.00836454 0.148129 0.0722401 0.385152
9.9982E-05 0.139122 0.147095 9.9982E-05 0.00319309 0.051595 0.0233542 0.635441
0.186832 0.314121 0.0595053 9.9982E-05 0.00186544 9.9982E-05 0.0636367 0.373839
0.273582 0.207189 0.107415 9.9982E-05 0.124949 0.246009 0.0406564 9.9982E-05
0.139479 0.584877 9.9973E-05 9.9973E-05 9.9973E-05 0.178251 0.0345647 0.0625283
0.0653497 0.407212 0.150255 0.0464513 9.9982E-05 0.0702875 9.9982E-05 0.260245
0.0674633 0.608946 0.0663904 0.0233486 9.9982E-05 0.168046 9.9982E-05 0.065606
0.0800623 0.513804 0.0900716 9.9982E-05 0.0694353 0.217171 0.0292566 9.9982E-05
0.0049052 0.383738 0.230804 0.0267633 0.15708 0.0507806 0.011121 0.134808
9.9973E-05 0.376906 0.245762 0.120515 9.9973E-05 9.9973E-05 0.0452785 0.211238
0.0489118 0.582079 0.0162137 0.0194375 0.0317851 0.152052 0.0458284 0.103693
9.9973E-05 0.259055 0.146226 9.9973E-05 0.105785 0.0948993 9.9973E-05 0.393734
9.9973E-05 0.397679 0.143977 9.9973E-05 9.9973E-05 0.0409266 0.00276297 0.414354
9.9982E-05 0.140438 0.182983 0.00998129 9.9982E-05 0.0752836 0.0142213 0.576894
0.095705 0.660111 9.9973E-05 0.0677041 9.9973E-05 0.14229 0.0338906 9.9973E-05
0.106265 0.508833 0.0464074 9.9982E-05 0.103959 0.205195 0.0291401 9.9982E-05
0.0103667 0.206792 0.0131746 0.0925826 0.0326463 0.627808 0.0165298 9.9991E-05
0.0867817 0.609064 0.124789 0.0452992 9.9982E-05 0.081194 9.9982E-05 0.0526722
0.258135 0.361339 0.0386254 0.0813545 0.0418848 0.125443 0.0253096 0.0679091
9.9973E-05 0.51966 0.131049 9.9973E-05 9.9973E-05 0.186829 0.0773431 0.0848188
0.0975509 0.425103 0.074363 0.101739 0.0340001 0.0997403 0.0394423 0.128061
9.9955E-05 9.9955E-05 0.160575 9.9955E-05 9.9955E-05 0.659782 9.9955E-05 0.179144
9.9964E-05 9.9964E-05 0.119518 9.9964E-05 9.9964E-05 0.759427 0.0649923 0.0556627
0.0916506 0.318015 0.0777147 0.057197 9.9991E-05 0.322553 0.0234354 0.109335
