0.0319572 9.9982E-05 9.9982E-05 0.0335797 0.00306899 0.00351377 0.885152 0.0425285
0.0310428 0.00301999 0.0417678 9.9964E-05 9.9964E-05 9.9964E-05 0.92377 9.9964E-05
0.0396682 9.9973E-05 0.0282955 0.0548947 0.0601064 9.9973E-05 0.816735 9.9973E-05
0.0742037 0.0302053 9.9973E-05 0.0652178 0.0540023 9.9973E-05 0.776071 9.9973E-05
0.081272 0.0505192 9.9973E-05 0.0502483 0.0152744 9.9973E-05 0.802386 9.9973E-05
0.0811042 9.9991E-05 0.0684257 0.0416461 0.0727655 0.0744796 0.560586 0.100893
0.0451074 9.9982E-05 0.0417732 0.0111675 0.00838565 9.9982E-05 0.81415 0.0792167
0.131522 0.0409121 9.9982E-05 0.0355398 0.017722 9.9982E-05 0.686966 0.0871381
0.087975 9.99639E-05 0.0760935 9.99639E-05 9.99639E-05 9.99639E-05 0.816185 0.0193468
0.0607777 9.9973E-05 9.9973E-05 0.0259518 0.109088 9.9973E-05 0.680344 0.123539
0.0887207 9.9973E-05 0.0286951 9.9973E-05 0.0343125 9.9973E-05 0.707597 0.140375
0.00490168 9.9973E-05 0.0505855 0.0625088 0.19033 0.691375 9.9973E-05 9.9973E-05
9.9964E-05 9.9964E-05 9.9964E-05 0.11336 0.396902 0.486394 9.9964E-05 0.0029443
9.9982E-05 0.0348862 9.9982E-05 0.0400989 0.203766 0.660397 0.000315717 0.0603365
9.9955E-05 9.9955E-05 9.9955E-05 0.120776 0.198376 0.680349 9.9955E-05 9.9955E-05
9.9973E-05 9.9973E-05 9.9973E-05 0.0910365 0.316243 0.42506 0.119822 0.0475383
9.9973E-05 0.0528213 0.01095 9.9973E-05 0.567766 0.318873 0.0492902 9.9973E-05
9.9982E-05 0.00051159 0.0317231 0.0659175 0.399666 0.41404 9.9982E-05 0.0879417
9.9973E-05 9.9973E-05 0.0533758 0.107214 0.20359 0.526531 0.10899 9.9973E-05
0.0173269 9.9964E-05 9.9964E-05 9.9964E-05 9.9964E-05 0.900821 0.0547551 0.026697
0.0644036 0.0670141 0.0903929 0.0930655 0.320906 0.342276 9.9991E-05 0.0218425
0.032468 0.0118755 0.0706735 0.0777925 0.411663 0.272793 9.9991E-05 0.122635
0.0352138 0.0572034 0.116851 9.9991E-05 0.447142 0.220436 0.0597396 0.0633145
9.9964E-05 9.9964E-05 0.0007387 0.0604445 0.270103 0.668314 9.9964E-05 9.9964E-05
0.0402791 9.9991E-05 0.0902536 0.0942182 0.539014 0.0537553 0.059403 0.122977
9.9973E-05 9.9973E-05 9.9973E-05 0.138254 0.376668 0.404816 0.00512314 0.0748393
9.9964E-05 9.9964E-05 9.9964E-05 0.0988552 0.0417469 0.813603 0.0453951 9.9964E-05
9.9955E-05 9.9955E-05 9.9955E-05 0.223252 0.0240653 0.752183 9.9955E-05 9.9955E-05
9.9973E-05 0.0697712 9.9973E-05 0.0340394 0.108011 0.741505 9.9973E-05 0.0463734
9.9964E-05 9.9964E-05 9.9964E-05 0.0130457 0.15234 0.000198205 0.834016 9.9964E-05
9.9946E-05 9.9946E-05 9.9946E-05 9.9946E-05 0.16479 9.9946E-05 0.834611 9.9946E-05
9.9955E-05 9.9955E-05 9.9955E-05 0.0159899 0.188196 9.9955E-05 0.795315 9.9955E-05
9.9964E-05 9.9964E-05 0.0351272 0.0207804 0.201228 9.9964E-05 0.742464 9.9964E-05
0.0593672 0.00797685 0.199977 9.9991E-05 0.526514 0.149299 0.044112 0.0126549
9.9982E-05 0.0623461 0.172216 0.0591686 0.528104 0.0850289 0.0929369 9.9982E-05
0.0485622 9.9964E-05 0.372364 0.100788 0.477887 9.9964E-05 9.9964E-05 9.9964E-05
0.0719873 0.0169875 0.0420592 9.9982E-05 0.0891759 0.62453 0.15506 9.9982E-05
9.9982E-05 0.0225055 0.61379 0.0308063 0.304499 0.000382607 0.0278158 9.9982E-05
9.9982E-05 0.0607932 0.194127 0.0475841 0.471967 0.162362 0.0629664 9.9982E-05
9.999E-05 0.0154749 0.232473 0.0299267 0.585296 0.00563208 0.0678158 0.0632821
0.017093 9.9982E-05 0.222055 9.9982E-05 0.542976 0.00764182 0.0789125 0.131122
0.116344 9.9973E-05 0.105675 9.9973E-05 0.643498 9.9973E-05 0.122118 0.0120653
0.0161252 9.9973E-05 0.634447 9.9973E-05 0.114918 0.222158 0.0120515 9.9973E-05
0.057367 9.9991E-05 0.0490818 0.0750472 0.570136 0.0599528 0.00530009 0.183015
0.00302863 0.0166425 0.3643 0.100774 0.464341 0.0156851 0.0351284 9.9991E-05
0.0799297 9.9991E-05 0.06267 0.110842 0.499755 0.0602695 0.0885237 0.0979099
9.9955E-05 0.0580061 0.632439 9.9955E-05 0.309055 9.9955E-05 9.9955E-05 9.9955E-05
0.0557783 9.9973E-05 0.295918 9.9973E-05 0.612992 9.9973E-05 0.0277406 0.00727082
9.9982E-05 9.9982E-05 0.312007 0.07703 0.487514 0.00840573 0.08884 0.0260039
9.9964E-05 0.00997227 0.719304 9.9964E-05 9.9964E-05 9.9964E-05 0.0607879 0.209536
0.139196 9.9973E-05 0.135469 9.9973E-05 0.169884 0.46317 9.9973E-05 0.0919816
9.9973E-05 0.10404 0.187101 0.0252785 9.9973E-05 0.370242 9.9973E-05 0.313039
0.0106606 0.0902618 0.0244667 0.0443395 0.568005 0.151121 0.0361523 0.0749926
9.9982E-05 0.0168472 9.9982E-05 0.0866734 0.571194 0.185346 0.0846636 0.0550752
0.0311799 0.147701 0.0576787 9.9982E-05 0.589064 9.9982E-05 0.0844934 0.0896832
0.190818 0.0985215 0.221837 0.0135462 0.147867 0.212694 0.0737203 0.0409951
0.149568 0.0819728 9.9973E-05 0.0149376 0.512082 0.24114 9.9973E-05 9.9973E-05
9.9973E-05 9.9973E-05 9.9973E-05 0.0854463 0.51712 0.25112 0.0918311 0.0541832
0.0226885 0.097719 0.135225 0.0259996 0.245554 0.285207 0.141383 0.0462234
9.999E-05 0.0309435 0.0629254 0.0366299 0.0225554 0.502111 0.184186 0.160549
0.139514 9.9982E-05 0.192299 0.0389112 0.518886 0.100368 0.00982178 9.9982E-05
0.0717162 0.0888585 9.9982E-05 0.0271532 0.368263 0.311552 0.132258 9.9982E-05
0.0792263 0.0300493 0.11428 9.9982E-05 9.9982E-05 0.671408 0.0559757 0.048861
0.00263444 0.0353452 9.9973E-05 9.9973E-05 0.482922 0.470895 9.9973E-05 0.00790292
9.9982E-05 0.138594 9.9982E-05 0.0352563 0.663784 0.11546 0.0392426 0.00746339
0.0691067 0.0443396 9.9982E-05 9.9982E-05 0.621256 0.159544 0.0492058 0.0563485
9.9991E-05 0.0207238 0.0872695 0.0567015 0.209733 0.498816 0.0581945 0.0684612
9.9991E-05 0.0754711 0.021937 0.0246022 0.483558 0.344477 0.0233218 0.0265336
0.0563483 0.0642194 0.153019 0.0615783 0.544961 0.0455592 0.0742149 9.9991E-05
0.0815105 0.0738175 0.0288915 9.9982E-05 0.134276 0.561477 9.9982E-05 0.119828
0.0468379 9.9964E-05 0.380292 9.9964E-05 0.553243 0.0192265 9.9964E-05 9.9964E-05
9.9955E-05 9.9955E-05 0.681385 9.9955E-05 0.14096 0.177155 9.9955E-05 9.9955E-05
9.9991E-05 0.0630227 0.195279 0.0328857 0.551465 0.0295643 0.0406965 0.0869872
9.9946E-05 9.9946E-05 0.892305 9.9946E-05 9.9946E-05 9.9946E-05 9.9946E-05 0.107095
0.00416683 0.057168 0.7442 9.9973E-05 9.9973E-05 0.104202 9.9973E-05 0.0899631
9.9973E-05 0.02976 0.670375 0.00600452 0.284652 9.9973E-05 9.9973E-05 0.00890818
0.0412067 9.9964E-05 0.411 9.9964E-05 0.468775 0.0786188 9.9964E-05 9.9964E-05
0.0649281 9.9982E-05 0.204779 0.0190864 0.559725 0.0120181 0.139263 9.9982E-05
0.0357926 0.037702 0.430684 0.0493714 0.391971 0.054279 9.9982E-05 9.9982E-05
0.0731196 9.9982E-05 0.626642 0.0490998 0.08593 0.110187 0.0548219 9.9982E-05
0.175833 9.9973E-05 0.47737 9.9973E-05 0.208394 0.100309 0.0377943 9.9973E-05
9.9982E-05 0.0725517 0.290476 0.138215 0.371181 0.0569936 0.0703825 9.9982E-05
9.9964E-05 9.9964E-05 0.623273 0.0476264 0.257793 0.0709077 9.9964E-05 9.9964E-05
0.0206232 0.00305229 0.42856 9.9982E-05 0.36094 0.105252 0.0813718 9.9982E-05
9.9964E-05 0.0513586 0.580295 9.9964E-05 0.341746 9.9964E-05 9.9964E-05 0.0262003
9.9964E-05 0.0582309 0.772032 9.9964E-05 9.9964E-05 0.000453959 9.9964E-05 0.168883
0.024233 0.0510526 0.231453 0.00130762 0.648617 9.9982E-05 0.0431372 9.9982E-05
0.0558245 9.9973E-05 9.9973E-05 0.0350924 0.0931778 0.0109588 0.804647 9.9973E-05
9.9946E-05 9.9946E-05 9.9946E-05 9.9946E-05 0.10457 9.9946E-05 0.89483 9.9946E-05
9.9955E-05 9.9955E-05 9.9955E-05 0.0415537 0.109086 9.9955E-05 0.848861 9.9955E-05
9.9955E-05 9.9955E-05 9.9955E-05 9.9955E-05 0.0641957 9.9955E-05 0.884635 0.0506696
9.9955E-05 0.00233995 9.9955E-05 9.9955E-05 0.127118 9.9955E-05 0.870042 9.9955E-05
0.0250997 9.9982E-05 0.0186299 0.0351521 0.0138455 9.9982E-05 0.892696 0.0143766
9.99551E-05 9.99551E-05 9.99551E-05 0.0119139 0.0905973 9.99551E-05 0.896989 9.99551E-05
0.107548 9.9982E-05 0.220805 0.127164 0.480593 9.9982E-05 0.0296425 0.0340471
0.0179856 0.128903 0.165568 0.15588 0.453714 9.9982E-05 0.0777488 9.9982E-05
9.9964E-05 9.9964E-05 0.762916 9.9964E-05 0.00542245 0.203897 0.0273646 9.9964E-05
0.0127259 9.9991E-05 0.1481 0.0632805 0.523021 0.00357338 0.109517 0.139682
0.0849895 9.9964E-05 0.390053 9.9964E-05 0.431457 0.0931009 9.9964E-05 9.9964E-05
9.9964E-05 0.0478018 0.359591 9.9964E-05 0.525176 9.9964E-05 0.067032 9.9964E-05
9.9991E-05 0.081032 0.299874 0.0409403 0.471139 0.0173281 0.0385078 0.0510788
9.9964E-05 0.0429171 0.456637 0.122649 0.377397 9.9964E-05 9.9964E-05 9.9964E-05
0.0419166 9.9964E-05 0.669734 9.9964E-05 9.9964E-05 0.250973 0.0369766 9.9964E-05
0.0052273 0.116347 0.072683 0.0606395 0.49787 0.114911 0.132222 9.9991E-05
9.9991E-05 0.0912985 0.171705 0.0622924 0.586444 0.0398195 0.0321736 0.0161669
0.149565 9.9973E-05 0.098022 0.165577 0.460978 0.125559 9.9973E-05 9.9973E-05
9.9973E-05 0.0572641 0.545734 0.0397636 0.220382 9.9973E-05 9.9973E-05 0.136556
9.9964E-05 0.113418 0.372267 9.9964E-05 0.504183 9.9964E-05 0.00973212 9.9964E-05
0.11993 9.9982E-05 0.383634 9.9982E-05 0.385268 0.0550965 0.024373 0.0314979
0.0170983 0.0193675 0.580457 0.100073 0.282704 9.9973E-05 9.9973E-05 9.9973E-05
0.0166944 0.00214617 0.406397 9.9982E-05 0.390799 0.0831925 0.100571 9.9982E-05
0.0805255 0.0172285 0.156581 0.0239633 0.509581 0.053906 0.105702 0.0525138
0.0371197 0.210017 9.9991E-05 0.0199079 0.246136 0.390962 0.015142 0.0806148
0.0593455 9.9991E-05 0.05224 0.0222799 0.364929 0.332221 0.142009 0.0268768
0.0309237 0.0223409 0.0444096 9.9991E-05 0.502189 0.224559 0.143256 0.0322218
0.0720143 0.0197081 0.0611185 0.021779 0.612897 0.068648 0.110805 0.0330301
0.0554328 0.114684 9.9973E-05 9.9973E-05 0.464495 0.338729 0.0263602 9.9973E-05
0.0253731 0.0431896 9.9991E-05 0.0642414 0.558133 0.255941 0.0460531 0.00696868
0.141736 0.0811205 0.040498 9.9982E-05 0.4401 0.278658 0.0176876 9.9982E-05
0.103304 0.0198772 9.9991E-05 0.0110587 0.494296 0.227234 0.117384 0.0267455
0.124256 9.9991E-05 0.0982154 0.0354857 0.525326 0.0136157 0.0130282 0.189973
0.0164034 0.0635108 0.0397118 9.9991E-05 0.596732 0.20446 0.0356572 0.043425
0.214168 0.0182758 9.9964E-05 9.9964E-05 0.455892 0.311264 9.9964E-05 9.9964E-05
0.119117 0.0135106 0.0629267 0.0268568 0.60045 0.113096 9.9991E-05 0.063942
0.0727681 0.0612794 9.9991E-05 0.092765 0.494203 0.0753534 0.0919941 0.111537
0.0609584 0.0929299 9.9973E-05 9.9973E-05 0.583624 0.255506 0.00668172 9.9973E-05
0.113641 0.0919351 9.9991E-05 0.0808134 0.49216 0.0987342 0.0325278 0.0900893
0.128534 0.10718 9.9973E-05 0.0462649 0.553941 0.16378 9.9973E-05 9.9973E-05
0.0819784 0.081217 9.9982E-05 9.9982E-05 0.338509 0.358705 0.0821907 0.0571996
0.0667214 9.9964E-05 9.9964E-05 0.0604241 0.625487 0.246968 9.9964E-05 9.9964E-05
0.0606405 0.139923 9.9973E-05 9.9973E-05 0.648079 0.101642 0.0494161 9.9973E-05
0.174622 0.160826 0.0760234 0.109127 0.13314 0.346061 9.9982E-05 9.9982E-05
0.0769584 0.217502 9.9982E-05 0.0189643 0.118522 0.360366 9.9982E-05 0.207487
0.107868 0.0870962 0.0615238 9.9991E-05 0.498267 0.153545 0.0643876 0.0272125
0.188311 0.343451 0.054686 0.0106618 0.0629004 0.209783 9.9991E-05 0.130106
0.0602638 0.049531 0.0410507 9.9991E-05 0.244084 0.517248 0.0836569 0.00406658
0.109984 0.0468423 0.164504 9.9982E-05 0.384601 0.290817 0.00305215 9.9982E-05
0.167656 9.9973E-05 0.095686 9.9973E-05 0.27584 0.445551 0.0149666 9.9973E-05
0.134269 9.9982E-05 0.0478146 0.0254406 0.23099 0.517214 9.9982E-05 0.0440715
0.0263085 0.0912693 9.9991E-05 0.0671692 0.560811 0.204869 0.00990012 0.0395722
0.0973673 0.0373532 0.0116386 0.0479299 0.572407 0.0572898 0.127182 0.0488329
9.9973E-05 0.218827 0.00207219 0.0730426 0.501612 0.204146 9.9973E-05 9.9973E-05
0.136312 0.159081 0.0612451 0.0582306 0.127316 0.255857 9.9991E-05 0.201859
0.0283271 0.0249687 0.193507 9.9982E-05 0.501511 9.9982E-05 0.143933 0.107553
0.0243992 9.9982E-05 0.18625 0.102965 0.464259 9.9982E-05 0.0147428 0.207184
0.0127645 0.16207 0.202724 9.9982E-05 9.9982E-05 0.16748 0.104025 0.350737
0.0132056 0.043731 0.167462 0.00670049 0.590688 0.0317753 0.146338 9.9991E-05
0.0361552 0.154107 0.161349 0.0302434 0.264433 0.0780732 0.0347059 0.240933
0.0105479 0.0642963 0.0363126 0.0670055 0.511467 0.0296443 0.0839832 0.196743
0.0870378 0.0433481 0.207768 9.9991E-05 0.228984 0.0366685 0.0244719 0.371621
0.128193 0.11813 0.0670992 9.9991E-05 0.230816 0.0914961 0.0261538 0.338011
0.0815644 0.174775 0.151277 9.9991E-05 0.419514 0.0232946 0.0533105 0.0961645
0.0982381 0.0894252 0.00108252 0.10736 0.418453 9.9991E-05 0.067724 0.217617
9.9991E-05 0.0469036 0.0390551 0.0683888 0.325392 0.224636 0.14774 0.147785
9.9982E-05 0.0581014 0.204328 0.138329 9.9982E-05 0.188929 0.0762375 0.333875
9.9982E-05 0.137017 0.0378977 9.9982E-05 0.534964 0.136785 0.0981176 0.0550185
0.0467823 0.10701 0.110522 9.9982E-05 0.320784 0.098283 9.9982E-05 0.316419
0.0285146 0.086195 0.104007 0.00263148 0.468573 0.182292 9.9991E-05 0.127688
0.0317547 0.221983 0.0489006 0.0129487 0.503178 9.9991E-05 0.096081 0.0850538
9.9982E-05 9.9982E-05 0.026128 0.250265 0.166894 0.0059545 0.28572 0.264839
9.9955E-05 9.9955E-05 9.9955E-05 0.141268 9.9955E-05 9.9955E-05 0.471264 0.386968
9.9964E-05 0.0107867 9.9964E-05 0.15508 9.9964E-05 9.9964E-05 0.376693 0.45704
9.9973E-05 9.9973E-05 9.9973E-05 0.319254 0.038379 0.0784236 0.354006 0.209637
9.9964E-05 0.0231376 0.0262186 9.9964E-05 0.716845 9.9964E-05 9.9964E-05 0.233399
0.0967644 0.0867095 0.0734598 0.0620103 0.568021 0.0144966 0.0633111 0.035227
0.0102416 9.9964E-05 9.9964E-05 0.729033 0.235392 0.0249336 9.9964E-05 9.9964E-05
0.0350544 0.0228963 0.118075 0.50499 0.193145 0.125639 9.9982E-05 9.9982E-05
0.0472573 9.9991E-05 0.0147126 0.365029 0.425816 0.0778079 0.0419504 0.0273263
0.0134243 0.172973 0.138424 9.9982E-05 0.289332 0.0249262 9.9982E-05 0.36072
0.00133248 0.0916152 0.0581775 0.106294 0.420466 0.101929 0.0633295 0.156857
9.9973E-05 0.13426 0.0702085 9.9973E-05 0.18773 0.0864583 9.9973E-05 0.521043
0.0416145 0.0273863 0.120486 9.9991E-05 0.560249 0.00950506 0.010745 0.229914
0.0451829 0.112506 0.0511826 0.00979203 0.472229 0.112314 9.9991E-05 0.196693
0.0250245 0.0826544 0.0248144 9.9982E-05 0.632062 0.0160917 9.9982E-05 0.219153
0.0444733 0.131872 0.181794 9.9982E-05 0.161488 0.077952 9.9982E-05 0.402222
0.0132898 0.0900687 0.120918 0.03252 0.579545 9.9991E-05 0.0163228 0.147236
9.9964E-05 9.9964E-05 0.0517102 9.9964E-05 0.666817 9.9964E-05 0.0412336 0.239839
9.9946E-05 9.9946E-05 9.9946E-05 0.960461 0.0389397 9.9946E-05 9.9946E-05 9.9946E-05
0.0115902 9.9955E-05 9.9955E-05 0.885932 0.101978 9.9955E-05 9.9955E-05 9.9955E-05
9.9964E-05 0.0634598 9.9964E-05 0.582966 0.316579 9.9964E-05 0.0365958 9.9964E-05
9.9964E-05 0.0588036 9.9964E-05 0.642906 0.27882 9.9964E-05 0.0190704 9.9964E-05
9.9955E-05 9.9955E-05 9.9955E-05 0.767814 0.18057 9.9955E-05 9.9955E-05 0.0511161
9.994E-05 9.994E-05 9.994E-05 0.9993 9.994E-05 9.994E-05 9.994E-05 9.994E-05
0.0218486 0.00204363 9.9955E-05 0.975608 9.9955E-05 9.9955E-05 9.9955E-05 9.9955E-05
9.9946E-05 9.9946E-05 9.9946E-05 0.805566 0.193834 9.9946E-05 9.9946E-05 9.9946E-05
0.0470392 9.9955E-05 9.9955E-05 0.917522 0.0349387 9.9955E-05 9.9955E-05 9.9955E-05
9.994E-05 9.994E-05 9.994E-05 0.9993 9.994E-05 9.994E-05 9.994E-05 9.994E-05
9.994E-05 9.994E-05 9.994E-05 0.9993 9.994E-05 9.994E-05 9.994E-05 9.994E-05
0.0188012 9.9973E-05 9.9973E-05 0.745461 0.16827 0.0358652 0.0313018 9.9973E-05
0.0176834 9.9973E-05 9.9973E-05 0.800251 0.136327 0.0288771 0.0165614 9.9973E-05
9.9946E-05 9.9946E-05 0.0450477 0.954353 9.9946E-05 9.9946E-05 9.9946E-05 9.9946E-05
9.9973E-05 9.9973E-05 0.130012 0.414819 0.27713 0.113049 0.0646901 9.9973E-05
0.11874 9.9964E-05 9.9964E-05 0.652671 0.180206 9.9964E-05 0.0479832 9.9964E-05
0.0411625 9.9973E-05 9.9973E-05 0.758268 0.117583 0.024937 0.0577488 9.9973E-05
0.0153466 9.9973E-05 9.9973E-05 0.846495 0.0674274 0.0346963 0.0357343 9.9973E-05
0.00820279 9.9973E-05 0.000107087 0.983218 0.0025 9.9973E-05 9.9973E-05 0.00567243
0.00656544 0.013163 9.9973E-05 0.871221 0.0936541 9.9973E-05 0.0150967 9.9973E-05
9.994E-05 9.994E-05 9.994E-05 0.9993 9.994E-05 9.994E-05 9.994E-05 9.994E-05
0.070131 0.0259149 9.9973E-05 0.588449 0.264323 9.9973E-05 0.0508823 9.9973E-05
0.0571712 9.9982E-05 9.9982E-05 0.922736 0.00205524 0.00401943 0.00991512 0.0039034
9.9973E-05 0.061892 9.9973E-05 0.0221752 9.9973E-05 0.07849 0.25346 0.583683
0.0968505 0.0672007 9.9991E-05 0.114548 0.42771 0.0367455 0.134996 0.12185
9.9973E-05 9.9973E-05 0.0594851 9.9973E-05 0.514341 0.0290634 0.193479 0.203332
0.0171745 9.9991E-05 0.0204675 0.00526895 0.266528 0.044554 0.181196 0.464711
0.0202189 0.0214955 0.0674931 0.0594871 0.496009 0.0293345 0.101411 0.204551
9.9982E-05 0.0171206 9.9982E-05 0.0733265 0.219965 0.0366989 0.223835 0.428854
0.0486262 9.9982E-05 0.102304 0.0716177 0.484463 9.9982E-05 0.117188 0.175601
9.9991E-05 0.0175171 0.0250968 0.14458 0.345729 0.0176766 0.113131 0.336169
9.9982E-05 0.0639331 9.9982E-05 0.118557 0.414825 0.0466655 0.095924 0.259895
0.00666946 9.9973E-05 9.9973E-05 0.172538 0.386755 9.9973E-05 0.104435 0.329303
9.9973E-05 9.9973E-05 9.9973E-05 0.176365 0.395901 0.14019 0.0875456 0.199698
0.0566373 0.0241121 0.013396 9.9982E-05 0.0189112 9.9982E-05 0.829525 0.057218
9.9964E-05 0.00342955 9.9964E-05 0.0739204 9.9964E-05 0.0205456 0.901705 9.9964E-05
9.9955E-05 9.9955E-05 9.9955E-05 9.9955E-05 9.9955E-05 0.00549102 0.958825 0.0351846
0.0285931 9.9955E-05 9.9955E-05 9.9955E-05 0.0412615 9.9955E-05 0.929646 9.9955E-05
0.0294855 9.9973E-05 9.9973E-05 0.0191409 0.0332427 9.9973E-05 0.86686 0.0509707
9.9964E-05 0.0228102 9.9964E-05 0.0888391 9.9964E-05 0.00760214 0.880349 9.9964E-05
0.0327513 9.9982E-05 0.00653469 0.0614357 0.00649949 0.000369056 0.89221 9.9982E-05
9.9964E-05 0.0904308 9.9964E-05 9.9964E-05 0.00187862 9.9964E-05 0.886159 0.0211314
9.9964E-05 9.9964E-05 0.0368954 0.031955 0.0477874 9.9964E-05 0.882962 9.9964E-05
0.00290446 9.9973E-05 9.9973E-05 0.101084 9.9973E-05 0.0248742 0.820437 0.0504004
0.044176 9.9964E-05 0.0530671 9.9964E-05 9.9964E-05 0.283055 0.619302 9.9964E-05
0.153103 9.9964E-05 0.0749532 9.9964E-05 9.9964E-05 0.1952 0.576345 9.9964E-05
0.0828807 0.033366 0.056964 9.9982E-05 9.9982E-05 0.275439 0.522962 0.0281882
0.0633785 0.0389067 0.0488778 9.9973E-05 9.9973E-05 0.377129 0.471408 9.9973E-05
0.0522565 9.9982E-05 0.308338 0.0169144 0.433362 0.104695 0.0842346 9.9982E-05
0.0650648 0.0999413 0.211713 0.0695203 0.327138 0.105607 0.120916 9.9991E-05
0.122306 0.0641821 0.13126 0.0923159 0.466394 0.123341 9.9982E-05 9.9982E-05
0.0627872 9.9973E-05 0.285905 9.9973E-05 0.371148 0.200796 0.0790639 9.9973E-05
0.230476 0.0730136 0.0415221 9.9973E-05 0.0947247 0.559964 9.9973E-05 9.9973E-05
9.9973E-05 9.9973E-05 0.141969 0.0878196 0.621874 0.101804 0.0462329 9.9973E-05
9.9982E-05 0.0409683 0.261938 0.0180023 0.547655 0.122394 9.9982E-05 0.00884225
0.0426589 0.0636262 0.231635 0.0218941 0.514615 0.0849202 9.9991E-05 0.0405505
0.0137316 0.0568988 0.509728 0.0119142 0.353651 9.9982E-05 9.9982E-05 0.0538768
0.0873014 9.9973E-05 0.236834 0.0988026 0.562191 9.9973E-05 9.9973E-05 0.0145708
0.0267025 0.00578604 0.3948 9.9973E-05 0.375427 0.196985 9.9973E-05 9.9973E-05
0.0274519 0.184425 0.709131 9.9964E-05 9.9964E-05 0.0785918 9.9964E-05 9.9964E-05
0.126572 0.108663 0.101037 9.9991E-05 0.513536 0.0666184 0.0774292 0.00604487
9.9982E-05 0.134634 0.541315 0.00365911 0.216972 9.9982E-05 0.0412637 0.0619574
9.9973E-05 0.0565664 0.42764 9.9973E-05 0.442957 0.0559859 0.0165512 9.9973E-05
0.0835906 9.9973E-05 0.667861 9.9973E-05 0.0200963 0.208011 0.020141 9.9973E-05
0.80004 9.9964E-05 9.9964E-05 0.00175816 9.9964E-05 9.9964E-05 0.058939 0.138863
0.881677 0.0199001 9.9964E-05 9.9964E-05 0.00594017 9.9964E-05 9.9964E-05 0.0920828
0.945539 9.9955E-05 9.9955E-05 9.9955E-05 0.00886691 9.9955E-05 9.9955E-05 0.0450946
0.876126 0.0354929 0.0587777 9.9964E-05 9.9964E-05 9.9964E-05 0.0292032 9.9964E-05
0.812112 0.0440302 9.9973E-05 0.00936892 0.0439156 9.9973E-05 9.9973E-05 0.0902729
0.88634 0.00469615 9.9964E-05 0.100236 0.00832827 9.9964E-05 9.9964E-05 9.9964E-05
9.9964E-05 9.9964E-05 0.0079279 0.00348873 0.119977 9.9964E-05 0.868207 9.9964E-05
0.0594286 9.9964E-05 9.9964E-05 0.0494639 0.0774752 9.9964E-05 0.813232 9.9964E-05
9.9955E-05 9.9955E-05 9.9955E-05 0.0763877 0.1706 9.9955E-05 0.752512 9.9955E-05
9.9964E-05 9.9964E-05 9.9964E-05 0.118854 0.0164095 0.106959 0.757378 9.9964E-05
9.9973E-05 9.9973E-05 0.0024592 0.0326236 0.123077 0.0557392 0.785801 9.9973E-05
0.475822 9.9973E-05 0.0299326 9.9973E-05 9.9973E-05 0.0622386 0.358611 0.073096
0.4274 0.0139594 0.0986559 9.9973E-05 9.9973E-05 9.9973E-05 0.419707 0.0399775
0.388995 0.0669064 0.114763 9.9973E-05 9.9973E-05 0.00440381 0.424632 9.9973E-05
0.021343 9.9964E-05 9.9964E-05 9.9964E-05 0.145783 0.006621 0.825853 9.9964E-05
0.461784 9.9964E-05 0.14467 9.9964E-05 9.9964E-05 9.9964E-05 0.355751 0.0373949
0.0142624 0.0402554 9.9982E-05 0.417778 0.258641 9.9982E-05 0.147363 0.121501
0.0392928 9.9982E-05 0.0426922 0.185134 0.561408 9.9982E-05 0.163613 0.00766087
9.9973E-05 9.9973E-05 9.9973E-05 0.285898 0.488676 0.0361233 0.162063 0.0269397
0.0465881 0.00783346 0.0159212 0.209186 0.39152 9.9991E-05 0.255717 0.0731342
0.0153424 0.0750028 9.9982E-05 0.108477 0.600234 9.9982E-05 0.146177 0.0545681
9.9964E-05 0.0249317 9.9964E-05 0.307268 9.9964E-05 9.9964E-05 0.410353 0.257047
0.152372 0.12714 0.102187 9.9982E-05 0.380154 0.212111 0.0258363 9.9982E-05
0.10465 0.182092 0.0541057 9.9982E-05 0.358921 0.192553 9.9982E-05 0.107479
0.0712952 0.0513007 9.9982E-05 0.00608169 0.183445 0.591308 0.0963693 9.9982E-05
0.0516629 0.217491 0.0456143 9.9982E-05 0.521496 0.132262 9.9982E-05 0.0312734
9.9964E-05 0.353115 0.104651 9.9964E-05 9.9964E-05 0.230071 9.9964E-05 0.311764
0.0740246 0.0509142 9.9991E-05 0.109655 0.378053 0.231139 0.0968189 0.0592959
0.133577 0.205357 9.9991E-05 0.00298051 0.490414 0.135561 0.00867552 0.0233356
0.0315065 0.0208137 0.000512022 9.9991E-05 0.270449 0.622272 0.045162 0.00918476
0.103752 0.0600671 0.01513 0.091304 0.529833 0.0999123 0.0719104 0.0280913
9.9973E-05 0.119033 0.0708844 9.9973E-05 0.0863845 0.482269 9.9973E-05 0.241129
0.112607 0.166839 0.0835771 0.0372785 0.312803 0.135421 9.9991E-05 0.151374
0.148443 0.0378754 0.0595668 0.021049 0.539599 0.163123 9.9991E-05 0.0302447
0.118807 9.9991E-05 0.128799 0.200253 0.334867 0.0431569 0.153509 0.0205094
0.0325197 0.202448 9.9973E-05 9.9973E-05 0.380906 0.314472 9.9973E-05 0.0693547
0.123949 0.122781 0.0484755 0.0818953 0.377749 0.229126 9.9991E-05 0.0159249
0.0438167 0.0943251 0.155058 0.107116 0.394051 0.0721001 0.0287359 0.104797
0.0841657 0.13343 0.132648 9.9991E-05 0.505115 0.0776865 0.0117814 0.0550737
0.0686382 0.0121037 0.0527981 0.0767264 0.563519 0.192261 0.00311868 0.0308347
0.0714401 0.102327 0.0480481 0.112387 0.450736 0.119081 0.0958808 9.9991E-05
0.037313 0.0382228 0.080477 0.0908764 0.491399 0.157984 0.103628 9.9991E-05
9.9964E-05 0.00502031 9.9964E-05 0.109173 0.127367 9.9964E-05 0.75804 9.9964E-05
9.9964E-05 0.0576109 9.9964E-05 0.0134108 0.102677 9.9964E-05 0.825901 9.9964E-05
0.0175876 0.0181984 9.9991E-05 0.0227621 0.0647235 0.0543151 0.758122 0.0641909
0.0716658 0.0324746 0.0426282 0.0174268 0.0324592 9.9982E-05 0.803145 9.9982E-05
9.9946E-05 9.9946E-05 9.9946E-05 9.9946E-05 0.143568 9.9946E-05 0.855832 9.9946E-05
0.0886939 0.0250478 0.0578615 0.03771 0.101836 0.68865 9.9982E-05 9.9982E-05
9.9991E-05 0.0720491 0.153335 0.0461348 0.49404 0.117303 0.0488432 0.0681941
0.0773196 0.0702379 9.9982E-05 0.227692 0.428126 9.9982E-05 0.100162 0.096262
0.0276639 0.0546434 9.9982E-05 0.0113373 0.701203 0.151209 0.0537434 9.9982E-05
0.0300154 0.0828543 0.0569395 9.9982E-05 0.495027 0.257333 0.0776313 9.9982E-05
0.0891117 0.0993711 0.0612859 0.0630347 0.24338 0.330289 9.9991E-05 0.113428
0.0969376 9.9964E-05 9.9964E-05 9.9964E-05 9.9964E-05 0.685515 0.145 0.0721482
0.230223 0.0143037 0.00812175 0.0734168 0.457667 0.201489 0.0146783 9.9991E-05
0.27293 0.0984335 9.9982E-05 0.114975 0.0754585 0.390921 0.0470815 9.9982E-05
0.153613 0.130424 0.104552 0.0382883 0.438748 0.0317722 0.00995286 0.0926493
0.159124 0.125054 0.0416153 9.9982E-05 0.0221358 0.516986 0.134885 9.9982E-05
0.0907755 9.9982E-05 0.0161429 0.0909889 0.562165 0.171923 0.0678054 9.9982E-05
0.185935 0.0411327 0.0102639 0.0116142 0.144235 0.563473 0.0432459 9.9991E-05
0.08936 0.142463 0.0258951 0.00503584 0.36267 0.263479 0.0496765 0.0614196
0.127235 0.131252 9.9982E-05 0.0258714 0.452104 0.0267488 9.9982E-05 0.236589
0.0548903 0.0902039 9.9973E-05 9.9973E-05 0.299136 0.0871296 9.9973E-05 0.468341
0.118233 0.0626644 0.00947725 9.9991E-05 0.609491 0.00183582 0.00897359 0.189226
0.00437215 0.0609343 0.0732529 0.00861448 0.534351 0.0917993 0.139396 0.08728
0.0538313 0.0533794 0.0294622 9.9982E-05 0.330184 0.0666799 9.9982E-05 0.466263
0.0822994 0.106567 0.0263165 0.18318 0.395193 0.0265851 0.0138117 0.166048
0.119507 0.0664624 9.9973E-05 9.9973E-05 0.566552 9.9973E-05 0.0128278 0.23435
0.112625 0.21298 0.09674 9.9982E-05 0.102972 0.0304612 9.9982E-05 0.444021
0.0306116 0.0330031 0.0951291 9.9973E-05 0.307625 9.9973E-05 9.9973E-05 0.533331
0.110316 9.9955E-05 9.9955E-05 9.9955E-05 0.509467 9.9955E-05 9.9955E-05 0.379717
0.062393 0.108527 0.199833 9.9982E-05 0.17507 0.0706199 9.9982E-05 0.383357
0.06189 9.9973E-05 0.0480637 9.9973E-05 0.507435 0.140433 9.9973E-05 0.241878
0.132483 0.0894558 0.106 0.0808829 9.9973E-05 0.590878 9.9973E-05 9.9973E-05
0.135713 0.298618 0.0172124 9.9973E-05 0.202567 0.34559 9.9973E-05 9.9973E-05
0.111168 9.9982E-05 0.171531 0.114246 0.307528 0.278997 0.0163299 9.9982E-05
0.0864067 0.0193246 9.9991E-05 0.082194 0.543683 0.206418 0.0153661 0.0465074
0.137017 9.9964E-05 0.102802 9.9964E-05 0.23113 0.52865 9.9964E-05 9.9964E-05
0.0549352 0.072042 0.00700358 0.141572 0.395632 0.231659 0.00631515 0.0908415
0.0864008 9.9991E-05 0.0926215 0.0899688 0.526495 0.116393 0.0236921 0.0643284
0.0370652 0.0381838 0.00103394 0.0257566 0.488758 0.35361 0.0554922 9.9991E-05
0.114925 0.134747 0.0274214 0.0654727 0.538628 0.111278 9.9991E-05 0.00742789
0.199293 9.9982E-05 0.185806 0.0870726 0.36847 0.15626 0.00289814 9.9982E-05
0.185249 9.9973E-05 0.0916975 0.0695879 0.136637 0.516528 9.9973E-05 9.9973E-05
0.263496 0.0441711 9.9982E-05 0.0763861 0.317383 0.297582 0.00078228 9.9982E-05
0.0355987 0.0475062 9.9973E-05 0.113074 0.538213 0.265308 9.9973E-05 9.9973E-05
0.0195131 0.0946708 0.0226813 0.0847787 0.527926 0.182341 0.0201099 0.0479793
0.0816267 0.101005 9.9982E-05 9.9982E-05 0.419487 0.24374 0.0928199 0.061121
0.132783 0.167316 9.9973E-05 0.0647398 0.42463 0.210231 9.9973E-05 9.9973E-05
0.119754 9.9982E-05 9.9982E-05 0.0292801 0.333668 0.332584 0.0558079 0.128707
0.140139 0.0133487 0.0442965 0.00423624 0.597224 0.200556 9.9982E-05 9.9982E-05
0.154208 9.9991E-05 0.0612322 0.062493 0.40903 0.310042 0.00271088 0.000184131
0.0129741 0.0818866 0.114278 0.0878845 0.447085 0.137612 0.0682376 0.0500428
9.9973E-05 9.9973E-05 0.0691697 0.137495 0.366746 0.094813 0.331476 9.9973E-05
9.9982E-05 0.10539 9.9982E-05 0.237124 0.421264 0.0756621 0.128549 0.0318112
0.0570967 9.9991E-05 0.0587167 0.127699 0.529284 0.0729044 0.121258 0.0329408
0.0697493 0.0826242 9.9991E-05 0.180983 0.480481 0.102359 0.036715 0.0469885
9.9982E-05 0.0835623 0.00561293 0.17998 0.464184 0.0603547 0.206107 9.9982E-05
0.0433276 0.186609 9.9982E-05 0.0469151 0.363666 0.26214 9.9982E-05 0.0971423
9.9982E-05 0.00360129 0.161006 0.1554 0.401073 0.182127 0.0965927 9.9982E-05
9.9973E-05 9.9973E-05 0.0962355 0.165956 9.9973E-05 0.144143 0.190164 0.403202
9.9973E-05 9.9973E-05 0.0314345 0.241596 0.390042 0.288889 0.0477382 9.9973E-05
9.9991E-05 0.0782591 0.0445213 0.131173 0.562149 0.0108478 0.141089 0.0318605
9.9982E-05 0.108341 0.0676059 0.260333 0.401824 0.0982049 0.0634904 9.9982E-05
9.9982E-05 9.9982E-05 0.0321472 0.126582 0.261267 0.198659 0.151192 0.229954
9.9973E-05 9.9973E-05 9.9973E-05 0.136606 0.534896 0.00307929 0.222498 0.102621
9.9982E-05 0.0449483 9.9982E-05 0.111906 0.53488 0.0225464 0.182012 0.103507
9.9964E-05 9.9964E-05 9.9964E-05 0.200349 9.9964E-05 0.0472693 0.444499 0.307483
9.9991E-05 0.0248828 0.0824075 0.197069 0.47088 0.0083877 0.137571 0.0787025
9.9973E-05 0.0949294 9.9973E-05 0.206574 0.489499 0.0392709 0.169427 9.9973E-05
9.9991E-05 0.06434 0.0639401 0.155401 0.53984 0.103981 0.0707682 0.00162914
9.9982E-05 0.0571883 9.9982E-05 0.137364 0.517175 0.0301208 0.219904 0.0380489
0.0206047 0.0387008 0.0800982 0.131365 0.461286 0.115104 0.152295 0.00054712
0.0024401 0.444697 0.023888 0.0585352 0.388486 9.9982E-05 0.0817541 9.9982E-05
0.0506122 0.180502 0.0643916 0.0891433 0.472789 0.00494605 0.0459694 0.0916462
9.9955E-05 0.851128 0.0432469 9.9955E-05 9.9955E-05 0.105126 9.9955E-05 9.9955E-05
9.9946E-05 0.952594 9.9946E-05 9.9946E-05 9.9946E-05 0.0468061 9.9946E-05 9.9946E-05
9.9973E-05 0.384335 9.9973E-05 0.132946 0.389674 0.0517995 0.0409456 9.9973E-05
9.9982E-05 0.128075 9.9982E-05 0.271773 0.359546 0.00913587 0.061489 0.169782
9.9973E-05 0.245336 9.9973E-05 0.375224 0.273063 9.9973E-05 0.0872716 0.0188052
9.9982E-05 0.156644 9.9982E-05 0.277007 0.162037 0.0177665 0.22995 0.156395
9.9982E-05 0.256493 9.9982E-05 0.261187 0.26729 0.0174116 0.154494 0.0429247
9.9964E-05 0.732501 9.9964E-05 0.0869381 9.9964E-05 9.9964E-05 0.0444061 0.135755
9.9973E-05 0.648496 9.9973E-05 0.0490081 0.160321 9.9973E-05 0.110979 0.0308953
0.0695717 0.315908 0.0611359 0.0987711 0.454313 9.9973E-05 9.9973E-05 9.9973E-05
9.9964E-05 0.439871 9.9964E-05 0.128413 0.392312 9.9964E-05 0.0390049 9.9964E-05
9.9973E-05 0.713661 9.9973E-05 0.125898 0.136222 9.9973E-05 0.0195965 0.00432216
0.0104687 0.273516 9.9982E-05 0.0884482 0.519127 0.0357126 0.0725274 9.9982E-05
0.0525525 0.400432 9.9964E-05 0.0912061 0.45541 9.9964E-05 9.9964E-05 9.9964E-05
9.9991E-05 0.241661 0.105734 0.131165 0.366098 0.0307432 0.079206 0.0452924
0.0476442 0.628384 0.0169683 9.9982E-05 0.234624 0.0134019 0.0587775 9.9982E-05
0.0152651 0.486224 0.0888369 0.0621629 0.258266 0.0479753 0.0288332 0.0124359
0.076876 0.20901 0.0630475 0.0488305 0.507917 0.0680219 9.9991E-05 0.0261965
0.149048 0.346477 9.9982E-05 0.0250109 0.390122 9.9982E-05 0.0683633 0.0207784
9.9991E-05 0.200292 0.0097235 0.0675791 0.306019 0.161724 0.164003 0.0905594
9.9973E-05 0.422564 9.9973E-05 9.9973E-05 0.45063 0.0517495 0.00530708 0.069449
0.0795976 0.750515 9.9964E-05 9.9964E-05 0.155484 9.9964E-05 9.9964E-05 0.0140038
9.9973E-05 0.310529 0.0971104 0.0326257 0.511176 9.9973E-05 0.0482584 9.9973E-05
0.013578 0.712264 0.0541314 9.9964E-05 0.219627 9.9964E-05 9.9964E-05 9.9964E-05
0.01751 0.526578 0.00783652 9.9991E-05 0.375854 0.0624422 0.00616729 0.0035118
0.0334966 0.371003 0.0604536 0.0846735 0.391397 9.9982E-05 9.9982E-05 0.058776
0.00517106 0.306106 0.181127 0.0279034 0.397362 0.0349122 0.0440065 0.00341238
0.0799012 0.0751223 0.0318578 0.183773 0.451373 0.104698 0.0373648 0.0359093
0.0632984 0.114321 9.9991E-05 0.119577 0.361215 0.0630935 0.151658 0.126738
0.0879354 0.069566 9.9982E-05 0.25864 0.35296 9.9982E-05 0.118934 0.111764
0.0636153 0.0878479 9.9991E-05 0.196191 0.252313 0.0646722 0.174212 0.161048
9.9982E-05 9.9982E-05 0.129215 0.228044 0.369668 0.133157 0.0885939 0.0511213
9.9982E-05 0.100207 9.9982E-05 0.139399 0.389404 0.0480212 0.178432 0.144335
9.9964E-05 0.677889 9.9964E-05 0.0833896 9.9964E-05 9.9964E-05 0.20937 0.0289509
0.0494417 0.128166 9.9973E-05 0.206383 0.511475 9.9973E-05 0.104234 9.9973E-05
9.9964E-05 0.437972 9.9964E-05 0.0788572 9.9964E-05 9.9964E-05 0.388498 0.0942728
9.9964E-05 0.29776 9.9964E-05 0.156335 0.483413 9.9964E-05 0.0620915 9.9964E-05
9.9964E-05 0.719354 0.203877 9.9964E-05 0.071904 9.9964E-05 9.9964E-05 0.00446482
9.9964E-05 0.860645 0.0596143 9.9964E-05 9.9964E-05 0.0673431 0.011998 9.9964E-05
9.9964E-05 0.482689 0.0406772 9.9964E-05 0.448434 0.0277991 9.9964E-05 9.9964E-05
9.9973E-05 0.411014 0.00263113 0.0258441 0.556281 9.9973E-05 0.00392991 9.9973E-05
9.9973E-05 0.5392 0.0250033 9.9973E-05 0.395197 0.0322403 9.9973E-05 0.00805891
9.9964E-05 0.480244 0.0641442 0.0332026 0.42201 9.9964E-05 9.9964E-05 9.9964E-05
0.043735 0.432967 9.9955E-05 9.9955E-05 0.522798 9.9955E-05 9.9955E-05 9.9955E-05
0.0186734 0.0802349 9.9973E-05 0.0746386 0.0422799 9.9973E-05 0.783873 9.9973E-05
0.104612 0.0967673 9.9964E-05 0.114759 9.9964E-05 9.9964E-05 0.683462 9.9964E-05
0.0264471 9.9964E-05 9.9964E-05 0.071464 9.9964E-05 0.0083931 0.893296 9.9964E-05
9.9955E-05 0.0112147 9.9955E-05 9.9955E-05 0.0665769 9.9955E-05 0.921709 9.9955E-05
9.9982E-05 0.062054 0.406585 0.0337745 0.433652 0.0214013 0.0423335 9.9982E-05
9.9982E-05 0.0467704 0.385648 0.0161568 0.451386 0.0583127 0.0415262 9.9982E-05
9.9964E-05 0.0338299 0.419703 9.9964E-05 0.477661 0.0684067 9.9964E-05 9.9964E-05
0.0590022 9.9982E-05 0.228632 0.0110694 0.5733 0.0456931 0.0821029 9.9982E-05
0.12672 0.0277824 0.123248 0.0588392 0.538187 0.00452798 0.0789017 0.0417943
0.0620379 0.00769698 0.552047 9.9991E-05 0.179607 0.104666 0.0300968 0.0637483
9.9973E-05 0.0694802 0.313797 0.0236013 0.579841 0.0129807 9.9973E-05 9.9973E-05
9.9955E-05 9.9955E-05 0.552512 9.9955E-05 0.333672 9.9955E-05 9.9955E-05 0.113317
0.0552776 9.9982E-05 9.9982E-05 0.114717 0.461867 0.087725 0.258146 0.0220682
0.037912 0.131532 0.419018 0.051469 0.346526 0.0133425 9.9982E-05 9.9982E-05
0.0657442 9.9982E-05 0.492156 9.9982E-05 0.312293 0.100247 0.02804 0.00132054
9.9964E-05 0.168765 0.289098 0.0470654 0.494671 9.9964E-05 9.9964E-05 9.9964E-05
0.0107039 0.0449781 0.406655 9.9982E-05 0.384298 0.13953 0.0136349 9.9982E-05
9.9964E-05 0.0889703 0.384676 9.9964E-05 0.522184 9.9964E-05 9.9964E-05 0.00376938
0.0612002 0.0294738 0.354963 0.125165 0.428898 9.9973E-05 9.9973E-05 9.9973E-05
9.9955E-05 0.0965608 0.815418 9.9955E-05 0.0875212 9.9955E-05 9.9955E-05 9.9955E-05
9.9973E-05 0.00948527 0.565533 9.9973E-05 0.255034 0.103047 9.9973E-05 0.0666009
0.0380775 9.9955E-05 0.680758 9.9955E-05 0.280665 9.9955E-05 9.9955E-05 9.9955E-05
9.9955E-05 0.0265959 0.820453 9.9955E-05 9.9955E-05 9.9955E-05 9.9955E-05 0.152452
0.0404937 0.0362385 0.429728 0.0167611 0.370998 0.0904372 0.0152436 9.9991E-05
0.0250594 0.0119998 0.674657 9.9973E-05 0.0520585 9.9973E-05 9.9973E-05 0.235925
9.9955E-05 0.134701 0.725336 9.9955E-05 9.9955E-05 9.9955E-05 9.9955E-05 0.139463
0.0148598 0.0192509 0.243861 0.0549995 0.539874 0.125747 9.9991E-05 0.00130827
9.9982E-05 9.9982E-05 0.611612 0.0208639 0.187767 0.146762 0.0315215 0.00127329
0.124571 9.9982E-05 0.296359 0.0870385 0.342901 0.103416 9.9982E-05 0.0455152
9.9973E-05 9.9973E-05 0.213466 0.0014651 0.507912 9.9973E-05 0.1589 0.117957
0.0468706 9.9955E-05 0.452018 9.9955E-05 0.500611 9.9955E-05 9.9955E-05 9.9955E-05
0.0933823 0.227885 0.00562683 0.0482431 0.27357 0.259792 9.9991E-05 0.0914014
0.00581603 0.0229876 0.346658 0.018216 0.530663 0.0754595 9.9982E-05 9.9982E-05
9.9973E-05 9.9973E-05 0.252154 0.0160989 0.488144 0.216677 0.026626 9.9973E-05
9.9955E-05 9.9955E-05 0.650813 9.9955E-05 0.302008 9.9955E-05 9.9955E-05 0.0466796
0.169212 9.9973E-05 0.305491 9.9973E-05 0.494021 9.9973E-05 0.0192316 0.0117444
0.208939 9.9973E-05 9.9973E-05 0.00782683 9.9973E-05 0.108743 0.601209 0.0729827
0.0717449 9.9991E-05 0.0521745 0.0133307 0.0393896 0.0270872 0.746286 0.0498869
0.102356 9.9973E-05 0.0222106 9.9973E-05 9.9973E-05 0.0329328 0.796766 0.0454344
0.139094 0.00780327 9.9964E-05 9.9964E-05 9.9964E-05 9.9964E-05 0.784651 0.0680517
0.193542 9.9964E-05 9.9964E-05 9.9964E-05 0.049729 9.9964E-05 0.695297 0.0610319
9.9973E-05 9.9973E-05 0.668842 0.0616405 0.074863 0.162925 0.031429 9.9973E-05
0.0301919 0.0569276 0.582345 9.9982E-05 0.147201 0.113514 0.0696204 9.9982E-05
9.9973E-05 0.0100095 0.822856 0.0333509 0.109946 9.9973E-05 9.9973E-05 0.0235383
9.9982E-05 0.0558954 0.283552 0.223206 0.34847 9.9982E-05 0.0565503 0.0321264
0.0237674 9.9973E-05 0.343443 0.0917382 0.424505 9.9973E-05 0.116247 9.9973E-05
9.9964E-05 9.9964E-05 0.544203 0.00503724 0.298641 9.9964E-05 9.9964E-05 0.151719
9.9964E-05 0.00201431 0.408049 0.0384632 0.551073 9.9964E-05 9.9964E-05 9.9964E-05
0.00637583 0.0336477 0.392872 0.0165798 0.386594 9.9991E-05 0.0374847 0.126346
0.00485417 0.0648303 0.275602 9.9973E-05 0.48402 0.170394 9.9973E-05 9.9973E-05
9.9955E-05 9.9955E-05 0.377414 0.0716784 0.550408 9.9955E-05 9.9955E-05 9.9955E-05
0.0933217 9.9973E-05 0.567927 0.0196897 0.233383 0.0853787 9.9973E-05 9.9973E-05
9.9955E-05 9.9955E-05 0.57844 9.9955E-05 0.318171 0.102889 9.9955E-05 9.9955E-05
0.0737579 9.9964E-05 0.437619 9.9964E-05 0.323191 0.165032 9.9964E-05 9.9964E-05
0.0697528 9.9973E-05 9.9973E-05 0.0304962 0.596862 9.9973E-05 0.0471403 0.255449
0.0153229 9.9973E-05 0.611017 9.9973E-05 0.330488 0.0140463 0.0288259 9.9973E-05
0.0463469 9.9982E-05 0.432086 0.0743382 0.350892 0.0857376 0.0103989 9.9982E-05
0.0504898 0.0154066 0.00735922 0.438986 0.339551 9.9991E-05 0.0533996 0.0947076
0.041484 0.0143151 0.0249363 0.458861 0.271915 0.0606506 0.0821674 0.0456705
0.00550507 0.0121109 9.9991E-05 0.471546 0.36764 0.010088 0.0992434 0.0337661
9.9973E-05 0.0293525 9.9973E-05 0.479158 0.336065 9.9973E-05 0.105463 0.049662
9.9982E-05 0.0497625 0.0307438 0.245835 0.508312 0.0319772 0.13317 9.9982E-05
9.9982E-05 0.00336845 0.260504 0.0273507 0.457918 0.0321386 9.9982E-05 0.218521
9.9964E-05 9.9964E-05 9.9964E-05 0.653879 0.0719916 9.9964E-05 0.230603 0.043126
0.0308369 0.00235628 0.00170045 0.47164 0.325985 9.9991E-05 0.152847 0.0145348
9.9982E-05 9.9982E-05 0.0822762 0.183027 0.376153 0.0218273 0.0788313 0.257686
9.9964E-05 9.9964E-05 9.9964E-05 9.9964E-05 0.544433 0.0900531 0.0745647 0.29055
0.0774966 9.9982E-05 0.0491769 9.9982E-05 0.413001 0.110624 0.0766003 0.272901
0.0603528 9.9991E-05 0.0291378 0.0517553 0.579937 0.000285019 0.0596561 0.218776
0.0993091 9.9991E-05 0.170324 0.0167757 0.531693 0.010124 0.0827759 0.0888987
9.9955E-05 9.9955E-05 9.9955E-05 0.341553 0.470877 9.9955E-05 0.18707 9.9955E-05
0.0934142 9.9982E-05 0.0529881 0.303707 0.393481 9.9982E-05 0.148972 0.00723742
0.00737578 9.9973E-05 9.9973E-05 0.504324 0.393234 9.9973E-05 0.0472104 0.0475558
0.0569392 9.9973E-05 9.9973E-05 0.333724 0.405133 9.9973E-05 0.0878244 0.116079
9.9964E-05 9.9964E-05 9.9964E-05 0.496965 0.334175 9.9964E-05 0.106184 0.0622762
0.023661 0.0441748 0.0745924 0.236217 0.438531 0.0126861 0.148197 0.021941
9.9982E-05 0.0603896 9.9982E-05 0.574862 0.249499 0.00646729 0.101056 0.00752617
0.0522453 0.130453 9.9973E-05 0.392611 0.353753 9.9973E-05 0.0706375 9.9973E-05
0.032885 9.9973E-05 0.072962 0.0196989 0.491953 9.9973E-05 9.9973E-05 0.382201
0.0397139 0.0629934 0.0760673 0.286401 0.370632 9.9982E-05 0.163993 9.9982E-05
9.9964E-05 9.9964E-05 9.9964E-05 0.626363 0.121635 9.9964E-05 0.222707 0.0288938
0.0831486 0.0473587 0.0828094 0.420195 0.272365 0.0254911 0.0601356 0.00849696
0.114703 9.9982E-05 0.0325466 9.9982E-05 0.18108 0.2675 0.102145 0.301825
9.9964E-05 9.9964E-05 9.9964E-05 0.0778225 0.545982 0.17899 9.9964E-05 0.196806
0.0659214 9.9991E-05 0.0239364 0.328794 0.360648 0.0815088 0.119592 0.0194999
0.071978 9.9982E-05 9.9982E-05 0.0566035 0.60474 0.0788663 0.0688428 0.118769
0.0435133 9.9982E-05 0.107682 9.9982E-05 0.488643 0.0274665 0.117855 0.214639
0.0827404 9.9991E-05 0.084528 0.179774 0.343791 0.032571 0.19765 0.0788453
9.9982E-05 0.165652 9.9982E-05 0.268386 0.305928 0.0158494 0.24 0.0039851
0.107933 9.9973E-05 9.9973E-05 0.00415723 0.651203 9.9973E-05 0.159774 0.0766332
0.00695587 9.9991E-05 0.070201 0.405371 0.371305 0.00382322 0.10699 0.0352529
9.9973E-05 0.0510761 9.9973E-05 0.457134 0.389336 9.9973E-05 0.0676385 0.0345153
9.9973E-05 0.0354366 9.9973E-05 0.523574 0.196433 9.9973E-05 0.165326 0.0789307
0.102417 0.0116311 0.0215183 0.0554126 0.561903 0.0269572 0.0772837 0.142877
0.0627579 9.9982E-05 0.0675849 9.9982E-05 0.486732 0.0843093 0.0853761 0.21304
0.0776185 0.0340819 0.0341568 9.9982E-05 0.189636 9.9982E-05 0.0322884 0.632018
9.9973E-05 9.9973E-05 0.0845055 0.0982251 0.554204 9.9973E-05 0.151052 0.111714
0.12647 0.146807 0.0111554 0.0466599 0.30335 0.197138 0.113971 0.0544497
9.9982E-05 9.9982E-05 0.163659 0.0871964 0.491263 0.00602441 0.184523 0.0671348
0.11193 0.00333855 0.181908 0.144943 0.288821 0.0543585 0.027788 0.186914
0.00256304 9.9964E-05 9.9964E-05 0.200273 9.9964E-05 9.9964E-05 0.222867 0.573897
9.9955E-05 9.9955E-05 9.9955E-05 0.0965961 9.9955E-05 9.9955E-05 0.192728 0.710176
0.0490731 0.081651 0.00080949 0.133743 0.223065 0.0484955 0.0685247 0.394638
