9.9991E-05 0.030464 0.0303303 0.939106
0.0512553 9.9982E-05 9.9982E-05 0.948545
9.999E-05 0.0339791 0.116178 0.849743
0.0593534 0.101446 0.0451648 0.794035
9.9991E-05 0.0394179 0.0877588 0.872723
0.153382 0.0788042 0.0812901 0.686524
0.116604 0.0245765 9.9991E-05 0.85872
0.171218 0.034564 0.0167672 0.77745
0.166235 9.9982E-05 9.9982E-05 0.833565
0.102729 0.0756602 0.0564317 0.765179
0.100763 9.9991E-05 0.086127 0.81301
0.485204 0.031379 0.420556 0.0628606
0.251535 0.0579447 0.65906 0.0314603
0.452719 0.092986 0.358061 0.0962339
0.340945 0.20291 0.366804 0.0893417
0.229861 0.13197 0.449217 0.188952
0.0738356 0.130862 0.663053 0.132249
0.330885 0.124502 0.544513 9.9991E-05
0.340123 0.0653066 0.381026 0.213544
0.71696 0.0324565 0.121608 0.128975
0.327823 0.138178 0.503498 0.0305014
0.368631 0.103251 0.485398 0.04272
0.228376 0.0525901 0.65534 0.0636945
0.430851 0.1059 0.40746 0.0557894
0.104235 0.0511653 0.695728 0.148872
0.205214 0.0914436 0.57972 0.123623
0.490707 0.0304494 0.362862 0.115982
0.445351 0.194815 0.274627 0.085208
0.577104 0.0243026 0.340913 0.0576804
9.9991E-05 0.0941171 0.0888767 0.816906
9.9991E-05 0.0340454 0.113122 0.852733
9.9991E-05 0.0582693 0.141057 0.800574
9.9991E-05 0.0360385 0.206388 0.757473
0.231754 0.0202362 0.658872 0.0891374
0.156318 9.9991E-05 0.756907 0.0866753
0.159456 9.9991E-05 0.776992 0.063452
0.509271 9.9991E-05 0.297807 0.192823
0.398293 0.0584253 0.534719 0.00856267
0.202847 0.0508168 0.629335 0.117001
0.134569 0.0525699 0.758624 0.0542373
0.123208 9.9991E-05 0.715305 0.161387
0.0226727 0.00381637 0.766932 0.206579
0.544297 9.9991E-05 0.442062 0.0135406
0.150972 0.13209 0.649218 0.0677205
0.124779 0.103126 0.713086 0.059008
0.214735 0.0238696 0.654803 0.106592
0.397584 9.9982E-05 0.602216 9.9982E-05
0.00859738 0.111348 0.753602 0.126452
0.130421 0.0246348 0.652131 0.192814
0.845205 9.9991E-05 0.0803357 0.0743597
0.727531 0.0107865 0.259319 0.00236364
0.720548 0.0714357 0.150338 0.057678
0.0810129 0.0299186 0.758967 0.130102
0.168456 0.161807 0.567114 0.102622
0.138929 0.0795513 0.678142 0.103377
0.545091 9.9991E-05 0.282755 0.172054
0.253482 0.0291938 0.658359 0.058966
0.125796 0.116856 0.626671 0.130677
0.367138 9.9991E-05 0.473902 0.15886
0.560537 0.142361 0.0712883 0.225814
0.251122 0.0346329 0.662979 0.0512662
0.321251 0.111612 0.441356 0.125782
0.707369 9.9991E-05 0.151962 0.140569
0.371665 0.0611659 0.563071 0.00409845
0.13759 0.154227 0.699071 0.00911166
0.261646 0.138387 0.456924 0.143043
0.453357 0.125769 0.347552 0.0733217
0.359041 0.197717 0.429067 0.0141759
0.125882 0.0476418 0.702382 0.124094
0.64586 9.9991E-05 0.285975 0.0680646
0.230314 9.9982E-05 0.769486 9.9982E-05
0.522234 9.9982E-05 0.477566 9.9982E-05
0.185425 0.0489039 0.668699 0.0969721
0.723454 9.9982E-05 0.276346 9.9982E-05
0.717569 9.9982E-05 0.282231 9.9982E-05
0.447654 9.9982E-05 0.552146 9.9982E-05
0.330472 9.9982E-05 0.669328 9.9982E-05
0.135357 0.0758583 0.652109 0.136676
0.354935 0.0457556 0.599209 9.9991E-05
0.526743 9.9991E-05 0.418138 0.0550191
0.506646 9.9991E-05 0.441452 0.0518023
0.168239 0.07212 0.692067 0.0675733
0.467422 9.9991E-05 0.509837 0.0226415
0.330671 9.9991E-05 0.631837 0.0373927
0.347736 9.9982E-05 0.652064 9.9982E-05
0.752011 0.00985629 0.238033 9.9991E-05
0.206414 0.0496289 0.712968 0.0309892
9.9982E-05 9.9982E-05 0.151397 0.848403
9.9982E-05 9.9982E-05 0.0648815 0.934918
9.9991E-05 0.0429337 0.0561205 0.900846
9.9991E-05 0.0404577 0.0319988 0.927444
9.9991E-05 0.00546634 0.108313 0.886121
0.0342773 0.0533183 9.9991E-05 0.912304
9.9991E-05 0.0356195 0.0364213 0.927859
0.185984 0.0475159 0.640673 0.125826
0.170173 0.0816968 0.628042 0.120088
0.697249 9.9991E-05 0.273271 0.0293799
0.203651 0.0927334 0.594683 0.108933
0.302675 9.9991E-05 0.669708 0.0275166
0.160184 0.0299364 0.787227 0.0226531
0.185337 9.9991E-05 0.686428 0.128134
0.194331 0.0547046 0.724251 0.0267129
0.775787 9.9991E-05 0.187221 0.0368914
0.219922 0.132141 0.516937 0.131
0.0553449 0.00979634 0.795023 0.139836
0.240521 0.0615079 0.626657 0.0713142
0.464721 9.9982E-05 0.535079 9.9982E-05
0.214642 9.9991E-05 0.762589 0.0226693
0.353965 0.0039418 0.626798 0.0152948
0.370677 0.0937118 0.535512 9.9991E-05
0.25019 9.9991E-05 0.637205 0.112504
0.145237 0.084136 0.620224 0.150403
0.565546 0.0888151 0.345538 9.9991E-05
0.267345 0.0908222 0.499491 0.142342
0.15775 0.15874 0.596628 0.0868822
0.184373 0.135765 0.577249 0.102613
0.278877 9.9991E-05 0.61845 0.102573
0.158049 0.0326611 0.719129 0.0901617
0.330278 0.0367985 0.55725 0.0756734
0.262258 9.9991E-05 0.594552 0.14309
0.212391 0.0627445 0.603423 0.121442
0.147041 9.9991E-05 0.735982 0.116877
0.361133 9.9991E-05 0.614917 0.0238498
0.101344 0.110703 0.676434 0.111519
0.105614 0.0450453 0.733445 0.115896
0.198328 0.082037 0.719535 9.9991E-05
0.270837 0.115666 0.525834 0.0876639
0.273097 0.0855987 0.631475 0.00983001
0.36988 0.0646928 0.460662 0.104766
0.0477522 0.076407 0.748686 0.127155
0.196167 0.12512 0.629388 0.0493248
0.509496 0.0556653 0.360175 0.0746641
0.702219 0.0978633 0.184595 0.0153228
0.199456 9.9991E-05 0.70992 0.0905234
0.726183 0.0818413 0.191876 9.9991E-05
0.427915 9.9991E-05 0.463988 0.107997
0.346633 9.9991E-05 0.604179 0.0490882
0.475063 9.9991E-05 0.45992 0.0649167
0.492278 0.0551133 0.378931 0.0736772
0.110671 0.101621 0.650012 0.137696
0.0842712 0.0884137 0.665623 0.161692
0.209807 0.0350741 0.632472 0.122647
0.606303 0.0761607 0.29941 0.0181265
0.143785 0.0570401 0.623027 0.176149
0.235528 0.12459 0.583949 0.0559334
0.708923 0.0418917 0.0557877 0.193398
0.130042 0.064684 0.685677 0.119597
0.406989 0.0632336 0.410965 0.118812
0.250413 0.0668099 0.540898 0.14188
0.47904 0.0337504 0.327403 0.159806
0.544331 9.9991E-05 0.327784 0.127785
0.271879 9.9991E-05 0.63088 0.0971404
0.175932 0.0369719 0.588364 0.198732
0.295002 0.0973178 0.500598 0.107081
0.609658 0.217067 0.108046 0.0652298
0.25271 0.186498 0.512868 0.0479237
0.493344 9.9982E-05 0.506456 9.9982E-05
0.376083 0.00967444 0.614143 9.9991E-05
0.146029 0.11165 0.627267 0.115054
0.174037 0.318641 0.159112 0.348211
0.176621 0.20703 9.9991E-05 0.616249
0.265334 0.247667 9.9991E-05 0.486899
0.160395 0.395006 0.0310306 0.413569
0.118209 0.0597755 0.807586 0.0144298
0.134022 0.128191 0.574878 0.162909
9.9982E-05 0.752876 0.246924 9.9982E-05
0.207008 0.490091 0.302802 9.9991E-05
9.9991E-05 0.381879 0.464622 0.153398
0.530572 0.123691 0.345637 9.9991E-05
0.295982 0.0896288 0.521161 0.0932281
0.601545 0.132342 0.266012 9.9991E-05
0.255741 0.0750003 0.635463 0.0337958
0.348295 0.0881307 0.530003 0.0335713
0.179929 0.0676123 0.691748 0.06071
0.628469 0.0869797 0.284451 9.9991E-05
0.116618 0.0965193 0.707346 0.0795176
0.255439 0.183938 0.560523 9.9991E-05
9.998E-05 0.9997 9.998E-05 9.998E-05
9.9982E-05 0.91583 0.0839705 9.9982E-05
0.0811055 0.652424 0.220478 0.045992
9.9982E-05 0.647578 0.352222 9.9982E-05
9.9991E-05 0.872023 0.125729 0.00214813
9.998E-05 0.9997 9.998E-05 9.998E-05
9.998E-05 0.9997 9.998E-05 9.998E-05
9.9982E-05 0.907274 0.0925264 9.9982E-05
9.9982E-05 0.962203 0.0375974 9.9982E-05
9.998E-05 0.9997 9.998E-05 9.998E-05
9.998E-05 0.9997 9.998E-05 9.998E-05
9.9991E-05 0.835956 0.153072 0.0108723
9.9991E-05 0.837097 0.0862249 0.0765785
9.998E-05 0.9997 9.998E-05 9.998E-05
0.0533198 0.435388 0.420227 0.0910654
0.00273661 0.590696 0.299331 0.107236
9.9982E-05 0.833096 0.166704 9.9982E-05
9.9991E-05 0.880618 0.0752655 0.0440165
9.9982E-05 0.986679 9.9982E-05 0.0131212
9.9991E-05 0.923348 0.0469511 0.029601
9.998E-05 0.9997 9.998E-05 9.998E-05
0.0427422 0.618304 0.29258 0.0463741
0.0106045 0.885311 0.0799076 0.0241766
0.520259 0.124427 9.9991E-05 0.355213
0.257512 0.0947157 0.406118 0.241654
0.148837 0.11702 0.469724 0.264419
0.410273 0.177298 0.180694 0.231735
0.200814 0.173746 0.461176 0.164263
0.300207 0.152131 0.220809 0.326853
0.226909 0.0400336 0.561423 0.171635
0.256856 0.287592 0.286347 0.169205
0.101994 0.210983 0.55307 0.133953
0.182786 0.289789 0.334005 0.193421
0.048867 0.0964192 0.543018 0.311696
0.0585821 9.9991E-05 0.0624454 0.878873
9.9982E-05 0.0936811 9.9982E-05 0.906119
9.998E-05 9.998E-05 9.998E-05 0.9997
0.0140229 9.9991E-05 0.0131628 0.972714
9.9991E-05 0.0254925 0.024724 0.949683
9.9982E-05 0.0857442 9.9982E-05 0.914056
9.9982E-05 0.10162 9.9982E-05 0.898181
0.0510607 9.9991E-05 0.0129988 0.93584
9.9991E-05 0.0269965 0.0341968 0.938707
9.9982E-05 0.10342 9.9982E-05 0.89638
0.353031 9.9982E-05 9.9982E-05 0.646769
0.36046 9.9991E-05 0.0140693 0.62537
0.405935 9.9982E-05 9.9982E-05 0.593865
0.467174 9.9982E-05 9.9982E-05 0.532626
0.221752 9.9991E-05 0.678366 0.0997826
0.247525 0.0582113 0.675308 0.0189561
0.223604 0.0319111 0.699103 0.0453816
0.402034 9.9991E-05 0.542198 0.0556676
0.675755 9.9991E-05 0.281102 0.0430425
0.161808 0.0563966 0.701824 0.0799718
0.236186 0.0192914 0.740845 0.00367741
0.267204 9.9982E-05 0.732597 9.9982E-05
0.365825 0.0136062 0.620468 9.9991E-05
0.18483 0.0866939 0.66318 0.0652968
0.358971 9.9991E-05 0.604218 0.0367114
0.819807 9.9982E-05 0.179993 9.9982E-05
0.251802 9.9991E-05 0.615827 0.132271
0.499194 0.0466321 0.454073 9.9991E-05
0.253391 9.9982E-05 0.746409 9.9982E-05
0.67115 9.9991E-05 0.29441 0.0343398
0.691592 9.9991E-05 0.0924351 0.215873
0.737846 9.9991E-05 0.066978 0.195076
0.750273 9.9991E-05 0.0638536 0.185773
0.78967 9.9991E-05 0.00334853 0.206882
0.739362 9.9991E-05 0.107086 0.153452
0.671067 0.0257129 0.112075 0.191145
9.9991E-05 0.0247826 0.0695709 0.905547
9.9991E-05 0.016395 0.0494537 0.934051
9.9991E-05 0.110804 0.129831 0.759265
9.9991E-05 0.146276 0.0473541 0.80627
9.9991E-05 0.031573 0.124884 0.843443
0.512344 9.9982E-05 9.9982E-05 0.487456
0.475892 9.9982E-05 9.9982E-05 0.523908
0.49561 0.000946485 9.9991E-05 0.503344
9.9991E-05 0.0373274 0.114707 0.847866
0.529202 9.9982E-05 9.9982E-05 0.470598
0.0462029 0.440476 0.300979 0.212343
9.9991E-05 0.253823 0.587055 0.159022
9.9991E-05 0.386533 0.434471 0.178896
0.107581 0.243325 0.408446 0.240648
0.077801 0.181629 0.510894 0.229676
0.125669 0.362563 9.9991E-05 0.511668
0.400847 9.9991E-05 0.548358 0.0506946
0.499416 0.0788715 0.389477 0.0322358
0.487764 9.9991E-05 0.366951 0.145185
0.320689 0.0735655 0.605645 9.9991E-05
0.996059 0.00374137 9.9982E-05 9.9982E-05
0.133845 0.103259 0.619556 0.14334
0.262784 9.9991E-05 0.698689 0.038427
0.41793 9.9991E-05 0.471588 0.110381
0.15009 0.122957 0.574476 0.152477
0.73441 0.0193183 0.235837 0.0104348
0.328798 0.190939 0.47335 0.00691204
0.244515 0.0799697 0.654435 0.02108
0.206765 0.159424 0.451068 0.182743
0.50042 0.0122345 0.487245 9.9991E-05
0.367073 0.0656453 0.53105 0.0362322
0.317494 0.166184 0.516222 9.9991E-05
0.238799 0.00502812 0.687857 0.068316
0.134415 0.0975036 0.723063 0.0450192
0.163737 0.0495445 0.69315 0.0935682
0.205378 0.0565197 0.669174 0.0689288
9.9991E-05 0.0773918 0.125973 0.796535
0.000498933 0.050621 0.105727 0.843153
0.0896261 0.041285 0.038354 0.830735
0.0704858 0.0512158 0.022402 0.855896
9.9991E-05 0.0277576 0.120075 0.852068
0.609385 0.0436967 0.288315 0.0586034
0.216648 0.121443 0.607283 0.0546256
0.0935191 0.18961 0.489696 0.227175
0.146155 0.175326 0.643661 0.0348581
0.324091 0.0219884 0.570007 0.0839137
0.53532 0.144943 0.311379 0.00835776
0.746415 9.9991E-05 0.0528452 0.20064
0.294959 0.0538002 0.607717 0.0435237
0.551939 0.0674185 0.224412 0.156231
0.393776 0.0655905 0.499039 0.041594
0.565423 9.9991E-05 0.197603 0.236874
0.147373 0.131557 0.584804 0.136266
0.554958 9.9991E-05 0.308099 0.136843
0.461646 0.0727742 0.413112 0.0524679
0.248591 0.108247 0.557218 0.0859441
0.506867 0.059812 0.367186 0.0661348
0.238514 9.9991E-05 0.650232 0.111153
0.17719 0.0639814 0.606819 0.152009
0.513875 9.9991E-05 0.474229 0.0117961
0.251061 0.130603 0.431417 0.186919
0.295432 0.0663765 0.562797 0.0753946
0.7219 9.9982E-05 0.2779 9.9982E-05
0.58071 0.0256194 0.377853 0.0158181
0.313556 0.00546962 0.63055 0.0504243
0.686595 9.9991E-05 0.258967 0.0543386
0.405139 9.9991E-05 0.569549 0.0252119
0.683709 0.00667917 0.219605 0.0900072
0.592425 0.0551206 0.352355 9.9991E-05
0.362116 0.130359 0.430455 0.0770693
0.100735 0.0877531 0.710238 0.101273
0.577317 9.9982E-05 0.422483 9.9982E-05
0.260486 0.130651 0.487675 0.121188
0.220748 0.139807 0.609281 0.030164
0.188479 0.0509476 0.674758 0.085815
0.263712 0.133196 0.601791 0.0013009
0.313962 0.0561187 0.534066 0.0958529
0.564069 0.126902 0.281778 0.0272509
0.424053 0.146741 0.409104 0.0201012
0.242556 0.0542982 0.665603 0.0375429
0.154112 0.0518378 0.659877 0.134174
0.342963 0.0422117 0.527066 0.0877591
0.28611 0.0963588 0.617431 9.9991E-05
0.337095 0.0691769 0.427276 0.166452
0.174817 0.0970535 0.713814 0.0143163
0.352783 0.152057 0.451757 0.0434035
0.167934 0.0907634 0.591707 0.149595
0.0234329 0.205689 0.426953 0.343925
0.156378 0.284987 0.434218 0.124417
0.0136144 0.252275 0.587995 0.146116
0.121682 0.14462 0.670195 0.0635032
0.105444 0.300846 0.464969 0.128741
0.378807 0.105699 0.515394 9.9991E-05
0.00999094 0.0703599 0.697077 0.222572
0.457282 0.237982 0.0458345 0.258902
0.0970599 0.186041 0.585738 0.131161
0.0825582 0.187648 0.598262 0.131532
0.155862 0.170915 0.606942 0.0662808
0.288342 0.18033 0.316742 0.214586
9.9991E-05 0.272271 0.526596 0.201033
0.0759768 0.166852 0.57437 0.182801
0.257587 0.263573 9.9991E-05 0.478739
9.9991E-05 0.218287 0.502902 0.278711
0.0444725 0.246767 0.496752 0.212008
0.108989 0.17391 0.647337 0.0697644
0.0408763 0.198717 0.568681 0.191726
0.0634969 0.240817 0.533017 0.162669
0.348119 0.122269 0.472139 0.0574734
0.160926 0.00577584 0.643605 0.189693
0.781137 0.0289051 0.189858 9.9991E-05
0.81446 0.0219654 0.163475 9.9991E-05
0.342859 0.128859 0.480492 0.0477908
0.129798 0.356458 0.405 0.108744
0.114864 0.417511 0.359444 0.108182
0.265659 0.398589 0.162324 0.173428
0.0623427 0.299373 0.414792 0.223492
0.573078 0.23942 0.121948 0.0655548
0.516662 0.269541 0.176817 0.0369801
0.179417 0.174966 0.644503 0.0011151
0.265158 0.234327 0.500414 9.9991E-05
0.464701 0.191958 0.266588 0.0767533
0.128119 0.114248 0.631219 0.126413
0.23761 0.22216 0.528174 0.0120553
0.211687 0.217326 0.544203 0.026784
0.505289 9.9991E-05 0.483022 0.011589
0.428541 0.0839823 0.487377 9.9991E-05
0.257952 0.0980068 0.590303 0.0537383
0.338534 0.0719422 0.470657 0.118867
0.209747 0.0974444 0.581687 0.111121
0.349898 0.0246043 0.625398 9.9991E-05
0.587762 0.0230886 0.38905 9.9991E-05
0.209926 0.102134 0.678376 0.00956453
0.587446 0.0622012 0.350253 9.9991E-05
0.370045 0.0367378 0.593117 9.9991E-05
0.259008 0.098752 0.603973 0.0382677
0.345999 0.0102698 0.641138 0.00259347
0.0152746 0.165531 0.579574 0.239621
0.0928636 0.147658 0.564361 0.195118
0.136554 0.289835 0.415464 0.158147
0.127724 0.235068 0.395178 0.24203
0.166097 0.1799 0.541839 0.112163
0.122672 0.273306 0.5085 0.0955217
0.591115 0.255127 9.9991E-05 0.153659
0.0224628 0.248417 0.608743 0.120378
0.356269 0.214934 9.9991E-05 0.428698
0.100427 0.247051 0.559243 0.0932785
0.660894 0.0159258 0.32308 9.9991E-05
0.858934 0.0279708 0.112995 9.9991E-05
0.296443 0.07352 0.629937 9.9991E-05
0.170347 9.9991E-05 0.790738 0.0388145
0.411145 0.0160016 0.572753 9.9991E-05
0.275668 0.0623907 0.661842 9.9991E-05
0.257827 0.0653487 0.676724 9.9991E-05
0.0517315 0.0673863 0.0390129 0.841869
0.105228 0.0843661 9.9991E-05 0.810306
9.9982E-05 0.068095 9.9982E-05 0.931705
9.9982E-05 9.9982E-05 0.051778 0.948022
0.251678 0.0643715 0.643278 0.0406726
0.175842 0.0311264 0.698437 0.0945951
0.311561 9.9991E-05 0.665777 0.0225629
0.122 0.0157029 0.741605 0.120692
0.248262 0.0477032 0.579038 0.124997
0.529973 9.9982E-05 0.469828 9.9982E-05
0.137749 0.0464283 0.79751 0.0183124
0.404832 9.9982E-05 0.594968 9.9982E-05
0.0241327 0.205558 0.462206 0.308103
0.365222 0.046591 0.588087 9.9991E-05
0.378023 9.9991E-05 0.587394 0.034483
0.212789 0.00707837 0.780032 9.9991E-05
0.413432 9.9982E-05 0.586368 9.9982E-05
0.168839 0.0404829 0.79033 0.000347584
0.16788 9.9991E-05 0.729818 0.102202
0.569144 9.9982E-05 0.430656 9.9982E-05
0.49971 0.0161177 0.484073 9.9991E-05
0.482618 0.0204373 0.496845 9.9991E-05
0.824568 9.9982E-05 0.175232 9.9982E-05
0.357929 9.9991E-05 0.628063 0.0139082
0.666589 0.0279327 0.305379 9.9991E-05
0.806089 0.0265403 0.167271 9.9991E-05
0.180087 0.068997 0.739582 0.011334
0.518967 9.9991E-05 0.444508 0.0364244
0.350145 0.0977858 0.551969 9.9991E-05
0.132154 0.0361615 0.648108 0.183577
0.245089 0.00164362 0.732721 0.0205463
0.467164 0.110084 0.422652 9.9991E-05
0.209833 0.00535103 0.730069 0.0547469
0.296868 0.00161403 0.6599 0.0416184
0.427366 9.9982E-05 0.572434 9.9982E-05
0.217383 0.0185824 0.647911 0.116124
0.283981 9.9991E-05 0.0255461 0.690372
0.170991 9.9991E-05 0.0383968 0.790512
0.159088 9.9982E-05 9.9982E-05 0.840712
0.159775 9.9982E-05 9.9982E-05 0.840025
0.151382 9.9991E-05 0.0578256 0.790692
0.55701 0.0237589 0.382265 0.0369663
0.565589 9.9991E-05 0.387165 0.0471458
0.532356 9.9982E-05 0.467444 9.9982E-05
0.0867424 0.0364385 0.680304 0.196515
0.126289 0.0276652 0.699555 0.146491
0.416976 0.00698068 0.542992 0.0330515
0.178126 0.0354832 0.771083 0.0153078
0.268967 0.048163 0.634556 0.0483141
0.182103 0.012705 0.743963 0.061229
0.220467 0.0106103 0.727472 0.0414504
0.45063 9.9982E-05 0.54917 9.9982E-05
0.381837 9.9982E-05 0.617963 9.9982E-05
0.432 9.9982E-05 0.5678 9.9982E-05
0.14327 0.0924328 0.619191 0.145106
0.347396 9.9982E-05 0.652404 9.9982E-05
0.326549 9.9991E-05 0.657554 0.0157964
9.9991E-05 0.447602 0.467385 0.084913
9.9991E-05 0.463127 0.388219 0.148555
9.9991E-05 0.457854 0.437506 0.10454
0.00577541 0.529778 0.307122 0.157326
0.0241569 0.355629 0.511251 0.108963
0.316958 0.0602652 0.6104 0.0123768
9.9991E-05 0.706921 0.026464 0.266515
9.9991E-05 0.500553 0.295962 0.203386
0.20297 0.252948 0.405769 0.138313
0.132156 9.9991E-05 0.638079 0.229665
0.314282 0.0557336 0.471961 0.158024
0.157387 0.0285573 0.693216 0.120839
0.177818 0.0314786 0.651342 0.139362
9.9991E-05 0.486778 0.342803 0.170319
0.0836656 0.42491 0.362677 0.128747
9.9991E-05 0.540802 0.395783 0.0633154
0.106005 0.29736 0.435152 0.161483
0.00449236 0.586171 0.278742 0.130595
0.0570805 0.34326 0.457572 0.142088
0.00563894 0.63637 0.228237 0.129754
0.0350256 0.397378 0.45134 0.116256
0.180208 0.0264888 0.663346 0.129957
0.0406747 0.373205 0.361327 0.224793
9.9991E-05 0.703782 0.124929 0.171189
0.0500759 0.415814 0.382088 0.152022
0.467448 9.9991E-05 0.301544 0.230908
0.178256 0.221745 0.599899 9.9991E-05
0.0553597 0.358641 0.422421 0.163578
0.202149 0.103929 0.569591 0.124331
0.143108 0.0065452 0.660422 0.189925
0.195779 0.265988 0.358438 0.179796
0.021321 0.35485 0.341522 0.282307
0.114071 0.221478 0.57858 0.0858712
0.0307717 0.348475 0.47232 0.148434
9.9991E-05 0.474685 0.378998 0.146217
9.9991E-05 0.647693 0.14722 0.204987
0.0439109 0.214895 0.651828 0.0893657
0.228707 9.9991E-05 0.600216 0.170977
0.529328 0.102096 0.230624 0.137953
0.0835037 0.0968242 0.67294 0.146732
0.268219 0.0985804 0.422802 0.210398
0.0943597 0.213686 0.471225 0.220729
0.221406 0.0975224 0.542831 0.13824
0.368773 0.311576 9.9991E-05 0.31955
0.42557 0.237238 9.9991E-05 0.337092
0.32804 0.228969 0.252053 0.190938
0.341852 0.298794 0.0317568 0.327597
0.207745 0.335705 9.9991E-05 0.456451
0.321318 0.257406 0.341951 0.0793244
0.215258 0.291274 0.294946 0.198522
0.267777 0.21048 0.169522 0.352222
0.353728 0.222528 0.0694392 0.354305
0.210927 0.288219 0.38292 0.117935
0.401327 0.273579 0.09253 0.232564
0.332818 0.185518 9.9991E-05 0.481563
0.0853969 0.134966 0.577606 0.202031
0.195875 0.338497 0.296355 0.169273
0.0346261 0.191182 0.507097 0.267094
9.9991E-05 0.323519 0.498935 0.177446
0.0228125 0.128927 0.613377 0.234884
0.0170226 0.312486 0.528398 0.142093
9.9991E-05 0.262397 0.354358 0.383145
9.9991E-05 0.174515 0.572932 0.252452
9.9991E-05 0.321505 0.44527 0.233125
0.0780088 0.257681 0.379206 0.285104
0.301947 0.168254 0.349634 0.180164
0.0463578 0.160305 0.526097 0.26724
0.0312107 0.177825 0.554978 0.235986
0.0322857 0.165972 0.685501 0.116241
0.0619778 0.338996 0.372148 0.226878
9.9991E-05 0.247543 0.552678 0.199679
0.164327 0.298766 0.146189 0.390717
9.9991E-05 0.181632 0.627024 0.191244
0.144391 0.42012 0.155893 0.279596
0.153236 0.0192629 9.9991E-05 0.827401
0.643983 9.9991E-05 0.19967 0.156247
0.828282 9.9982E-05 9.9982E-05 0.171518
0.766997 9.9991E-05 0.0544125 0.17849
0.765006 9.9991E-05 0.088694 0.1462
0.733963 0.0326596 0.0883139 0.145063
0.690222 9.9991E-05 0.180432 0.129247
0.834343 9.9982E-05 9.9982E-05 0.165457
0.582033 9.9991E-05 0.0751865 0.34268
0.0318975 0.00977513 0.0298596 0.928468
0.0446693 0.0059487 0.0758285 0.873553
0.0193706 0.0691303 9.9991E-05 0.911399
0.0876125 9.9991E-05 0.0524868 0.859801
0.0129102 0.00294784 0.0671208 0.917021
0.0433993 9.9991E-05 0.0290175 0.927483
0.0398502 0.163998 0.0386684 0.757484
9.9991E-05 0.0857495 0.0210125 0.893138
0.0697817 0.0389599 0.102942 0.788317
9.9991E-05 0.0652724 0.01827 0.916358
0.0200721 9.9982E-05 9.9982E-05 0.979728
0.0432734 0.0838282 0.026875 0.846023
9.9982E-05 0.00950584 9.9982E-05 0.990294
9.9991E-05 0.0465165 0.0350268 0.918357
9.9991E-05 0.0545502 0.0581392 0.887211
9.9991E-05 0.065965 0.0992819 0.834653
9.9991E-05 0.171581 0.0339013 0.794417
9.9991E-05 0.0966594 0.111484 0.791756
9.9991E-05 0.089661 0.0819285 0.82831
0.33461 0.000595246 0.490855 0.173939
0.116305 9.9991E-05 0.807273 0.0763221
0.214951 0.0612516 0.609233 0.114565
0.636291 0.0834944 0.191353 0.0888615
0.146814 9.9991E-05 0.656124 0.196962
0.558169 0.0873604 0.167292 0.187179
0.121914 0.0813508 0.679705 0.11703
0.273511 9.9991E-05 0.587515 0.138874
0.286144 0.0232352 0.614275 0.0763457
0.176998 0.046344 0.715171 0.0614873
0.274523 9.9991E-05 0.581116 0.144261
0.105365 0.0122482 0.7704 0.111987
0.170613 9.9991E-05 0.699343 0.129944
0.767734 0.0896636 0.142502 9.9991E-05
0.847577 0.0297901 0.0224254 0.100208
0.586275 0.112608 0.192455 0.108661
0.102702 0.162272 0.642808 0.0922173
0.239137 0.0434363 0.595619 0.121807
0.200084 0.00582841 0.644526 0.149562
0.0839318 0.154973 0.672911 0.0881839
0.061998 0.18757 0.560933 0.189499
9.9991E-05 0.165521 0.589841 0.244538
0.183125 0.213106 0.166492 0.437277
0.144652 0.118034 0.556664 0.18065
0.112257 0.156921 0.463585 0.267237
0.317329 0.237766 9.9991E-05 0.444805
0.040091 0.268751 0.349782 0.341376
0.150913 0.231624 0.258423 0.35904
0.0334916 0.144462 0.401258 0.420788
0.120771 0.289344 0.462768 0.127117
9.9991E-05 0.169655 0.592094 0.238151
0.00584606 0.216498 0.638349 0.139307
0.195671 0.26646 0.33412 0.203748
9.9991E-05 0.241964 0.254673 0.503263
