0.0392113 9.9991E-05 0.0599362 0.900753
0.0291403 0.00806628 0.00213724 0.960656
0.0499951 9.9991E-05 0.153201 0.796704
0.0911046 9.9991E-05 0.146144 0.762651
0.0775785 9.9991E-05 0.0775972 0.844724
0.130594 0.109608 0.0944285 0.665369
0.0999007 9.9991E-05 0.013035 0.886964
0.190781 0.00108728 0.041328 0.766804
0.108001 9.9982E-05 9.9982E-05 0.891799
0.0619757 0.0445445 0.185583 0.707897
0.192841 0.0425568 9.9991E-05 0.764502
0.529067 0.268516 0.202317 9.9991E-05
0.301888 0.308606 0.389406 9.9991E-05
0.45553 0.303553 0.198366 0.0425501
0.436648 0.178677 0.333492 0.0511833
0.249886 0.245286 0.38433 0.120499
0.208685 0.372665 0.398417 0.0202336
0.237878 0.397382 0.321391 0.0433499
0.457983 0.188437 0.24947 0.10411
0.688566 0.194173 0.0255884 0.091673
0.387349 0.310579 0.301972 9.9991E-05
0.168373 0.496192 0.276708 0.0587267
0.23793 0.425865 0.30351 0.0326945
0.345411 0.397968 0.256401 0.000220324
0.249493 0.312314 0.438093 9.9991E-05
0.323749 0.284335 0.391816 9.9991E-05
0.505556 0.248593 0.184208 0.0616429
0.476581 0.200859 0.32246 9.9991E-05
0.504669 0.343853 0.114011 0.0374672
0.00629739 9.9991E-05 0.187225 0.806377
0.0454516 9.9991E-05 0.170241 0.784208
0.0196066 9.9991E-05 0.222224 0.758069
9.9991E-05 0.0704416 0.165861 0.763597
0.16483 0.495787 0.336633 0.00274998
0.0762135 0.564105 0.290979 0.0687025
0.00427833 0.658187 0.337435 9.9991E-05
0.634824 0.17541 0.0910581 0.098708
9.9991E-05 0.816586 0.14568 0.037634
0.206644 0.376258 0.402984 0.0141141
9.9982E-05 0.521057 0.478743 9.9982E-05
0.121745 0.482257 0.356656 0.0393426
0.162886 0.434515 0.366345 0.0362533
0.197831 0.725339 0.016939 0.0598907
0.0623962 0.499368 0.38957 0.0486652
0.0677984 0.486263 0.414388 0.0315507
0.0818336 0.474795 0.414905 0.028466
0.0300519 0.846358 0.12349 9.9991E-05
0.0867364 0.527542 0.35405 0.0316716
0.0607892 0.506747 0.346491 0.0859725
9.9982E-05 0.823455 9.9982E-05 0.176345
0.451418 0.490517 0.0343279 0.0237367
0.230396 0.609084 0.0128962 0.147624
0.23901 0.361912 0.377583 0.0214949
0.211793 0.325878 0.443527 0.0188022
0.148344 0.408717 0.403138 0.0398013
0.389199 0.36966 0.0986934 0.142448
0.291536 0.374669 0.333695 9.9991E-05
0.201839 0.346458 0.451603 9.9991E-05
0.20893 0.523467 0.179734 0.0878681
0.399771 0.281986 0.06616 0.252083
0.140758 0.469176 0.389966 9.9991E-05
0.313868 0.378708 0.2808 0.0266246
0.579851 0.356782 9.9991E-05 0.0632678
0.219701 0.461972 0.318227 9.9991E-05
0.174898 0.444244 0.380759 9.9991E-05
0.195324 0.400663 0.403913 9.9991E-05
0.202552 0.509974 0.208259 0.0792152
0.200487 0.457428 0.33823 0.00385596
0.305396 0.335644 0.35886 9.9991E-05
0.449968 0.428086 0.047049 0.0748975
0.131787 0.600379 0.267734 9.9991E-05
0.28266 0.630078 0.087162 9.9991E-05
0.172508 0.401035 0.401086 0.0253709
9.9982E-05 0.909806 9.9982E-05 0.0899937
0.0642433 0.889219 9.9991E-05 0.0464382
0.109909 0.811632 0.0783594 9.9991E-05
0.161539 0.604976 0.225676 0.00780935
0.143293 0.388833 0.385335 0.0825399
0.0815619 0.65343 0.264908 9.9991E-05
0.284548 0.595327 0.0934841 0.0266409
0.378277 0.455581 0.0989643 0.0671778
0.207088 0.337594 0.428642 0.0266763
0.102929 0.737854 0.104885 0.0543322
0.112836 0.618164 0.220757 0.0482439
0.0601231 0.717824 0.199113 0.0229405
9.9982E-05 0.899222 9.9982E-05 0.100578
0.143141 0.460148 0.39661 9.9991E-05
0.110646 9.9991E-05 0.1192 0.770054
9.9982E-05 9.9982E-05 0.111819 0.887981
0.0222298 9.9991E-05 0.134867 0.842803
9.9991E-05 0.00706343 0.0770659 0.915771
9.9991E-05 0.0220892 0.105327 0.872484
9.9991E-05 0.0201096 0.0997236 0.880067
9.9982E-05 9.9982E-05 0.0719909 0.927809
0.0853238 0.474714 0.333815 0.106148
0.0838671 0.494312 0.336214 0.0856073
0.137888 0.810381 9.9991E-05 0.0516306
0.150296 0.426603 0.37214 0.0509619
0.166859 0.60053 0.231556 0.00105476
9.9991E-05 0.672315 0.313538 0.0140471
0.0768955 0.606841 0.291497 0.0247662
0.0333247 0.676911 0.289664 9.9991E-05
0.277922 0.659496 9.9991E-05 0.0624823
0.0988924 0.385142 0.386295 0.12967
0.141432 0.433174 0.418095 0.00729977
0.25049 0.290854 0.435632 0.0230232
9.9991E-05 0.828724 0.0950632 0.0761129
0.0328981 0.686941 0.272132 0.00802874
0.0810219 0.645607 0.256533 0.0168376
9.9982E-05 0.781955 0.217845 9.9982E-05
0.178 0.536158 0.236989 0.0488526
0.200121 0.436346 0.326951 0.0365822
0.394813 0.42998 0.140253 0.0349546
0.371331 0.210874 0.317112 0.100683
0.266428 0.37334 0.303714 0.056518
0.16706 0.386674 0.446166 9.9991E-05
0.438675 0.231334 0.329892 9.9991E-05
0.354463 0.276975 0.368462 9.9991E-05
0.427408 0.306516 0.265977 9.9991E-05
0.292639 0.381137 0.326124 9.9991E-05
0.212283 0.42708 0.356354 0.00428297
0.32809 0.321273 0.350537 9.9991E-05
0.389573 0.354164 0.256163 9.9991E-05
0.234923 0.376571 0.388407 9.9991E-05
0.15602 0.356994 0.486886 9.9991E-05
0.272837 0.30785 0.419212 9.9991E-05
0.278512 0.302227 0.352995 0.0662667
0.277858 0.311675 0.410367 9.9991E-05
0.274157 0.367526 0.254156 0.104161
0.280803 0.252445 0.466652 9.9991E-05
0.186032 0.373619 0.440249 9.9991E-05
0.417349 0.356824 0.189726 0.0361012
0.271114 0.509189 0.117306 0.10239
0.327751 0.354601 0.317548 9.9991E-05
0.415266 0.536221 0.0484131 9.9991E-05
0.484758 0.337204 0.149227 0.0288105
0.416766 0.408811 0.174323 9.9991E-05
0.555021 0.25857 0.186308 9.9991E-05
0.534466 0.318672 0.141462 0.00540109
0.270839 0.300067 0.428995 9.9991E-05
0.217445 0.298022 0.439354 0.0451787
0.250557 0.371839 0.377505 9.9991E-05
0.381424 0.432961 0.114716 0.0708993
0.0941582 0.42401 0.374192 0.10764
0.010835 0.615268 0.284554 0.0893432
0.118852 0.6121 9.9991E-05 0.268948
0.069652 0.403472 0.455992 0.0708836
0.0963563 0.564923 0.174961 0.163759
0.134731 0.479041 0.282785 0.103443
0.153906 0.574718 0.0760547 0.195322
0.135234 0.652158 9.9991E-05 0.212508
0.202734 0.518497 0.208837 0.0699323
0.116551 0.485662 0.289561 0.108226
0.0392227 0.530983 0.269739 0.160056
0.0352017 0.635674 0.0682844 0.26084
0.250036 0.33019 0.373903 0.0458714
0.236682 0.663669 0.099549 9.9991E-05
0.118791 0.633007 0.248102 9.9991E-05
0.0721981 0.336272 0.442865 0.148664
0.033122 0.24196 0.317947 0.406971
9.9991E-05 0.164286 0.069221 0.766393
9.9991E-05 0.21983 0.0937931 0.686276
0.0388643 0.0873125 0.356891 0.516933
0.0623542 0.564066 0.37348 9.9991E-05
0.14391 0.392079 0.40007 0.0639405
0.0305001 0.0445638 0.923379 0.00155756
0.0488657 0.192464 0.704699 0.0539708
0.215841 0.0620791 0.616839 0.105241
0.01111 0.735321 0.113064 0.140506
0.150003 0.445763 0.370901 0.0333332
9.9991E-05 0.842386 0.0272109 0.130304
0.0768603 0.59106 0.33198 9.9991E-05
0.0913111 0.633846 0.245194 0.029649
0.0423174 0.575405 0.362253 0.0200239
0.0257242 0.812358 0.0311327 0.130786
0.0900079 0.46418 0.445712 9.9991E-05
0.0710412 0.472655 0.359776 0.0965279
9.9982E-05 9.9982E-05 0.885564 0.114236
9.9982E-05 9.9982E-05 0.913539 0.0862613
0.0674605 0.0711801 0.721217 0.140142
0.0918342 0.0110317 0.875529 0.0216049
9.9982E-05 9.9982E-05 0.918002 0.0817983
9.9982E-05 9.9982E-05 0.934465 0.065335
9.9982E-05 9.9982E-05 0.912614 0.0871863
9.9982E-05 9.9982E-05 0.992545 0.00725502
9.9982E-05 9.9982E-05 0.926127 0.0736729
9.9982E-05 9.9982E-05 0.941196 0.0586037
9.9982E-05 9.9982E-05 0.930155 0.0696452
9.9982E-05 9.9982E-05 0.852947 0.146853
9.9982E-05 9.9982E-05 0.870202 0.129598
9.9982E-05 9.9982E-05 0.918717 0.0810827
0.197541 0.140344 0.641586 0.0205292
0.0139794 0.0416932 0.782196 0.162132
9.9982E-05 9.9982E-05 0.865258 0.134542
9.9982E-05 9.9982E-05 0.913042 0.0867585
9.9982E-05 9.9982E-05 0.913338 0.0864618
9.9982E-05 9.9982E-05 0.870742 0.129058
9.9982E-05 9.9982E-05 0.905267 0.0945334
0.0697983 0.019472 0.775631 0.135098
9.9982E-05 9.9982E-05 0.882418 0.117382
9.9982E-05 0.503727 9.9982E-05 0.496073
0.137903 0.373699 0.277039 0.211359
0.0416526 0.432202 0.256402 0.269744
9.9991E-05 0.479212 0.140342 0.380346
0.124548 0.373723 0.374975 0.126755
9.9991E-05 0.432722 0.189012 0.378166
0.0728956 0.387343 0.364179 0.175581
0.0151765 0.451955 0.324136 0.208733
9.9991E-05 0.392555 0.368793 0.238552
9.9991E-05 0.397392 0.409791 0.192717
0.107818 0.314418 0.37211 0.205654
0.0996562 9.9991E-05 0.0397775 0.860466
9.9982E-05 9.9982E-05 0.0587675 0.941033
0.0570634 9.9991E-05 0.0151947 0.927642
0.0438933 9.9991E-05 0.0108152 0.945191
0.072528 9.9991E-05 0.0659738 0.861398
9.9982E-05 9.9982E-05 0.0709832 0.928817
9.9982E-05 9.9982E-05 0.0985627 0.901237
0.0463465 0.0192881 0.0312693 0.903096
0.00222156 9.9991E-05 0.0697897 0.927889
9.9982E-05 9.9982E-05 0.118932 0.880868
0.293056 0.0703306 9.9991E-05 0.636513
0.388874 9.9982E-05 9.9982E-05 0.610926
0.34751 0.0727277 9.9991E-05 0.579662
0.30303 0.145382 9.9991E-05 0.551488
0.212633 0.463813 0.309148 0.0144049
0.14175 0.517674 0.340476 9.9991E-05
0.285406 0.410837 0.303656 9.9991E-05
0.293433 0.504717 0.20175 9.9991E-05
0.65332 0.271698 0.0748816 9.9991E-05
0.112439 0.476366 0.411095 9.9991E-05
0.146991 0.482215 0.370695 9.9991E-05
0.103098 0.614613 0.282189 9.9991E-05
0.0173633 0.786674 0.195863 9.9991E-05
0.241971 0.373692 0.384237 9.9991E-05
0.194448 0.574761 0.23069 9.9991E-05
0.1721 0.806301 9.9991E-05 0.0214988
0.284124 0.352598 0.308 0.0552781
0.0142968 0.840616 0.102504 0.0425833
0.0744836 0.655302 0.270114 9.9991E-05
0.251108 0.696633 9.9991E-05 0.0521597
0.841365 0.0475572 9.9991E-05 0.110978
0.809005 0.0822506 9.9991E-05 0.108644
0.901572 0.0262791 9.9991E-05 0.0720485
0.887383 0.0210121 9.9991E-05 0.0915052
0.929591 0.0228433 0.034946 0.0126199
0.866623 9.9991E-05 0.0746421 0.0586351
9.9982E-05 9.9982E-05 0.141802 0.857998
0.119957 9.9991E-05 0.0988612 0.781081
0.0036766 9.9991E-05 0.182661 0.813562
0.0789269 9.9991E-05 0.150431 0.770542
0.0600884 9.9991E-05 0.141667 0.798145
0.634374 9.9982E-05 9.9982E-05 0.365426
0.489353 0.0210864 9.9991E-05 0.489461
0.528022 0.0382203 9.9991E-05 0.433658
0.0742463 9.9991E-05 0.157794 0.76786
0.548367 0.0475139 9.9991E-05 0.404019
9.9991E-05 0.199983 0.517202 0.282715
0.145173 0.204386 0.542026 0.108415
0.0689209 0.13641 0.666881 0.127788
0.044974 0.256165 0.420425 0.278436
0.142835 0.268081 0.401559 0.187524
9.9991E-05 0.102839 0.276595 0.620466
0.44606 0.339458 0.214382 9.9991E-05
0.26965 0.524338 0.178613 0.0273986
0.660216 0.191425 0.142232 0.00612639
0.199608 0.577488 0.222804 9.9991E-05
0.17709 0.743223 9.9991E-05 0.0795872
0.138869 0.318562 0.387963 0.154606
0.241603 0.479152 0.258498 0.020747
0.529043 0.306004 0.160395 0.00455915
0.104934 0.408259 0.352341 0.134466
0.239303 0.674356 9.9991E-05 0.0862414
0.251394 0.445931 0.302575 9.9991E-05
0.247897 0.403254 0.348749 9.9991E-05
0.0764062 0.337638 0.373797 0.212159
0.252002 0.54564 0.202258 9.9991E-05
0.303554 0.42307 0.273276 9.9991E-05
0.175806 0.455131 0.36676 0.00230323
0.175676 0.553036 0.271189 9.9991E-05
0.206125 0.352976 0.423054 0.0178453
0.153092 0.369227 0.404968 0.0727131
0.24802 0.367298 0.384576 0.000105046
9.9982E-05 9.9982E-05 0.204534 0.795266
9.9991E-05 0.0107859 0.143852 0.845262
0.0905633 0.0460654 0.0572763 0.806095
0.0278033 0.0212353 0.0956977 0.855264
9.9991E-05 0.026284 0.133854 0.839762
0.692741 0.152615 0.132792 0.0218516
0.22185 0.388365 0.361729 0.0280571
0.0215572 0.368111 0.418749 0.191583
0.217072 0.330466 0.452362 9.9991E-05
0.343763 0.310173 0.345963 9.9991E-05
0.442759 0.343418 0.18294 0.030883
0.649877 0.200581 9.9991E-05 0.149442
0.341826 0.281929 0.364362 0.0118835
0.586034 0.227221 0.0905555 0.0961894
0.261651 0.362623 0.32709 0.0486352
0.63588 0.156847 0.0598726 0.147401
0.25646 0.271969 0.375758 0.0958127
0.575311 0.223066 0.1028 0.0988227
0.334251 0.396702 0.268947 9.9991E-05
0.195576 0.384043 0.303809 0.116573
0.179542 0.567541 0.118788 0.134129
0.133555 0.470037 0.32452 0.0718878
0.131036 0.378867 0.389822 0.100276
0.118542 0.690913 0.128077 0.0624681
0.0821306 0.527918 0.279486 0.110465
0.117956 0.610466 0.25901 0.0125674
0.126158 0.828605 9.9991E-05 0.0451364
0.0295667 0.843967 0.0202766 0.10619
0.0994156 0.609801 0.248841 0.0419423
0.109602 0.770011 9.9991E-05 0.120287
0.16942 0.661218 0.16874 0.000621163
0.684122 0.227991 0.0877873 9.9991E-05
0.367712 0.527488 0.1047 9.9991E-05
0.481921 0.272718 0.245261 9.9991E-05
0.267332 0.307649 0.424918 9.9991E-05
0.487183 0.437466 0.0752507 9.9991E-05
0.21346 0.340183 0.365667 0.0806903
0.350945 0.277526 0.371429 9.9991E-05
0.311916 0.412753 0.275231 9.9991E-05
0.287776 0.322989 0.389135 9.9991E-05
0.364345 0.322711 0.297903 0.0150416
0.619309 0.201798 0.178793 9.9991E-05
0.470422 0.239081 0.290397 9.9991E-05
0.258742 0.328387 0.412771 9.9991E-05
0.251995 0.328411 0.419494 9.9991E-05
0.293906 0.431866 0.244458 0.02977
0.364171 0.338631 0.297098 9.9991E-05
0.528868 0.175398 0.253817 0.0419177
0.352742 0.26731 0.379847 9.9991E-05
0.324382 0.279257 0.396261 9.9991E-05
0.179416 0.342704 0.456817 0.0210631
9.9991E-05 0.250591 0.395161 0.354148
0.00229532 0.382384 0.496893 0.118428
0.203466 0.283716 0.453654 0.0591649
0.199249 0.352514 0.448137 9.9991E-05
9.9991E-05 0.331311 0.5119 0.156689
0.220111 0.495991 0.283798 9.9991E-05
0.0958759 0.290967 0.435982 0.177175
9.9991E-05 0.523138 0.0624115 0.41435
0.162555 0.290408 0.476151 0.0708867
0.0607864 0.359592 0.478574 0.101047
0.0395924 0.374334 0.512255 0.0738186
0.0870933 0.406881 0.294079 0.211946
0.087 0.260925 0.510854 0.141221
0.0820458 0.335071 0.505747 0.0771363
9.9991E-05 0.241996 0.105082 0.652821
0.0920034 0.271762 0.485459 0.150775
0.144809 0.159552 0.578464 0.117175
0.0780024 0.388709 0.461511 0.0717775
0.0590781 0.214458 0.590724 0.135739
0.0965628 0.362225 0.429654 0.111558
0.098253 0.564091 0.298632 0.0390243
0.103087 0.428358 0.374331 0.0942236
0.145915 0.832464 9.9991E-05 0.0215214
0.0829883 0.787065 9.9991E-05 0.129846
0.153986 0.474792 0.365639 0.00558335
0.0773936 0.162928 0.606024 0.153654
9.9991E-05 0.314382 0.539224 0.146294
0.0182554 0.266914 0.411226 0.303604
9.9991E-05 0.274895 0.510683 0.214321
9.9991E-05 0.67773 0.0889787 0.233191
9.9991E-05 0.637901 0.144831 0.217168
9.9982E-05 0.558506 0.441294 9.9982E-05
9.9991E-05 0.52933 0.385289 0.0852804
9.9991E-05 0.670543 0.199558 0.129799
0.0945563 0.43502 0.46778 0.0026438
0.134034 0.438107 0.427759 9.9991E-05
0.10623 0.370668 0.412886 0.110217
0.165128 0.70937 0.106168 0.0193338
0.050682 0.725689 0.200444 0.0231857
0.199961 0.425774 0.32874 0.0455251
0.202273 0.532295 0.235986 0.0294455
0.147327 0.491699 0.294342 0.066633
0.0397278 0.696201 0.263971 9.9991E-05
0.125994 0.777384 0.0714381 0.0251831
9.9991E-05 0.576654 0.379145 0.0441007
0.0687982 0.779574 0.116816 0.0348125
0.039799 0.721495 0.173205 0.0655012
0.0999571 0.473903 0.421728 0.00441112
0.0982082 0.602826 0.27697 0.0219954
0.0184813 0.356515 0.47236 0.152644
0.0692128 0.338527 0.416178 0.176082
0.00732382 0.333253 0.46823 0.191193
0.0740772 0.253878 0.45986 0.212185
0.208188 0.187262 0.435336 0.169214
0.0805656 0.353861 0.443049 0.122525
0.00778043 0.557125 0.0740904 0.361004
0.13422 0.277574 0.588105 9.9991E-05
9.9991E-05 0.33684 0.0868259 0.576234
0.0559716 0.39833 0.545599 9.9991E-05
9.9982E-05 0.942113 9.9982E-05 0.057687
0.0164833 0.875148 9.9991E-05 0.108269
0.038628 0.70483 0.256442 9.9991E-05
0.0859618 0.521673 0.392265 9.9991E-05
0.0768125 0.770647 0.152441 9.9991E-05
0.0302789 0.640627 0.318896 0.0101977
0.0382346 0.638526 0.323139 9.9991E-05
0.0184306 0.0743872 0.109584 0.797599
0.179853 9.9991E-05 0.0860739 0.733973
0.0504331 9.9991E-05 0.0664724 0.882994
9.9982E-05 9.9982E-05 0.0559451 0.943855
0.145321 0.579266 0.275314 9.9991E-05
0.111769 0.605693 0.270811 0.0117275
0.0534761 0.684231 0.262193 9.9991E-05
0.212536 0.418077 0.369288 9.9991E-05
0.105519 0.508044 0.334447 0.0519888
0.168277 0.734934 0.0242477 0.0725417
0.0593142 0.572827 0.367759 9.9991E-05
9.9982E-05 0.854217 0.145583 9.9982E-05
0.080904 0.206872 0.49518 0.217044
0.114342 0.642937 0.242621 9.9991E-05
0.20425 0.631057 0.164594 9.9991E-05
0.0543423 0.634062 0.311495 9.9991E-05
0.14115 0.687065 0.171685 9.9991E-05
9.9982E-05 0.649226 0.350574 9.9982E-05
0.0712329 0.530292 0.367406 0.0310692
9.998E-05 0.9997 9.998E-05 9.998E-05
0.0102286 0.839591 0.0800559 0.070125
0.110982 0.736184 0.152734 9.9991E-05
9.9982E-05 0.970342 9.9982E-05 0.0294578
0.166364 0.551836 0.246428 0.0353723
9.9982E-05 0.939214 9.9982E-05 0.0605864
9.9982E-05 0.884663 9.9982E-05 0.115137
0.0844811 0.541887 0.373532 9.9991E-05
0.182077 0.705821 0.0633132 0.0487887
0.127546 0.572125 0.298229 0.00209951
0.157244 0.469566 0.355779 0.017411
0.127115 0.566614 0.306171 9.9991E-05
0.340904 0.416952 0.242045 9.9991E-05
0.178361 0.504488 0.317051 9.9991E-05
0.170112 0.518542 0.311246 9.9991E-05
9.9982E-05 0.889334 0.110466 9.9982E-05
0.037566 0.532417 0.393931 0.0360858
0.307985 0.0197445 9.9991E-05 0.67217
0.0690323 0.0990987 0.0375369 0.794332
0.104818 0.0543282 9.9991E-05 0.840754
0.159461 0.000350871 9.9991E-05 0.840088
0.230057 0.0225869 9.9991E-05 0.747257
0.238239 0.656458 0.0583732 0.0469305
0.149874 0.734931 9.9991E-05 0.115095
9.9982E-05 0.956724 0.0430763 9.9982E-05
0.0984563 0.395999 0.444772 0.0607734
0.304808 0.284769 0.378858 0.0315642
9.9991E-05 0.775877 0.150682 0.0733413
0.0138568 0.595484 0.390559 9.9991E-05
0.0372811 0.723098 0.239521 9.9991E-05
0.153479 0.53481 0.31161 9.9991E-05
0.156678 0.463086 0.380136 9.9991E-05
0.187962 0.694402 0.117536 9.9991E-05
0.158483 0.687509 0.153908 9.9991E-05
0.253908 0.587604 0.158388 9.9991E-05
0.126376 0.479064 0.322022 0.0725386
0.133607 0.650943 0.209272 0.00617797
0.110879 0.634783 0.254238 9.9991E-05
0.08573 0.255503 0.568067 0.0907002
0.0224611 0.146919 0.667808 0.162812
9.9991E-05 0.175376 0.75982 0.0647037
9.9991E-05 0.141469 0.656713 0.201717
0.0715553 0.233976 0.577474 0.116995
0.00706909 0.69646 0.26955 0.0269211
9.9982E-05 9.9982E-05 0.653222 0.346578
9.9991E-05 0.077258 0.714868 0.207774
0.0461204 0.433392 0.361676 0.158812
0.115111 0.479972 0.319782 0.0851353
0.180407 0.385697 0.319252 0.114644
0.15752 0.392262 0.373677 0.0765411
0.129847 0.429026 0.384154 0.0569727
9.9991E-05 0.00871637 0.733918 0.257266
0.101564 0.154235 0.646411 0.0977901
9.9991E-05 0.146648 0.744067 0.109185
0.0930191 0.261956 0.618068 0.0269571
0.00699609 0.121501 0.713354 0.158149
0.106703 0.222419 0.566532 0.104347
9.9991E-05 0.0607597 0.713808 0.225332
0.111446 0.163669 0.658632 0.0662521
0.0805708 0.53683 0.304676 0.0779235
0.095214 0.168455 0.560882 0.17545
9.9982E-05 9.9982E-05 0.752365 0.247435
0.0642479 0.171115 0.656977 0.107661
0.27565 0.446019 0.0843113 0.19402
0.150629 0.440239 0.409032 9.9991E-05
0.0628651 0.23662 0.552967 0.147548
0.183452 0.340357 0.427167 0.0490245
0.23536 0.326084 0.291294 0.147262
0.0130501 0.370297 0.380503 0.23615
0.0183314 0.309988 0.451721 0.21996
0.120626 0.352067 0.472507 0.0548001
0.0238318 0.262168 0.613441 0.100559
9.9991E-05 0.172442 0.724153 0.103304
9.9991E-05 0.00245935 0.720713 0.276727
0.14924 0.315619 0.49938 0.0357604
0.118712 0.528343 0.249833 0.103113
9.9991E-05 0.696425 0.0530221 0.250453
0.152548 0.385938 0.419694 0.0418198
0.340337 0.285624 0.275793 0.0982463
0.0587851 0.364536 0.402585 0.174093
0.210071 0.368997 0.327721 0.0932114
9.9991E-05 0.356009 0.103118 0.540774
9.9991E-05 0.400989 0.0471031 0.551808
0.10208 0.457481 0.286355 0.154084
9.9991E-05 0.318074 0.202482 0.479343
9.9991E-05 0.253936 0.1524 0.593564
0.0541528 0.441381 0.291654 0.212812
9.9991E-05 0.44544 0.341323 0.213137
9.9991E-05 0.354525 0.270451 0.374924
9.9991E-05 0.332085 0.202376 0.465439
0.00930885 0.428529 0.346851 0.215312
9.9991E-05 0.532726 0.0962521 0.370922
9.9991E-05 0.316116 0.0234942 0.660289
0.158525 0.282048 0.46465 0.0947771
9.9991E-05 0.378876 0.394828 0.226197
0.0662792 0.187282 0.438001 0.308438
0.0585116 0.149244 0.635254 0.15699
0.0558214 0.251175 0.538328 0.154676
0.0698643 0.244727 0.531462 0.153947
0.0936201 0.131616 0.454426 0.320338
0.0339001 0.227118 0.54525 0.193732
0.124003 0.186821 0.516111 0.173065
0.050355 0.234804 0.399124 0.315717
0.101302 0.371093 0.297073 0.230532
0.123854 0.253133 0.474335 0.148678
0.205483 0.231103 0.482773 0.0806411
0.0907414 0.41675 0.445997 0.0465114
0.038333 0.134298 0.542925 0.284444
0.0854896 0.244136 0.478865 0.191509
9.9991E-05 0.264308 0.277983 0.457609
0.119097 0.148107 0.608156 0.12464
9.9991E-05 0.191835 0.457978 0.350087
0.13141 0.0379733 9.9991E-05 0.830517
0.827743 0.043023 0.0460921 0.0831415
0.978307 9.9982E-05 9.9982E-05 0.0214927
0.9997 9.998E-05 9.998E-05 9.998E-05
0.9997 9.998E-05 9.998E-05 9.998E-05
0.981279 9.9991E-05 0.00522284 0.0133979
0.982376 9.9991E-05 0.00741591 0.0101077
0.956903 9.9982E-05 9.9982E-05 0.042897
0.868038 9.9982E-05 9.9982E-05 0.131762
0.0331795 9.9991E-05 0.0735114 0.893209
0.129862 9.9991E-05 0.0651384 0.804899
9.9982E-05 9.9982E-05 0.0974398 0.90236
0.136319 9.9991E-05 0.0302721 0.833309
9.9991E-05 0.000622581 0.0956823 0.903595
0.0641148 9.9982E-05 9.9982E-05 0.935685
0.0855363 9.9991E-05 0.178305 0.736059
9.9982E-05 9.9982E-05 0.120534 0.879266
0.1831 0.0154311 0.090229 0.71124
9.9982E-05 9.9982E-05 0.0515459 0.948254
0.0342103 9.9982E-05 9.9982E-05 0.96559
0.0539653 9.9991E-05 0.0725729 0.873362
0.0336512 9.9991E-05 0.0263907 0.939858
9.9982E-05 9.9982E-05 0.087173 0.912627
0.00546082 9.9991E-05 0.135084 0.859355
9.9982E-05 9.9982E-05 0.158453 0.841347
9.9982E-05 9.9982E-05 0.212506 0.787294
9.9982E-05 9.9982E-05 0.236888 0.762912
9.9991E-05 0.00823037 0.166635 0.825035
0.162512 0.393092 0.274813 0.169583
0.109313 0.484967 0.396282 0.0094379
0.128058 0.33822 0.390634 0.143089
9.9982E-05 0.777858 9.9982E-05 0.221942
0.186528 0.389413 0.336462 0.0875969
9.9991E-05 0.654057 0.0198638 0.325979
0.0271672 0.449151 0.415699 0.107983
0.215897 0.53001 0.144846 0.109248
0.132946 0.469276 0.289682 0.108096
0.143301 0.581751 0.250368 0.0245803
0.177116 0.454076 0.286809 0.0819988
0.0137283 0.575005 0.365179 0.0460879
0.217851 0.402507 0.344897 0.034745
0.431441 0.481328 0.0378951 0.0493357
0.0266638 0.768312 9.9991E-05 0.204924
0.0267732 0.752038 9.9991E-05 0.221089
0.148672 0.390339 0.418539 0.0424507
0.128066 0.480929 0.275721 0.115284
9.9991E-05 0.602514 0.247335 0.150051
0.091669 0.443661 0.388517 0.0761525
0.012652 0.343038 0.436646 0.207664
0.129833 0.207192 0.577302 0.0856731
0.162766 0.118482 0.291351 0.427402
0.154958 0.344941 0.406154 0.0939477
0.132804 0.268102 0.419355 0.179739
9.9991E-05 0.293695 0.104654 0.601551
9.9991E-05 0.344087 0.404705 0.251108
0.148319 0.162967 0.364339 0.324375
0.177145 0.190344 0.351772 0.280738
0.230345 0.151882 0.525273 0.0925004
0.117451 0.24498 0.431418 0.206151
9.9991E-05 0.362904 0.44049 0.196506
0.0640944 0.372224 0.354056 0.209625
0.0574026 0.119774 0.358559 0.464265
