0.0874334 0.912467 9.9991E-05
0.0253191 0.959918 0.0147625
0.176451 0.823449 9.9991E-05
0.185447 0.814453 9.9991E-05
0.150418 0.849482 9.9991E-05
0.117002 0.700616 0.182382
0.0731229 0.906719 0.0201579
0.0877077 0.834082 0.0782103
9.9991E-05 0.916203 0.0836968
0.164144 0.74564 0.0902154
0.0439537 0.812129 0.143918
0.125892 0.0906813 0.783427
0.347042 0.0273367 0.625622
0.14595 0.193203 0.660847
0.313807 0.122476 0.563717
0.364529 0.158299 0.477171
0.456787 9.9991E-05 0.543113
0.305719 0.062131 0.63215
0.23702 0.174484 0.588496
9.9991E-05 0.289909 0.709991
0.258001 0.0837905 0.658209
0.319285 0.0566778 0.624037
0.392838 0.0163524 0.59081
0.197381 0.100023 0.702596
0.45022 0.0902641 0.459516
0.386875 0.0329254 0.5802
0.151163 0.163584 0.685253
0.26343 0.117835 0.618735
0.112146 0.161207 0.726648
0.231696 0.768204 9.9991E-05
0.219795 0.780105 9.9991E-05
0.209586 0.773294 0.01712
0.252648 0.747252 9.9991E-05
0.335791 0.0453033 0.618905
0.33161 0.0731076 0.595282
0.324067 9.9991E-05 0.675833
9.9991E-05 0.247271 0.752629
0.22225 9.9991E-05 0.77765
0.332189 9.9991E-05 0.667711
0.40366 9.9991E-05 0.59624
0.35242 0.0563915 0.591188
0.436979 0.0851445 0.477877
0.0616048 0.0536546 0.884741
0.376988 0.0160795 0.606933
0.450139 9.9991E-05 0.549761
0.432217 0.098617 0.469167
0.15734 9.9991E-05 0.84256
0.428407 9.9991E-05 0.571493
0.394022 0.0680187 0.53796
9.9991E-05 0.195782 0.804118
0.0257908 0.111569 0.86264
0.021843 0.144509 0.833648
0.354345 0.0136981 0.631957
0.458231 0.042881 0.498888
0.405138 0.0261824 0.568679
0.0230561 0.250232 0.726712
0.294161 0.00844922 0.69739
0.468439 0.0304597 0.501101
0.203546 0.179371 0.617083
0.0352043 0.363656 0.601139
0.339506 0.0210101 0.639484
0.304663 0.0346923 0.660644
9.9991E-05 0.177044 0.822856
0.279909 0.000506919 0.719584
0.516692 9.9991E-05 0.483208
0.429821 9.9991E-05 0.570079
0.190441 0.102604 0.706956
0.331704 9.9991E-05 0.668196
0.434085 0.0321719 0.533743
0.0212268 0.144107 0.834667
0.311079 9.9991E-05 0.688821
0.0808671 9.9991E-05 0.919033
0.321548 0.0116674 0.666784
9.9991E-05 0.0341749 0.965725
9.9991E-05 0.0494378 0.950462
0.13704 9.9991E-05 0.86286
0.250872 9.9991E-05 0.749028
0.301819 0.0538976 0.644284
0.239653 0.0152063 0.745141
0.103591 0.0761189 0.82029
0.113251 0.0803475 0.806402
0.403636 0.02192 0.574444
0.187007 0.0228247 0.790169
0.268375 9.9991E-05 0.731525
0.174656 0.000116639 0.825227
9.9991E-05 0.0836044 0.916296
0.394884 9.9991E-05 0.605016
0.184403 0.808689 0.00690826
0.12447 0.87543 9.9991E-05
0.176338 0.823562 9.9991E-05
0.116424 0.883476 9.9991E-05
0.151264 0.842466 0.00627025
0.146114 0.853786 9.9991E-05
0.107809 0.892091 9.9991E-05
0.360984 0.0697097 0.569306
0.450885 0.0363888 0.512726
9.9991E-05 0.0693813 0.930519
0.439857 0.0745475 0.485595
0.223649 9.9991E-05 0.776251
0.407609 9.9991E-05 0.592291
0.353531 9.9991E-05 0.646369
0.305134 9.9991E-05 0.694766
9.9991E-05 0.114843 0.885057
0.418986 0.146574 0.434439
0.389865 0.0648086 0.545326
0.389312 0.0897678 0.52092
0.176152 0.0314181 0.79243
0.314316 9.9991E-05 0.685584
0.219264 0.0104358 0.7703
0.244389 9.9991E-05 0.755511
0.272271 0.0225691 0.70516
0.357462 0.0638952 0.578643
0.136939 0.103902 0.75916
0.286236 0.143837 0.569927
0.425032 0.0585039 0.516464
0.444275 0.0448044 0.510921
0.25566 0.0853142 0.659026
0.350644 0.0394678 0.609888
0.224882 0.0676258 0.707492
0.323841 0.0473407 0.628818
0.359008 0.0391573 0.601834
0.310371 0.0131458 0.676484
0.273113 0.00486378 0.722024
0.47138 9.9991E-05 0.52852
0.442634 0.0776895 0.479676
0.398819 9.9991E-05 0.601081
0.467144 0.0253311 0.507525
0.370326 0.0182926 0.611381
0.213825 0.14235 0.643825
0.409051 9.9991E-05 0.590849
0.401374 9.9991E-05 0.598526
0.198112 0.161358 0.64053
0.0622936 0.17999 0.757716
0.41044 0.0431738 0.546387
0.0370285 0.0985995 0.864372
0.112303 0.155197 0.7325
0.217267 0.0168138 0.765919
0.124183 0.101284 0.774533
0.110011 0.108245 0.781744
0.430877 9.9991E-05 0.569023
0.420217 0.0703148 0.509469
0.3556 0.0492833 0.595117
0.0774745 0.0986305 0.823895
0.339756 0.110593 0.54965
0.341264 0.0798196 0.578916
9.9991E-05 0.285624 0.714276
0.395207 0.0699783 0.534815
0.205868 0.125026 0.669106
0.415133 0.0404846 0.544382
0.158342 0.150553 0.691104
0.0124837 0.234859 0.752657
0.217842 0.0556063 0.726552
0.255828 0.156899 0.587273
0.296245 0.114679 0.589076
0.128172 0.233507 0.638321
0.428484 9.9991E-05 0.571416
0.130051 9.9991E-05 0.869849
0.268279 9.9991E-05 0.731621
0.35105 0.0375484 0.611401
0.379538 0.401165 0.219297
0.175085 0.764191 0.0607239
0.115634 0.721206 0.16316
0.433786 0.506294 0.0599205
0.379123 9.9991E-05 0.620777
0.352978 0.0212758 0.625746
0.863696 9.9991E-05 0.136204
0.591231 0.0612131 0.347556
0.559701 0.125547 0.314752
0.159128 0.0965496 0.744322
0.328808 9.9991E-05 0.671092
0.0850913 0.103981 0.810927
0.340792 9.9991E-05 0.659108
0.261784 9.9991E-05 0.738116
0.411486 0.0128552 0.575658
0.094515 0.107683 0.797802
0.51607 9.9991E-05 0.48383
0.377364 0.0851302 0.537506
0.953283 0.0466172 9.9991E-05
0.961712 0.0381879 9.9991E-05
0.787403 0.0874618 0.125135
0.900663 0.0430501 0.0562866
0.953374 0.0465264 9.9991E-05
0.939785 0.0601151 9.9991E-05
0.942981 0.0569185 9.9991E-05
0.9998 9.999E-05 9.999E-05
0.964761 0.0351394 9.9991E-05
0.944909 0.0549905 9.9991E-05
0.9439 0.0559998 9.9991E-05
0.876424 0.123476 9.9991E-05
0.873543 0.126357 9.9991E-05
0.934269 0.0656313 9.9991E-05
0.594416 0.0481602 0.357424
0.765637 0.0988206 0.135543
0.884532 0.0692679 0.0462005
0.919558 0.0803418 9.9991E-05
0.95558 0.0443196 9.9991E-05
0.930576 0.0693242 9.9991E-05
0.934252 0.0656479 9.9991E-05
0.774674 0.102901 0.122425
0.883237 0.116663 9.9991E-05
0.0259838 0.5162 0.457816
0.285838 0.275578 0.438583
0.30494 0.252074 0.442986
0.246669 0.343827 0.409503
0.358318 0.191531 0.45015
0.253927 0.326067 0.420006
0.362491 0.155199 0.48231
0.38576 0.170718 0.443522
0.382013 0.142175 0.475813
0.438974 0.204742 0.356284
0.411899 0.116782 0.471319
0.120615 0.831058 0.0483271
0.100049 0.899851 9.9991E-05
0.0354656 0.964434 9.9991E-05
0.0873168 0.912583 9.9991E-05
0.0977917 0.902108 9.9991E-05
0.115132 0.884768 9.9991E-05
0.159578 0.840322 9.9991E-05
0.075372 0.893282 0.0313459
0.103323 0.896577 9.9991E-05
0.151857 0.848043 9.9991E-05
9.9991E-05 0.736559 0.263341
9.9991E-05 0.69914 0.30076
9.9991E-05 0.653576 0.346324
9.9991E-05 0.638566 0.361334
0.297585 0.0381349 0.66428
0.291135 9.9991E-05 0.708765
0.364554 9.9991E-05 0.635346
0.192253 0.0593467 0.748401
0.0190735 0.143421 0.837505
0.448538 9.9991E-05 0.551362
0.351224 9.9991E-05 0.648676
0.335688 9.9991E-05 0.664212
0.22648 9.9991E-05 0.77342
0.446558 9.9991E-05 0.553342
0.185427 9.9991E-05 0.814473
9.9991E-05 0.0286709 0.971229
0.292245 0.045542 0.662213
0.140718 0.00818166 0.8511
0.282225 9.9991E-05 0.717675
0.0102757 0.110412 0.879312
9.9991E-05 0.355239 0.644661
9.9991E-05 0.316556 0.683344
9.9991E-05 0.271891 0.728009
9.9991E-05 0.309551 0.690349
9.9991E-05 0.240232 0.759668
9.9991E-05 0.311639 0.688261
0.179043 0.820857 9.9991E-05
0.163188 0.836712 9.9991E-05
0.24296 0.75694 9.9991E-05
0.224253 0.770397 0.0053499
0.179207 0.820693 9.9991E-05
9.9991E-05 0.601507 0.398393
9.9991E-05 0.632471 0.367429
9.9991E-05 0.581447 0.418453
0.216125 0.783775 9.9991E-05
9.9991E-05 0.552566 0.447334
0.541746 0.264347 0.193908
0.56009 0.0634683 0.376441
0.689155 0.0871819 0.223663
0.488965 0.262527 0.248507
0.413807 0.204302 0.381891
0.352543 0.58848 0.0589762
0.192766 0.0587363 0.748498
0.194217 0.0567255 0.749058
0.112851 0.173793 0.713357
0.263187 9.9991E-05 0.736713
9.9991E-05 0.133756 0.866144
0.36303 0.105415 0.531555
0.283798 0.0409563 0.675245
0.0836449 0.158401 0.757954
0.375552 0.0932679 0.53118
9.9991E-05 0.119023 0.880877
0.315304 0.0453751 0.639321
0.313678 9.9991E-05 0.686222
0.471851 0.128667 0.399482
0.212756 0.0102273 0.777017
0.297949 9.9991E-05 0.701951
0.328069 0.0393033 0.632628
0.308075 9.9991E-05 0.691825
0.432073 0.0332214 0.534706
0.447646 0.123449 0.428904
0.359584 0.0442017 0.596214
0.246541 0.753359 9.9991E-05
0.186225 0.812366 0.0014091
0.120478 0.801339 0.0781833
0.149852 0.836588 0.0135598
0.179115 0.820785 9.9991E-05
0.0279282 0.187044 0.785028
0.309785 0.0342997 0.655915
0.425581 0.176893 0.397526
0.408921 9.9991E-05 0.590979
0.312888 0.00168578 0.685427
0.208282 0.112274 0.679444
9.9991E-05 0.297927 0.701973
0.319452 0.0475043 0.633044
0.0293015 0.232733 0.737966
0.330875 0.0271491 0.641976
0.000504116 0.282809 0.716686
0.381135 0.116154 0.502711
0.0847325 0.178523 0.736744
0.221979 0.0993021 0.678719
0.384151 0.0187882 0.597061
0.156434 0.0604552 0.783111
0.385539 0.00620288 0.608259
0.350707 0.0640987 0.585194
0.148636 0.0842823 0.767082
0.337857 0.0482816 0.613861
0.307023 0.0148892 0.678088
9.9991E-05 0.0373144 0.962586
0.0897755 0.0839071 0.826317
0.293933 0.0243452 0.681722
0.00528037 0.117291 0.877429
0.202799 0.0280308 0.76917
9.9991E-05 0.171828 0.828072
0.148807 9.9991E-05 0.851093
0.274915 0.0700385 0.655047
0.427351 9.9991E-05 0.572549
0.068983 0.0484927 0.882524
0.363524 0.0679668 0.568509
0.405433 0.0232906 0.571276
0.385013 0.0204946 0.594493
0.341724 0.00959834 0.648678
0.253693 0.0475902 0.698717
0.150712 0.0615077 0.78778
0.240217 0.0906462 0.669137
0.343789 9.9991E-05 0.656111
0.396321 0.0447999 0.558879
0.194446 0.126414 0.67914
0.370446 9.9991E-05 0.629454
0.228564 0.14557 0.625866
0.376529 9.9991E-05 0.623371
0.365892 9.9991E-05 0.634008
0.312187 0.113452 0.574361
0.414184 0.282462 0.303354
0.572573 0.106361 0.321066
0.440175 0.0823553 0.477469
0.4864 0.0266259 0.486974
0.498838 0.218226 0.282936
0.269681 9.9991E-05 0.730219
0.49909 0.114229 0.38668
0.146874 0.382926 0.4702
0.473312 0.0855821 0.441106
0.53135 0.0549908 0.413659
0.568158 0.0763091 0.355532
0.303678 0.205597 0.490725
0.520242 0.147099 0.332659
0.611167 0.0130235 0.37581
0.193459 0.660282 0.14626
0.536993 0.198507 0.2645
0.541953 0.117402 0.340646
0.496563 0.0709346 0.432503
0.533089 0.147597 0.319314
0.483011 0.0968105 0.420179
0.336979 0.0200364 0.642985
0.431292 0.0458017 0.522907
9.9991E-05 0.0638088 0.936091
9.9991E-05 0.0766945 0.923205
0.363577 0.0362777 0.600145
0.594728 0.0929449 0.312327
0.570406 0.108939 0.320656
0.432679 0.247855 0.319466
0.475027 0.217818 0.307155
0.157917 0.19262 0.649463
0.227384 0.173881 0.598735
0.437853 9.9991E-05 0.562047
0.440555 0.0405219 0.518923
0.27137 0.111484 0.617146
0.465263 0.0656402 0.469097
0.44248 0.0155906 0.541929
0.457202 0.0524492 0.490349
0.195431 0.0363778 0.768192
0.20605 9.9991E-05 0.79385
0.281701 0.0135462 0.704752
0.263973 0.0749967 0.661031
0.368625 0.0312296 0.600146
0.302135 9.9991E-05 0.697765
0.0714275 9.9991E-05 0.928472
0.419338 9.9991E-05 0.580562
0.0871862 0.0266691 0.886145
0.223783 0.0608252 0.715391
0.393913 0.0520745 0.554013
0.299468 9.9991E-05 0.700432
0.494658 0.163009 0.342333
0.353581 0.165578 0.480841
0.489584 0.194101 0.316315
0.448665 0.178963 0.372372
0.469448 0.16096 0.369591
0.449282 0.0945731 0.456145
0.161665 0.348231 0.490104
0.570279 0.0365848 0.393137
0.180618 0.563377 0.256004
0.534543 0.0344533 0.431004
0.00734149 0.0245269 0.968132
9.9991E-05 0.0937619 0.906138
0.268872 9.9991E-05 0.731028
0.395284 9.9991E-05 0.604616
0.216716 9.9991E-05 0.783184
0.300352 9.9991E-05 0.699548
0.266484 9.9991E-05 0.733416
0.163295 0.810379 0.0263263
0.159993 0.784304 0.055703
0.117573 0.882327 9.9991E-05
0.0911795 0.90872 9.9991E-05
0.309636 0.0157007 0.674664
0.357327 9.9991E-05 0.642573
0.26043 9.9991E-05 0.73947
0.346977 0.0106029 0.64242
0.366912 0.0428663 0.590222
0.128655 0.0669519 0.804393
0.386471 9.9991E-05 0.613429
0.208218 9.9991E-05 0.791682
0.500606 0.261125 0.238269
0.278937 9.9991E-05 0.720963
0.170821 9.9991E-05 0.829079
0.334751 9.9991E-05 0.665149
0.188538 0.00172032 0.809742
0.326184 9.9991E-05 0.673716
0.404153 9.9991E-05 0.595747
0.0260972 9.9991E-05 0.973803
0.125125 0.0316675 0.843207
0.221167 0.0364607 0.742372
9.9991E-05 0.00376087 0.996139
0.290428 0.0265867 0.682986
0.0705438 0.0548709 0.874585
9.9991E-05 0.0567417 0.943158
0.358911 9.9991E-05 0.640989
0.0714037 0.0700287 0.858568
0.30155 9.9991E-05 0.69835
0.492163 0.0162974 0.49154
0.284656 9.9991E-05 0.715244
0.247224 9.9991E-05 0.752676
0.313844 9.9991E-05 0.686056
0.2883 9.9991E-05 0.7116
0.145143 9.9991E-05 0.854757
0.435682 0.0644656 0.499852
9.9991E-05 0.748845 0.251055
0.0967437 0.773483 0.129774
9.9991E-05 0.915535 0.0843647
9.9991E-05 0.893897 0.106003
0.047303 0.779027 0.17367
0.0614524 0.0778527 0.860695
0.0148174 0.106802 0.87838
0.0833781 9.9991E-05 0.916522
0.454322 9.9991E-05 0.545578
0.37411 0.0706879 0.555203
0.246386 0.0137446 0.73987
0.391266 9.9991E-05 0.608634
0.37887 9.9991E-05 0.62103
0.317239 9.9991E-05 0.682661
0.317474 0.00122815 0.681298
0.108739 0.0102544 0.881007
0.154999 9.9991E-05 0.844901
0.137286 9.9991E-05 0.862614
0.395794 0.00135191 0.602854
0.18919 9.9991E-05 0.81071
0.284559 0.0124899 0.702951
0.666902 0.0903149 0.242783
0.696977 0.171006 0.132017
0.765241 0.086331 0.148428
0.700173 0.1216 0.178227
0.604778 0.12233 0.272892
0.313232 9.9991E-05 0.686668
0.693916 0.305984 9.9991E-05
0.742182 0.140438 0.117379
0.435374 0.138216 0.42641
0.305185 0.158481 0.536334
0.289778 0.113751 0.596471
0.36817 0.109039 0.522791
0.351011 0.0890979 0.559891
0.717442 0.251266 0.0312922
0.629437 0.13775 0.232812
0.819181 0.0730005 0.107819
0.637159 0.139685 0.223156
0.74975 0.15602 0.0942302
0.612959 0.139231 0.24781
0.732514 0.181889 0.0855961
0.632357 0.0373023 0.330341
0.337761 0.0609431 0.601296
0.584858 0.17473 0.240411
0.798745 0.201155 9.9991E-05
0.646653 0.0969806 0.256367
0.0973573 0.250499 0.652144
0.439209 9.9991E-05 0.560691
0.652971 0.133193 0.213837
0.414104 0.077352 0.508544
0.317886 0.134043 0.548071
0.548511 0.197438 0.254051
0.529948 0.255686 0.214366
0.43735 0.0789136 0.483736
0.65011 0.171618 0.178272
0.719627 0.12781 0.152563
0.742711 0.234857 0.0224315
0.434911 0.0686471 0.496442
0.263957 0.127645 0.608398
0.153087 0.191659 0.655254
0.384236 0.0328056 0.582958
0.228325 0.192052 0.579623
0.442612 0.193751 0.363637
0.412732 0.0673796 0.519888
0.182292 0.490568 0.32714
0.141407 0.520442 0.33815
0.310195 0.207361 0.482445
0.246581 0.466965 0.286454
0.297351 0.556933 0.145716
0.425644 0.121708 0.452648
0.396893 0.243338 0.359768
0.330159 0.321413 0.348429
0.228892 0.400511 0.370596
0.364207 0.174222 0.461571
0.253342 0.328852 0.417806
0.0885856 0.637589 0.273826
0.501197 0.103444 0.395359
0.494987 0.21889 0.286123
0.425868 0.318277 0.255854
0.645963 0.110147 0.24389
0.527443 0.147724 0.324833
0.552265 0.102753 0.344982
0.470649 0.358605 0.170746
0.500526 0.201674 0.297799
0.587946 0.175052 0.237003
0.477967 0.281629 0.240404
0.266726 0.174104 0.55917
0.407178 0.140915 0.451908
0.50764 0.146933 0.345427
0.452354 0.0503545 0.497292
0.499854 0.334294 0.165852
0.454279 0.207111 0.33861
0.36566 0.450065 0.184275
0.549474 0.138538 0.311988
0.501863 0.318564 0.179574
0.0374858 0.840061 0.122454
9.9991E-05 0.257111 0.742789
9.9991E-05 0.272931 0.726969
9.9991E-05 0.277285 0.722615
9.9991E-05 0.189211 0.810689
9.9991E-05 0.267076 0.732824
9.9991E-05 0.245807 0.754093
9.9991E-05 0.317601 0.682299
9.9991E-05 0.378659 0.621241
0.112666 0.887234 9.9991E-05
0.08304 0.840461 0.0764989
0.108216 0.891684 9.9991E-05
0.0464847 0.843779 0.109737
0.140999 0.858901 9.9991E-05
0.0632203 0.926362 0.0104173
0.232407 0.767493 9.9991E-05
0.141253 0.858647 9.9991E-05
0.139696 0.786546 0.073758
0.118103 0.881797 9.9991E-05
0.0185678 0.981332 9.9991E-05
0.109498 0.868967 0.0215344
0.107579 0.892321 9.9991E-05
0.113147 0.886753 9.9991E-05
0.157818 0.842082 9.9991E-05
0.184398 0.815502 9.9991E-05
0.247393 0.752507 9.9991E-05
0.249308 0.750592 9.9991E-05
0.219565 0.780335 9.9991E-05
0.243126 0.205915 0.55096
0.358587 0.0535247 0.587888
0.417586 0.117942 0.464472
0.0612233 0.210846 0.727931
0.341171 0.120771 0.538058
0.073937 0.259524 0.666539
0.47823 0.0225113 0.499258
0.200403 0.133637 0.66596
0.309161 0.0764832 0.614356
0.314067 9.9991E-05 0.685833
0.253153 0.110057 0.63679
0.30639 0.0217657 0.671845
0.309586 0.0715579 0.618856
9.9991E-05 0.147215 0.852685
9.9991E-05 0.193984 0.805916
0.0509556 0.230072 0.718973
0.483861 0.0702559 0.445883
0.324591 0.0906912 0.584717
0.315548 0.135208 0.549244
0.471723 9.9991E-05 0.528177
0.41421 0.153603 0.432187
0.580498 0.0471702 0.372332
0.230981 0.501428 0.267591
0.437267 0.0791818 0.483552
0.439277 0.213791 0.346932
0.192151 0.572002 0.235847
0.41595 0.280231 0.303819
0.373457 0.349544 0.276999
0.375149 0.296373 0.328479
0.445934 0.104735 0.449331
0.52341 0.192862 0.283728
0.538932 0.0811709 0.379898
0.388115 0.176458 0.435427
0.340076 0.452697 0.207227
