9.9991E-05 0.917 0.0829001
9.999E-05 0.957729 0.0421711
9.999E-05 0.802286 0.197614
9.999E-05 0.833985 0.165915
9.9991E-05 0.860945 0.138955
0.180063 0.670463 0.149473
0.0642888 0.876429 0.0592822
0.160349 0.813189 0.0264619
0.0780156 0.921884 9.9991E-05
0.0749506 0.743067 0.181982
0.179253 0.808862 0.011885
0.763844 0.0933927 0.142764
0.566986 0.0016375 0.431377
0.670148 0.142661 0.187191
0.633547 0.095565 0.270888
0.50688 0.163801 0.329319
0.492025 0.0255816 0.482393
0.679188 0.011099 0.309713
0.567643 0.164826 0.267531
0.740647 0.259253 9.9991E-05
0.6885 0.0433492 0.268151
0.649298 0.0349155 0.315786
0.606533 0.0196242 0.373843
0.753134 0.0771126 0.169753
0.475927 0.0746582 0.449415
0.578497 0.0318118 0.389691
0.680096 0.174298 0.145606
0.598114 0.139619 0.262267
0.753481 0.140412 0.106107
9.9991E-05 0.810082 0.189818
9.9991E-05 0.795335 0.204565
0.0191046 0.769587 0.211309
0.060463 0.729283 0.210254
0.671627 9.9991E-05 0.328273
0.654992 0.049397 0.295611
0.670331 9.9991E-05 0.329569
0.745103 0.254797 9.9991E-05
0.76115 0.0401864 0.198663
0.591795 0.0532699 0.354935
0.568829 9.9991E-05 0.431071
0.598869 0.037886 0.363245
0.605115 0.0811817 0.313704
0.887894 0.0628158 0.0492901
0.550152 0.0249911 0.424857
0.563957 0.0269552 0.409088
0.444823 0.0841683 0.471009
0.852907 9.9991E-05 0.146993
0.574075 9.9991E-05 0.425825
0.54321 0.0456142 0.411176
0.824062 0.175838 9.9991E-05
0.863486 0.0878222 0.0486917
0.797018 0.166115 0.0368672
0.578481 0.0404984 0.381021
0.524859 0.0420899 0.433051
0.497657 0.094348 0.407995
0.754852 0.199097 0.0460513
0.659765 9.9991E-05 0.340135
0.499025 0.0739088 0.427066
0.637381 0.150548 0.212071
0.622555 0.325082 0.0523636
0.568749 0.0816555 0.349596
0.646063 0.108351 0.245586
0.825424 0.174476 9.9991E-05
0.723975 9.9991E-05 0.275925
0.541136 0.00177683 0.457087
0.540401 0.0366822 0.422917
0.751773 0.11306 0.135167
0.713574 0.0128756 0.27355
0.560647 0.0783789 0.360974
0.842309 0.155344 0.00234694
0.758962 9.9991E-05 0.240938
0.870279 0.02228 0.107441
0.622179 0.0237449 0.354076
0.958818 0.0410817 9.9991E-05
0.958581 0.0413192 9.9991E-05
0.831753 9.9991E-05 0.168147
0.733326 9.9991E-05 0.266574
0.550612 0.065138 0.38425
0.778583 0.00154904 0.219868
0.823873 0.0629481 0.113178
0.819719 0.0439665 0.136314
0.621835 0.0429511 0.335213
0.775135 9.9991E-05 0.224765
0.766688 9.9991E-05 0.233212
0.790223 9.9991E-05 0.209677
0.898954 0.100946 9.9991E-05
0.561787 9.9991E-05 0.438113
9.9991E-05 0.836203 0.163697
9.9991E-05 0.873884 0.126016
9.9991E-05 0.797302 0.202598
9.9991E-05 0.894199 0.105701
0.00941746 0.836605 0.153978
9.9991E-05 0.856856 0.143044
9.9991E-05 0.860478 0.139422
0.554191 0.022137 0.423672
0.55911 9.9991E-05 0.44079
0.928767 0.0711329 9.9991E-05
0.584471 9.9991E-05 0.415429
0.717409 0.00568416 0.276907
0.63577 0.0115986 0.352631
0.675646 9.9991E-05 0.324254
0.62474 9.9991E-05 0.37516
0.877191 0.122709 9.9991E-05
0.545299 0.106738 0.347963
0.543856 9.9991E-05 0.456044
0.556064 0.0441088 0.399827
0.812373 9.9991E-05 0.187527
0.713678 9.9991E-05 0.286222
0.674066 0.0635304 0.262404
0.716954 9.9991E-05 0.282946
0.665168 0.0776859 0.257146
0.540137 0.0203908 0.439472
0.735336 0.165376 0.0992877
0.605419 0.113533 0.281048
0.463833 0.0709313 0.465235
0.492225 0.0490399 0.458735
0.69509 0.0754524 0.229458
0.639626 0.0506498 0.309724
0.714834 0.101783 0.183383
0.562123 0.132664 0.305212
0.638533 9.9991E-05 0.361367
0.620709 0.0139892 0.365302
0.73804 0.0485497 0.21341
0.643359 9.9991E-05 0.356541
0.539888 0.0713077 0.388805
0.641755 9.9991E-05 0.358145
0.524789 0.00953192 0.465679
0.596175 9.9991E-05 0.403725
0.617895 0.133841 0.248264
0.601272 9.9991E-05 0.398628
0.57813 9.9991E-05 0.42177
0.719178 0.122694 0.158127
0.808982 0.135622 0.0553959
0.638568 0.00239308 0.359039
0.907241 0.0595258 0.0332328
0.722724 0.147951 0.129325
0.770094 9.9991E-05 0.229806
0.812322 0.0774492 0.110229
0.729395 0.119028 0.151578
0.5565 0.0398135 0.403687
0.506156 0.137919 0.355925
0.678823 9.9991E-05 0.321077
0.796722 0.131002 0.0722757
0.479774 0.117157 0.403069
0.638923 0.0191936 0.341884
0.692493 0.307407 9.9991E-05
0.48118 0.0808926 0.437927
0.616729 0.132678 0.250593
0.564119 0.08583 0.350051
0.643825 0.219927 0.136249
0.782818 0.174407 0.0427751
0.657738 0.0846548 0.257607
0.558857 0.101514 0.339629
0.56263 0.181173 0.256197
0.676209 0.190005 0.133786
0.552179 0.0567152 0.391106
0.844195 0.0307772 0.125027
0.733921 9.9991E-05 0.265979
0.447769 0.115749 0.436483
0.232072 0.392783 0.375145
0.040722 0.771648 0.18763
0.212611 0.655699 0.13169
0.109218 0.470484 0.420298
0.60914 9.9991E-05 0.39076
0.592262 0.0174579 0.39028
0.110816 9.9991E-05 0.889084
0.305861 0.00207931 0.69206
0.31484 0.0598599 0.6253
0.754148 0.0508384 0.195014
0.614098 0.0348158 0.351087
0.80772 0.0751076 0.117172
0.592275 9.9991E-05 0.407625
0.740465 0.0441315 0.215404
0.599157 0.00904195 0.391801
0.819902 0.0842213 0.0958767
0.564821 9.9991E-05 0.435079
0.543033 0.0676016 0.389366
9.9991E-05 0.0444286 0.955471
9.9991E-05 0.0130884 0.986812
0.12449 0.0897466 0.785763
0.072135 0.0429188 0.884946
9.9991E-05 0.0883207 0.911579
9.9991E-05 0.0684624 0.931438
9.9991E-05 0.0637667 0.936133
9.9991E-05 0.0196355 0.980264
9.9991E-05 0.0427016 0.957198
9.9991E-05 0.028953 0.970947
9.9991E-05 0.0590969 0.940803
0.0595926 0.0538137 0.886594
9.9991E-05 0.127199 0.872701
9.9991E-05 0.0370638 0.962836
0.406977 0.0715496 0.521473
0.0669754 0.103303 0.829722
0.0388148 0.0856748 0.87551
9.9991E-05 0.116583 0.883317
9.9991E-05 0.0376254 0.962275
9.9991E-05 0.139081 0.860819
9.9991E-05 0.0584455 0.941455
0.15961 0.092159 0.748231
9.9991E-05 0.104401 0.895499
0.447209 0.528873 0.0239174
0.465291 0.214871 0.319838
0.526539 0.174216 0.299245
0.517428 0.284103 0.198469
0.484991 0.138909 0.3761
0.421036 0.352863 0.226101
0.453537 0.178994 0.367468
0.407655 0.200802 0.391543
0.415911 0.17235 0.411739
0.314542 0.243491 0.441967
0.476043 0.204087 0.31987
0.0853836 0.83648 0.0781359
9.9991E-05 0.912678 0.0872218
9.9991E-05 0.958676 0.0412239
9.9991E-05 0.927115 0.0727846
9.9991E-05 0.892806 0.107094
9.9991E-05 0.902655 0.0972449
9.9991E-05 0.862059 0.137841
9.9991E-05 0.936527 0.0633726
9.9991E-05 0.913581 0.0863187
9.9991E-05 0.853755 0.146145
0.23883 0.76107 9.9991E-05
0.275238 0.702555 0.0222073
0.340431 0.659469 9.9991E-05
0.397426 0.602474 9.9991E-05
0.680808 0.0039234 0.315269
0.619627 0.0160508 0.364322
0.689259 0.0318039 0.278938
0.72008 0.0732901 0.20663
0.851849 0.148051 9.9991E-05
0.581417 9.9991E-05 0.418483
0.66369 9.9991E-05 0.33621
0.752437 9.9991E-05 0.247463
0.779145 9.9991E-05 0.220755
0.558417 9.9991E-05 0.441483
0.763363 9.9991E-05 0.236537
0.966031 0.0338692 9.9991E-05
0.647357 0.0749151 0.277728
0.849107 0.00403372 0.14686
0.696948 9.9991E-05 0.302952
0.899536 0.100364 9.9991E-05
0.653208 0.346692 9.9991E-05
0.683668 0.316232 9.9991E-05
0.726473 0.273427 9.9991E-05
0.673348 0.326552 9.9991E-05
0.781795 0.218105 9.9991E-05
0.711143 0.288757 9.9991E-05
9.9991E-05 0.858336 0.141564
9.9991E-05 0.843726 0.156174
9.9991E-05 0.748228 0.251672
9.9991E-05 0.807306 0.192594
9.9991E-05 0.796274 0.203626
0.44371 0.55619 9.9991E-05
0.42428 0.57562 9.9991E-05
0.404524 0.595376 9.9991E-05
9.9991E-05 0.811393 0.188507
0.463231 0.536669 9.9991E-05
0.181841 0.225579 0.592581
0.271825 0.132454 0.595721
0.237664 0.159504 0.602832
0.275931 0.2508 0.473269
0.349003 0.170697 0.4803
0.0819794 0.581194 0.336827
0.780223 0.0101452 0.209631
0.697425 0.0825641 0.220011
0.71658 0.19021 0.0932093
0.730701 0.0273249 0.241974
0.917382 0.0825181 9.9991E-05
0.520639 0.0964336 0.382928
0.720805 0.0140582 0.265137
0.739337 0.150541 0.110122
0.547054 0.0833835 0.369563
0.910068 0.089832 9.9991E-05
0.652764 9.9991E-05 0.347136
0.690559 9.9991E-05 0.309341
0.434185 0.149931 0.415884
0.799982 9.9991E-05 0.199918
0.701585 0.0391807 0.259235
0.645547 0.00428302 0.35017
0.664519 0.0261705 0.30931
0.584804 9.9991E-05 0.415096
0.541521 0.0740709 0.384408
0.46908 0.095413 0.435507
9.9991E-05 0.767606 0.232294
9.9991E-05 0.823302 0.176598
0.11457 0.765226 0.120205
0.0353465 0.804474 0.160179
9.9991E-05 0.808762 0.191138
0.77815 0.186011 0.0358387
0.67134 9.9991E-05 0.32856
0.375771 0.193667 0.430562
0.569753 0.00366387 0.426583
0.724107 0.0299954 0.245897
0.683149 0.107412 0.20944
0.675043 0.324857 9.9991E-05
0.662095 0.0295763 0.308329
0.743427 0.176387 0.0801861
0.643804 0.0933633 0.262833
0.698308 0.301592 9.9991E-05
0.447248 0.0931759 0.459576
0.754655 0.204175 0.0411694
0.643326 0.0741799 0.282495
0.579165 0.0902891 0.330546
0.741848 0.123163 0.13499
0.559194 0.0730891 0.367717
0.582231 0.101875 0.315895
0.798443 0.0616771 0.13988
0.591207 0.0490266 0.359766
0.668169 0.0153634 0.316468
0.943064 0.0568359 9.9991E-05
0.852488 0.0821224 0.0653899
0.720476 0.00740566 0.272118
0.886172 0.113728 9.9991E-05
0.758125 0.0441867 0.197688
0.782755 0.186667 0.0305783
0.901947 9.9991E-05 0.0979527
0.661433 0.0986245 0.239943
0.527779 9.9991E-05 0.472121
0.822953 0.105409 0.0716387
0.587891 0.0568009 0.355308
0.547515 0.0114161 0.441069
0.656242 0.0116864 0.332072
0.601668 9.9991E-05 0.398232
0.622807 0.0710981 0.306094
0.779981 0.0852945 0.134724
0.716762 0.0526931 0.230545
0.654978 9.9991E-05 0.344922
0.593141 0.0540298 0.352829
0.622987 0.122597 0.254416
0.589273 9.9991E-05 0.410627
0.59249 0.177719 0.229791
0.608009 0.0202105 0.37178
0.539868 0.102869 0.357263
0.531186 0.160129 0.308685
0.253764 0.297825 0.448411
0.342542 0.12581 0.531648
0.428026 0.0783852 0.493589
0.48918 0.0574012 0.453419
0.33332 0.152494 0.514186
0.712256 9.9991E-05 0.287644
0.453551 0.106722 0.439727
0.481348 0.372981 0.145671
0.420915 0.128465 0.45062
0.403995 0.0596964 0.536308
0.415897 0.087452 0.496651
0.419557 0.304383 0.27606
0.373293 0.077084 0.549623
0.380414 0.0446732 0.574912
0.152935 0.673483 0.173582
0.336789 0.102201 0.56101
0.318628 0.110254 0.571119
0.456846 0.0862496 0.456905
0.279476 0.149778 0.570747
0.428316 0.143943 0.427741
0.660271 0.0456104 0.294118
0.599951 0.0772434 0.322806
0.938357 0.0615435 9.9991E-05
0.900279 0.0996212 9.9991E-05
0.54651 0.0377817 0.415709
0.32458 0.0983473 0.577073
0.265261 0.141191 0.593548
0.337942 0.252283 0.409775
0.305793 0.181706 0.512502
0.667455 0.197588 0.134957
0.582845 0.195207 0.221948
0.517111 9.9991E-05 0.482789
0.55956 0.0800968 0.360343
0.59265 0.115005 0.292345
0.577855 0.0183321 0.403812
0.559667 0.0139269 0.426406
0.535135 0.00553082 0.459334
0.80845 9.9991E-05 0.19145
0.757469 0.0152129 0.227318
0.629689 0.0157803 0.354531
0.686125 0.0623541 0.251521
0.564967 0.0913844 0.343648
0.694186 9.9991E-05 0.305714
0.840353 0.042434 0.117213
0.676104 9.9991E-05 0.323796
0.852969 0.0494634 0.0975678
0.690175 0.0404243 0.269401
0.618186 9.9991E-05 0.381714
0.679308 0.0191658 0.301526
0.431474 0.175546 0.39298
0.493287 0.120533 0.38618
0.33294 0.20587 0.46119
0.325381 0.220706 0.453914
0.393532 0.142584 0.463884
0.438426 0.112197 0.449376
0.555624 0.338275 0.106101
0.400294 0.021482 0.578224
0.321236 0.561909 0.116855
0.405335 0.0473443 0.54732
0.914266 0.0352471 0.0504872
0.898215 0.101685 9.9991E-05
0.735942 9.9991E-05 0.263958
0.607531 9.9991E-05 0.392369
0.845532 9.9991E-05 0.154368
0.668153 9.9991E-05 0.331747
0.667054 9.9991E-05 0.332846
0.0484565 0.809072 0.142471
0.0548531 0.796055 0.149092
9.9991E-05 0.878371 0.121529
9.9991E-05 0.913712 0.0861879
0.655694 9.9991E-05 0.344206
0.640886 0.0346471 0.324467
0.709273 9.9991E-05 0.290627
0.579194 9.9991E-05 0.420706
0.602834 0.0523828 0.344783
0.796018 0.0857621 0.11822
0.688482 9.9991E-05 0.311418
0.797874 0.00396002 0.198166
0.322178 0.201993 0.475829
0.720792 9.9991E-05 0.279108
0.837585 0.0030787 0.159336
0.740575 9.9991E-05 0.259325
0.763691 9.9991E-05 0.236209
0.634364 9.9991E-05 0.365536
0.67956 0.00455647 0.315883
0.977357 9.9991E-05 0.0225428
0.838698 0.0180459 0.143256
0.77909 9.9991E-05 0.22081
0.9998 9.999E-05 9.999E-05
0.757676 0.00637643 0.235948
0.899673 0.0693959 0.030931
0.892895 0.107005 9.9991E-05
0.624402 9.9991E-05 0.375498
0.863512 0.0470585 0.0894296
0.666738 9.9991E-05 0.333162
0.547595 0.0558572 0.396548
0.674482 9.9991E-05 0.325418
0.743928 0.0610432 0.195029
0.68541 9.9991E-05 0.31449
0.722974 9.9991E-05 0.276926
0.872092 9.9991E-05 0.127808
0.67115 0.00689041 0.321959
0.23566 0.758709 0.00563151
0.12622 0.810475 0.063305
0.07703 0.92287 9.9991E-05
0.0968836 0.903016 9.9991E-05
0.176978 0.809049 0.0139725
0.876855 0.0745044 0.0486401
0.874429 0.114156 0.0114152
0.901187 9.9991E-05 0.0987128
0.596347 0.0960411 0.307612
0.599662 9.9991E-05 0.400238
0.814894 9.9991E-05 0.185006
0.5872 9.9991E-05 0.4127
0.705628 0.0406568 0.253715
0.683533 9.9991E-05 0.316367
0.561536 9.9991E-05 0.438364
0.826243 0.0166198 0.157138
0.840795 9.9991E-05 0.159105
0.842581 0.00405312 0.153366
0.484257 0.123296 0.392447
0.773834 9.9991E-05 0.226066
0.734865 9.9991E-05 0.265035
0.213569 0.0483302 0.7381
0.278966 0.0882914 0.632742
0.185961 0.0676275 0.746411
0.0622582 0.18457 0.753172
0.189598 0.159007 0.651395
0.630591 9.9991E-05 0.369309
9.9991E-05 0.315875 0.684025
0.13515 0.141594 0.723256
0.437933 0.196214 0.365853
0.532931 0.0981522 0.368916
0.605886 0.0785927 0.315521
0.494543 0.0827683 0.422688
0.50077 0.045586 0.453644
0.0419887 0.252321 0.70569
0.290371 0.112485 0.597144
0.205676 0.0304429 0.763882
0.269592 0.211752 0.518656
0.12765 0.169817 0.702533
0.347785 0.0738235 0.578392
0.126209 0.191881 0.68191
0.261347 0.104761 0.633892
0.518499 0.0669976 0.414503
0.26414 0.19115 0.544711
9.9991E-05 0.206488 0.793412
0.29278 0.126962 0.580257
0.670437 0.255079 0.074484
0.592229 9.9991E-05 0.407671
0.263772 0.204204 0.532024
0.568121 0.0485498 0.38333
0.519471 0.155677 0.324852
0.379105 0.139517 0.481378
0.258565 0.204742 0.536693
0.530257 0.0115131 0.45823
0.293928 0.195018 0.511053
0.177656 0.041927 0.780417
0.00399106 0.252548 0.743461
0.521093 0.0606905 0.418217
0.639043 0.161847 0.19911
0.635188 0.220544 0.144268
0.459643 0.139937 0.40042
0.630422 0.121257 0.248321
0.380811 0.154703 0.464486
0.506748 0.0665494 0.426703
0.303633 0.496667 0.1997
0.377498 0.510199 0.112304
0.504079 0.214758 0.281163
0.279598 0.47611 0.244293
0.110586 0.576847 0.312567
0.458749 0.168003 0.373248
0.383655 0.235711 0.380634
0.321628 0.368015 0.310357
0.339911 0.437532 0.222557
0.435024 0.113371 0.451605
0.450514 0.325036 0.22445
0.256958 0.619599 0.123444
0.292294 0.149635 0.558072
0.300965 0.262494 0.436541
0.272684 0.275546 0.45177
0.276226 0.140945 0.58283
0.396552 0.0882199 0.515228
0.317796 0.102782 0.579421
0.218043 0.325597 0.456361
0.317774 0.175417 0.506809
0.27542 0.178693 0.545887
0.255277 0.309419 0.435304
0.499446 0.188442 0.312112
0.358608 0.159002 0.48239
0.416395 0.16278 0.420825
0.53501 9.9991E-05 0.46489
0.145378 0.308531 0.546091
0.326053 0.245185 0.428762
0.177605 0.471773 0.350622
0.358983 0.142232 0.498785
0.208591 0.310343 0.481066
0.0819658 0.862139 0.0558955
0.715631 0.284269 9.9991E-05
0.741057 0.258843 9.9991E-05
0.686982 0.312918 9.9991E-05
0.772188 0.227712 9.9991E-05
0.713253 0.286647 9.9991E-05
0.800381 0.199519 9.9991E-05
0.681546 0.318354 9.9991E-05
0.561169 0.438731 9.9991E-05
9.9991E-05 0.91987 0.0800297
0.0612553 0.846774 0.0919711
9.9991E-05 0.860912 0.138988
0.056326 0.881436 0.0622378
9.9991E-05 0.887779 0.112121
9.9991E-05 0.927645 0.0722551
9.9991E-05 0.765204 0.234696
9.9991E-05 0.850808 0.149092
0.0925965 0.754366 0.153037
9.9991E-05 0.891641 0.108259
9.9991E-05 0.968819 0.0310814
0.0108504 0.837537 0.151612
9.9991E-05 0.943812 0.0560878
9.9991E-05 0.872158 0.127742
0.00848449 0.866235 0.12528
9.9991E-05 0.815099 0.184801
9.9991E-05 0.732808 0.267092
9.9991E-05 0.777094 0.222806
9.9991E-05 0.783014 0.216886
0.598718 0.161331 0.239951
0.577166 0.00762541 0.415208
0.492807 0.061943 0.44525
0.724606 0.179761 0.0956334
0.544322 0.105873 0.349804
0.669113 0.296746 0.0341415
0.584194 0.0401865 0.37562
0.731538 0.0892952 0.179166
0.660156 0.0253104 0.314534
0.681398 9.9991E-05 0.318502
0.660043 0.138183 0.201774
0.498759 0.0505709 0.45067
0.566546 0.0477159 0.385738
0.849018 0.145083 0.00589875
0.783673 0.216227 9.9991E-05
0.746258 0.200206 0.0535356
0.472419 0.0493452 0.478235
0.61535 0.101322 0.283328
0.584541 0.0923652 0.323094
0.517422 9.9991E-05 0.482478
0.374302 0.131063 0.494635
0.329819 0.0943339 0.575847
0.262282 0.479763 0.257955
0.405662 0.141456 0.452882
0.36263 0.21207 0.4253
0.260315 0.586157 0.153528
0.334679 0.245184 0.420137
0.277793 0.350977 0.37123
0.354784 0.311256 0.333959
0.406927 0.0965292 0.496544
0.325058 0.182766 0.492176
0.406515 0.0567028 0.536782
0.404023 0.202887 0.39309
0.171203 0.434161 0.394636
