0.870808 0.0450443 9.9982E-05 0.025839 0.0581084 9.9982E-05
0.950971 9.9973E-05 9.9973E-05 9.9973E-05 0.0158334 0.0328953
0.845934 0.0233239 9.9982E-05 0.114668 0.0158747 9.9982E-05
0.747667 0.10947 9.9982E-05 0.0276679 0.114996 9.9982E-05
0.865781 0.0397345 9.9982E-05 0.0794768 0.0148073 9.9982E-05
0.602507 0.0433937 0.0974925 0.0638925 0.113411 0.0793034
0.80438 0.0128575 0.105658 9.9991E-05 0.054161 0.0228437
0.701216 0.0468537 0.131952 9.9982E-05 0.119778 9.9982E-05
0.802436 9.9982E-05 0.048888 9.9982E-05 0.0769091 0.0715672
0.748524 0.00792028 0.0767255 0.154634 0.0120965 9.9991E-05
0.743002 9.9991E-05 0.0815384 0.0221042 0.102459 0.0507961
9.9982E-05 0.0827638 9.9982E-05 0.25122 0.471189 0.194627
9.999E-05 0.0970155 0.0384474 0.467486 0.341003 0.0559482
0.044059 0.0110582 0.137934 0.285517 0.495541 0.0258912
9.9991E-05 0.15723 0.0384882 0.2822 0.449715 0.0722666
0.110572 0.173992 0.0475656 0.263707 0.263766 0.140398
0.0592313 0.0745208 0.0826647 0.586013 0.188554 0.00901566
9.999E-05 0.088245 0.0349891 0.395398 0.246812 0.234456
0.0755634 0.113671 9.9991E-05 0.268556 0.334089 0.208021
0.0180556 0.0100541 0.140554 0.0646242 0.721066 0.0456467
0.0430099 0.0495234 0.0885713 0.379988 0.290925 0.147982
0.0319747 0.0220024 0.184848 0.496131 0.208849 0.0561954
9.9982E-05 9.9982E-05 0.0447006 0.609352 0.22795 0.117798
9.999E-05 0.117489 0.0273829 0.268537 0.353976 0.232515
0.0611862 0.0777445 0.114861 0.682786 0.0337864 0.0296362
0.0414564 0.101316 0.0289086 0.518754 0.24428 0.0652843
0.0502224 0.087523 9.9991E-05 0.131226 0.525305 0.205623
9.9982E-05 0.219259 9.9982E-05 0.158907 0.472839 0.148796
9.9982E-05 9.9982E-05 0.144505 0.260505 0.469164 0.125626
0.810226 0.0821689 9.9973E-05 0.107305 9.9973E-05 9.9973E-05
0.834087 0.0366315 9.9973E-05 0.128982 9.9973E-05 9.9973E-05
0.791213 0.0631732 9.9991E-05 0.104026 0.0356912 0.00579666
0.720053 0.129022 9.9982E-05 0.107064 9.9982E-05 0.0436608
0.0335217 0.0383036 0.0790048 0.435177 0.123319 0.290673
0.109959 0.0339234 9.9991E-05 0.473538 0.140536 0.241943
0.00775424 0.0460952 9.9982E-05 0.474748 9.9982E-05 0.471203
0.160249 0.0153228 0.0319685 0.162474 0.460362 0.169624
0.0069808 0.0581239 9.9982E-05 0.176872 9.9982E-05 0.757823
0.039773 0.0941175 9.9991E-05 0.400096 0.14623 0.319683
0.0300724 9.9991E-05 0.0469085 0.683874 0.00788173 0.231163
0.13287 9.9991E-05 0.130404 0.564986 0.0623875 0.109253
0.112966 0.0167293 0.0371849 0.61397 0.0412621 0.177887
0.0599157 9.9982E-05 9.9982E-05 0.149659 0.15292 0.637306
0.0346308 0.0660341 0.197586 0.594834 0.0489167 0.0579983
0.0331705 0.060771 0.121848 0.573286 9.9991E-05 0.210825
0.084411 0.142755 0.141087 0.508802 0.0363803 0.0865649
9.9973E-05 0.0200473 9.9973E-05 0.222422 9.9973E-05 0.75723
0.136362 0.00997228 9.9982E-05 0.556074 9.9982E-05 0.297392
0.122873 0.0687428 0.0409403 0.593076 9.9991E-05 0.174268
0.0648802 9.9973E-05 0.284196 9.9973E-05 9.9973E-05 0.650624
9.9982E-05 9.9982E-05 0.121555 0.183822 0.43453 0.259894
0.000775775 0.071046 0.342347 0.0107814 0.260301 0.314749
0.00988995 0.142723 9.9991E-05 0.461497 0.311898 0.0738918
0.0964413 0.0176869 0.155982 0.640992 0.0239958 0.064902
0.104384 0.109659 0.0695202 0.530422 0.115322 0.0706925
0.074983 0.0187483 0.0754825 0.187046 0.342964 0.300777
9.9991E-05 0.0527754 0.083716 0.541318 0.281793 0.0402971
0.0363441 0.0249133 0.129269 0.641463 0.160574 0.00743672
0.147658 0.00316968 0.0159061 0.31437 0.290779 0.228117
0.22181 0.0178545 0.244243 0.125573 0.311184 0.0793357
0.0315439 9.9982E-05 9.9982E-05 0.594769 0.144275 0.229213
0.0933864 0.0182639 0.133451 0.349374 0.236951 0.168574
0.0736192 9.9991E-05 0.124874 0.0690232 0.523082 0.209301
9.9982E-05 9.9982E-05 0.0427625 0.549859 0.274322 0.132857
0.0645916 0.0983529 0.155862 0.597575 0.0543364 0.0292818
0.0421606 0.0667287 0.146409 0.557103 0.187499 9.9991E-05
0.0429848 0.0635963 0.110505 0.286761 0.286737 0.209416
0.0431315 0.0330961 0.0950085 0.500005 0.217321 0.111438
0.0543879 0.161787 9.9991E-05 0.454981 0.202467 0.126278
9.9982E-05 9.9982E-05 0.176312 0.232083 0.427869 0.163536
9.9973E-05 9.9973E-05 9.9973E-05 0.541076 0.0947721 0.363852
0.0292919 9.9982E-05 9.9982E-05 0.156723 0.0843375 0.729448
0.101461 9.9991E-05 0.00277588 0.547026 0.111743 0.236894
9.9964E-05 9.9964E-05 0.140701 9.9964E-05 9.9964E-05 0.858899
9.9973E-05 9.9973E-05 0.121591 9.9973E-05 0.0631254 0.814984
9.9964E-05 9.9964E-05 9.9964E-05 0.24962 9.9964E-05 0.74998
0.0272637 9.9982E-05 9.9982E-05 0.426567 0.0392235 0.506746
0.117481 0.0459605 9.9991E-05 0.463068 0.040706 0.332685
0.0730731 0.0493144 9.9991E-05 0.369313 0.0419901 0.466209
0.0636447 0.0232162 9.9991E-05 0.136809 0.185833 0.590397
0.0175901 9.99867E-05 9.99867E-05 0.158097 0.320126 0.503987
0.100668 0.0259367 0.0431697 0.514625 0.0779011 0.237699
0.0644177 0.0553919 0.0227225 0.176653 9.9991E-05 0.680715
0.0570228 0.0217776 9.9991E-05 0.381308 0.0364483 0.503343
9.9973E-05 9.9973E-05 0.0399153 0.402161 9.9973E-05 0.557624
9.9973E-05 9.9973E-05 0.277731 9.9973E-05 0.0172378 0.704731
0.0508784 0.134453 0.00676731 0.496449 0.0970724 0.21438
0.791695 0.0634512 9.9982E-05 0.0446315 0.100023 9.9982E-05
0.911233 9.9964E-05 9.9964E-05 0.088367 9.9964E-05 9.9964E-05
0.861651 0.0209977 9.9973E-05 0.117051 9.9973E-05 9.9973E-05
0.874621 0.0265459 0.0316739 0.0299598 9.9991E-05 0.0370997
0.87094 9.9982E-05 0.0198379 0.102904 9.9982E-05 0.0061185
0.893371 0.0203606 0.00261562 0.038251 9.9991E-05 0.0453014
0.901556 0.028909 9.9973E-05 0.0692348 9.9973E-05 9.9973E-05
0.0932664 0.178836 9.9982E-05 0.40974 9.9982E-05 0.317958
0.0661673 0.0842317 9.9991E-05 0.574795 0.0617272 0.212979
0.0403091 9.9973E-05 9.9973E-05 9.9973E-05 0.0553053 0.904086
0.0968072 0.0650289 0.10141 0.58739 9.9991E-05 0.149264
0.0589375 9.9982E-05 9.9982E-05 0.386913 0.147168 0.406781
0.067988 0.0322622 0.0521193 0.48999 9.9991E-05 0.357541
0.0373799 0.0240649 0.0580122 0.540484 0.0909137 0.249146
9.9973E-05 0.0881245 9.9973E-05 0.44588 9.9973E-05 0.465695
0.0655392 9.9973E-05 9.9973E-05 9.9973E-05 0.230788 0.703373
0.164713 0.0578222 0.0852971 0.45506 9.9991E-05 0.237008
0.0962533 0.022621 0.0635055 0.572443 9.9991E-05 0.245078
0.0541834 0.13091 0.0166176 0.491156 0.235232 0.0719001
0.0357762 0.00262494 0.157403 0.278015 9.9991E-05 0.526081
9.9973E-05 9.9973E-05 0.056924 0.462862 9.9973E-05 0.479914
0.0314612 0.0138969 9.9991E-05 0.420027 0.0916095 0.442906
9.9973E-05 0.140463 9.9973E-05 0.213474 9.9973E-05 0.645763
0.0932777 9.9982E-05 9.9982E-05 0.464869 0.0266213 0.415032
0.143302 0.0532538 9.9991E-05 0.527497 0.090921 0.184927
0.00577152 0.108012 0.150732 0.213859 0.342705 0.178921
0.144597 0.012048 0.0887546 0.437942 0.312645 0.00401365
0.133542 0.0423171 0.061624 0.467316 0.138307 0.156894
0.0828775 0.020346 0.0264817 0.551205 0.107588 0.211503
0.0285348 9.9991E-05 0.0677374 0.544206 0.332943 0.0264785
0.000689824 0.0848313 0.0368217 0.613331 0.264226 9.9991E-05
9.9982E-05 0.0443717 9.9982E-05 0.457191 0.387033 0.111205
0.0664441 9.9991E-05 0.0199551 0.579056 0.216962 0.117483
0.0256142 9.9991E-05 0.106868 0.659447 0.152057 0.055914
0.0341828 9.9991E-05 0.0890032 0.535947 0.143208 0.197559
0.0124441 9.9982E-05 9.9982E-05 0.51565 0.354911 0.116795
0.0363002 0.0646534 0.0863143 0.59068 0.149523 0.0725298
0.0827578 0.0455924 0.151872 0.55793 0.0618422 0.100005
9.9982E-05 0.0403218 9.9982E-05 0.586404 0.235107 0.137967
9.9982E-05 0.0747478 0.0664948 0.581977 0.27658 9.9982E-05
0.00169885 0.151726 9.9991E-05 0.463531 0.245737 0.137208
0.0743668 0.0570877 0.158914 0.356142 0.35339 9.9991E-05
9.9991E-05 0.0761678 0.058295 0.553202 0.242083 0.0701529
9.9982E-05 0.0157069 0.0727042 0.7375 0.173889 9.9982E-05
9.9991E-05 0.0827083 0.0363139 0.250085 0.422426 0.208366
9.9991E-05 0.0232408 0.34283 0.217076 0.304678 0.112075
0.0745344 0.125708 0.00919939 0.441909 0.23803 0.110619
9.9991E-05 0.0402036 0.326266 0.0910075 0.348371 0.194052
0.0535781 9.9991E-05 0.0812872 0.294088 0.444366 0.126581
9.9982E-05 9.9982E-05 0.00526814 0.393287 0.312145 0.2891
0.0427938 9.9982E-05 9.9982E-05 0.30342 0.428534 0.225052
9.9991E-05 0.031465 0.0349145 0.315553 0.472436 0.145532
0.0460133 0.0531418 0.0507746 0.582897 0.185437 0.0817362
0.0939398 0.0908503 0.0579347 0.487052 0.0992824 0.17094
0.0102268 0.02838 0.106652 0.539599 0.130762 0.18438
9.9991E-05 0.0936232 0.217254 0.0900687 0.350366 0.248589
0.142607 9.9991E-05 0.109993 0.544645 0.041804 0.160851
0.0390993 0.0738655 0.281958 0.401743 9.9991E-05 0.203234
0.118587 9.9982E-05 0.54636 9.9982E-05 0.127152 0.207701
0.0903627 0.0334647 0.099569 0.618595 9.9991E-05 0.157909
0.0983692 9.9991E-05 0.338481 0.309319 0.0230244 0.230706
0.091344 0.0948242 0.177155 0.396477 0.130317 0.109882
0.0780598 0.0103066 0.393145 0.262059 0.0997812 0.156649
0.0746249 9.9991E-05 0.465511 0.234539 0.126032 0.0991929
0.00508448 9.9991E-05 0.306366 0.405171 0.150952 0.132327
0.0377088 0.0176634 0.209648 0.628027 0.106853 9.9991E-05
0.079705 0.103462 0.122135 0.433359 0.205458 0.0558811
0.0531698 0.175825 0.376807 9.9991E-05 0.0661575 0.327941
0.0818092 0.0901032 0.183016 0.558406 0.0650507 0.0216151
9.9982E-05 9.9982E-05 0.359524 0.356935 0.102401 0.18094
9.9982E-05 9.9982E-05 0.233025 0.487058 0.0914662 0.188251
0.134715 0.137557 0.175614 0.513391 0.012004 0.0267196
0.293464 0.24633 0.222494 0.154243 0.0833684 9.9991E-05
0.502446 0.13565 0.361604 9.9973E-05 9.9973E-05 9.9973E-05
0.393923 0.138915 0.466862 9.9973E-05 9.9973E-05 9.9973E-05
0.404536 0.272937 0.202833 0.119494 9.9982E-05 9.9982E-05
9.9982E-05 0.0140258 0.219318 0.6791 9.9982E-05 0.087357
0.126798 0.0536161 0.150867 0.456297 0.145922 0.0665002
9.9973E-05 0.667483 9.9973E-05 0.292464 9.9973E-05 0.0397526
0.0542038 0.529405 9.9991E-05 0.27014 0.0826635 0.0634885
0.0456406 0.476854 0.00819618 0.237992 0.118245 0.113071
9.9982E-05 9.9982E-05 0.461283 0.346144 0.0183432 0.174029
0.126786 0.0232267 0.145408 0.461786 0.0464364 0.196357
9.9973E-05 9.9973E-05 0.637651 0.292964 9.9973E-05 0.0690844
0.021035 9.9991E-05 0.24736 0.566815 0.0706836 0.0940068
0.0595033 0.0350925 0.239513 0.392615 0.113657 0.15962
9.9982E-05 0.02047 0.315837 0.624173 9.9982E-05 0.0393197
9.9982E-05 9.9982E-05 0.523309 0.207115 0.0783014 0.191075
0.0445471 0.0824561 0.176423 0.561746 9.9991E-05 0.134728
9.9991E-05 0.0738326 0.305154 0.58554 0.0232859 0.0120878
9.9973E-05 0.971081 0.0255501 0.00306941 9.9973E-05 9.9973E-05
9.9982E-05 0.931394 0.00975982 0.0330871 0.0255586 9.9982E-05
0.0363063 0.60814 9.9991E-05 0.220492 0.0923653 0.042596
0.031084 0.654207 9.9982E-05 0.308567 0.00594184 9.9982E-05
9.9973E-05 0.84004 9.9973E-05 0.0798562 9.9973E-05 0.0798042
9.996E-05 0.9995 9.996E-05 9.996E-05 9.996E-05 9.996E-05
9.9964E-05 0.988948 9.9964E-05 9.9964E-05 0.0106524 9.9964E-05
9.9964E-05 0.84057 9.9964E-05 0.15903 9.9964E-05 9.9964E-05
9.9973E-05 0.907134 9.9973E-05 0.0526081 0.0399579 9.9973E-05
9.996E-05 0.9995 9.996E-05 9.996E-05 9.996E-05 9.996E-05
9.996E-05 0.9995 9.996E-05 9.996E-05 9.996E-05 9.996E-05
0.0218951 0.787985 0.0400292 0.149224 0.000766078 9.9991E-05
0.0299066 0.853668 9.9982E-05 0.0558868 0.0603388 9.9982E-05
9.9964E-05 0.99292 9.9964E-05 9.9964E-05 9.9964E-05 0.00667991
0.0324184 0.439086 9.9991E-05 0.355254 0.11826 0.0548816
0.050668 0.660985 9.9991E-05 0.196098 0.0333371 0.0588122
0.0189975 0.807967 9.9982E-05 0.134447 9.9982E-05 0.0383882
0.0285347 0.885926 9.9982E-05 0.0551742 0.0301648 9.9982E-05
9.9964E-05 0.984571 9.9964E-05 9.9964E-05 9.9964E-05 0.0150291
0.00407519 0.919316 0.00977874 0.0529487 9.9991E-05 0.013781
9.996E-05 0.9995 9.996E-05 9.996E-05 9.996E-05 9.996E-05
0.0195823 0.629019 9.9991E-05 0.241609 0.080028 0.0296618
9.9973E-05 0.925921 9.9973E-05 9.9973E-05 0.00755766 0.0662218
0.289544 0.057313 0.652843 9.9973E-05 9.9973E-05 9.9973E-05
0.224297 0.00469684 0.16538 0.462831 0.142695 9.9991E-05
0.190079 0.00905077 0.258212 0.47731 0.0652476 9.9991E-05
0.249274 9.9973E-05 0.453617 0.296809 9.9973E-05 9.9973E-05
0.182918 0.160556 0.170629 0.376392 9.9991E-05 0.109406
0.275338 0.0739438 0.340738 0.223799 9.9991E-05 0.0860816
0.100635 0.112365 0.310585 0.374054 0.0678828 0.0344781
0.128561 0.127176 0.34834 0.395136 9.9991E-05 0.000686743
0.144929 0.150828 0.24136 0.462684 9.9982E-05 9.9982E-05
0.0906989 0.278478 0.359959 0.270664 9.9982E-05 9.9982E-05
0.209557 0.126808 0.0620847 0.412317 0.012711 0.176522
0.840559 0.00504347 0.0120396 0.0493422 0.0590156 0.0340002
0.915221 0.0378745 9.9973E-05 0.0466046 9.9973E-05 9.9973E-05
0.968015 9.9973E-05 9.9973E-05 9.9973E-05 0.00379111 0.0278941
0.9506 9.9973E-05 9.9973E-05 0.0179347 0.0311658 9.9973E-05
0.883971 9.9973E-05 9.9973E-05 0.0545094 0.0612195 9.9973E-05
0.869233 0.117801 0.0114477 9.9982E-05 9.9982E-05 0.00131882
0.90264 0.0766981 9.9982E-05 0.0151172 9.9982E-05 0.00534481
0.8662 9.9973E-05 0.100801 0.0326991 9.9973E-05 9.9973E-05
0.907479 0.0374546 9.9982E-05 0.0068783 9.9982E-05 0.0479881
0.866976 0.0672788 0.0211972 0.0443481 9.9982E-05 9.9982E-05
0.609113 9.9973E-05 9.9973E-05 9.9973E-05 0.231699 0.158888
0.579718 9.9982E-05 0.0363014 9.9982E-05 0.323316 0.0604641
0.53763 9.9982E-05 0.0914416 9.9982E-05 0.315793 0.0549348
0.478044 9.9982E-05 0.0563701 9.9982E-05 0.311393 0.153994
0.0315736 9.9982E-05 9.9982E-05 0.464733 0.200949 0.302545
0.0452329 0.0693403 9.9991E-05 0.480932 0.0993493 0.305046
0.00800965 0.0588034 9.9991E-05 0.49632 0.157143 0.279624
0.0564774 0.00269175 0.0638056 0.366293 0.223495 0.287237
9.9982E-05 0.0293596 9.9982E-05 0.137169 0.603643 0.229628
0.0659193 9.9991E-05 0.0208678 0.651794 0.0584695 0.20285
9.9982E-05 9.9982E-05 0.0577055 0.63973 0.0259642 0.2764
0.0185907 9.9991E-05 0.0981065 0.556773 0.00741832 0.319012
9.9982E-05 0.0861386 0.030702 0.308193 9.9982E-05 0.574767
0.0974143 9.9991E-05 0.00392306 0.623346 0.154837 0.120379
9.9973E-05 9.9973E-05 9.9973E-05 0.407177 0.20905 0.383472
9.9973E-05 9.9973E-05 0.245248 9.9973E-05 0.0169292 0.737523
9.9982E-05 9.9982E-05 0.025624 0.49553 0.16895 0.309696
0.0169685 9.9991E-05 0.248598 0.224273 0.00161196 0.508448
9.9982E-05 0.020154 0.0877453 0.5114 9.9982E-05 0.380501
0.048845 9.9982E-05 9.9982E-05 0.0115844 0.138766 0.800605
0.0991603 9.9982E-05 0.133156 0.00611116 0.761373 9.9982E-05
0.100112 9.9982E-05 0.06963 0.0369372 0.793121 9.9982E-05
0.0334852 9.9982E-05 0.0952336 0.0035069 0.867574 9.9982E-05
0.0786999 9.9982E-05 0.0406241 9.9982E-05 0.873453 0.00702265
9.9982E-05 0.0146189 0.107587 0.00959627 0.867998 9.9982E-05
0.0229982 0.0445915 9.9982E-05 0.0732918 0.858918 9.9982E-05
0.878503 0.0429371 9.9982E-05 0.0555494 9.9982E-05 0.0228106
0.820695 0.0453932 9.9982E-05 0.0889468 0.0447648 9.9982E-05
0.75857 0.0948377 9.9973E-05 0.146293 9.9973E-05 9.9973E-05
0.745846 0.100097 9.9982E-05 0.0645246 0.0893329 9.9982E-05
0.81228 0.0678119 0.0116008 0.106338 0.00186909 9.9991E-05
0.392331 9.9982E-05 0.0289418 9.9982E-05 0.548721 0.0298065
0.420259 9.9982E-05 0.100773 9.9982E-05 0.454399 0.0243686
0.431171 9.9973E-05 9.9973E-05 9.9973E-05 0.466988 0.101541
0.821472 0.014948 9.9982E-05 0.145883 0.0174969 9.9982E-05
0.321759 9.9982E-05 0.110312 9.9982E-05 0.502787 0.064942
0.184942 0.363973 0.187871 0.263014 9.9982E-05 9.9982E-05
0.0859239 0.244994 9.9991E-05 0.51249 0.0823023 0.0741895
0.198409 0.237806 9.9973E-05 0.563485 9.9973E-05 9.9973E-05
0.222474 0.180926 0.167144 0.429256 9.9982E-05 9.9982E-05
0.107192 0.332444 0.0376643 0.382763 0.0979879 0.0419487
0.442221 0.3019 0.255579 9.9973E-05 9.9973E-05 9.9973E-05
9.9991E-05 0.00328984 0.0792223 0.445694 0.279456 0.192238
9.9991E-05 0.000557836 0.220049 0.388028 0.272917 0.118347
0.104831 9.9991E-05 0.0425473 0.284649 0.480054 0.0878182
9.9982E-05 9.9982E-05 0.224375 0.467668 0.11158 0.196178
9.9973E-05 9.9973E-05 0.538924 9.9973E-05 0.201835 0.25894
0.0717308 0.0465373 0.0809158 0.54763 0.156283 0.0969037
0.030212 9.9991E-05 0.14636 0.488027 0.213304 0.121997
0.062913 9.9991E-05 0.0301603 0.358882 0.390286 0.157659
0.0633621 0.052227 0.0959816 0.500924 0.203014 0.0844913
9.9982E-05 9.9982E-05 0.321654 0.1217 0.329969 0.226477
9.9991E-05 0.0487513 0.231331 0.407076 0.236133 0.0766082
9.9991E-05 0.0618129 0.0131822 0.510968 0.307923 0.106014
0.113035 0.2148 0.0756624 0.377004 0.102993 0.116505
9.9982E-05 9.9982E-05 0.1931 0.404375 0.296936 0.10539
0.051896 9.9991E-05 0.166645 0.477429 0.274311 0.0296192
0.0139933 0.0295888 0.198363 0.540949 0.101399 0.115707
9.9982E-05 9.9982E-05 0.177468 0.519457 0.151297 0.151578
0.0239829 0.0934675 0.047749 0.580527 0.136835 0.117438
0.0727768 0.123844 0.0687811 0.517451 9.9991E-05 0.217047
0.122893 9.9991E-05 0.00604496 0.613581 0.179642 0.0777396
0.768152 0.080699 9.9973E-05 0.150849 9.9973E-05 9.9973E-05
0.803605 0.0136385 0.0546027 0.104023 9.9991E-05 0.0240311
0.798333 0.00871435 0.0450508 0.0483376 0.0412457 0.0583186
0.847287 0.0312357 9.9991E-05 0.0216138 0.0291808 0.0705826
0.855856 9.9973E-05 0.000472098 0.143372 9.9973E-05 9.9973E-05
9.9991E-05 0.047441 0.00616189 0.1976 0.604447 0.14425
0.0736842 0.0155953 0.109517 0.602928 0.112426 0.0858496
0.194559 0.109519 0.152742 0.473351 0.0336245 0.0362036
0.0842759 0.00635703 0.111597 0.691511 0.0896379 0.0166204
0.0113874 0.00688978 0.0497092 0.527341 0.282782 0.121891
9.9991E-05 0.0924871 0.254831 0.309597 0.338475 0.00451063
0.12834 9.9991E-05 0.166577 0.00937391 0.562865 0.132743
0.0417472 9.9982E-05 9.9982E-05 0.486583 0.299529 0.171941
0.0855085 0.071777 0.0583512 0.120362 0.526771 0.13723
0.0387051 9.9991E-05 0.21622 0.408629 0.248754 0.0875924
0.166296 9.9991E-05 0.0173438 0.126816 0.535097 0.154347
0.0787805 0.044909 9.9991E-05 0.583557 0.244535 0.0481188
0.0788897 9.9991E-05 0.0532413 0.217268 0.517849 0.132652
9.9991E-05 0.0823388 0.171572 0.315329 0.304258 0.126402
0.0437761 0.0480099 0.19406 0.56039 0.128476 0.0252879
0.0260614 9.9982E-05 0.505785 0.362868 0.105085 9.9982E-05
0.0535164 9.9991E-05 0.256871 0.595931 0.0681954 0.0253861
0.0967792 0.00732877 0.184489 0.528759 0.0843639 0.0982802
9.9982E-05 9.9982E-05 0.466514 0.350833 0.12607 0.0563824
0.0386705 0.0758467 0.181385 0.534093 0.0527738 0.117231
0.0341054 9.9991E-05 0.242786 0.576978 0.0745739 0.0714563
9.9982E-05 9.9982E-05 0.632487 0.156252 0.105372 0.105688
9.9982E-05 9.9982E-05 0.572306 0.369561 0.0126475 0.0452853
0.0024492 9.9991E-05 0.258745 0.567532 0.129596 0.0415777
9.9982E-05 9.9982E-05 0.555137 0.168989 0.120751 0.154924
0.00951599 9.9991E-05 0.196472 0.538077 0.114042 0.141792
9.9991E-05 0.0148182 0.112182 0.106418 0.557433 0.209049
9.9982E-05 9.9982E-05 0.202439 0.261505 0.359604 0.176253
0.0786385 0.0440997 9.9991E-05 0.371644 0.292188 0.21333
0.0808831 0.0403132 0.117625 0.583894 0.177184 9.9991E-05
9.9973E-05 9.9973E-05 9.9973E-05 0.267217 0.499013 0.23347
0.0581117 0.0776016 0.102486 0.503638 0.221053 0.0371091
0.0672817 0.0672675 0.0628696 0.53743 0.219951 0.0452008
9.9991E-05 0.0741461 0.0557776 0.502358 0.261274 0.106344
0.032593 0.103624 0.000381954 0.446798 0.320239 0.0963634
0.0391507 0.0495761 9.9991E-05 0.391897 0.294869 0.224407
9.9982E-05 0.0835733 9.9982E-05 0.172234 0.509066 0.234928
9.9991E-05 0.108228 0.0160904 0.289275 0.495133 0.0911726
9.9991E-05 0.0429017 0.101668 0.603241 0.218886 0.0332037
0.0703795 0.0238839 0.0478264 0.613175 0.229076 0.0156587
0.0655546 9.9991E-05 0.118019 0.375212 0.237755 0.203359
9.9982E-05 0.0899862 0.15 0.510216 0.249598 9.9982E-05
0.0654309 0.0876682 0.0444999 0.362672 0.397157 0.0425719
0.0514908 9.9982E-05 9.9982E-05 0.645115 0.264966 0.0382281
0.0723187 0.10735 0.0515281 0.531057 0.204996 0.03275
0.116847 0.0347459 0.00745787 0.544332 0.157088 0.139529
0.352138 0.10569 0.0368559 0.413994 0.0513057 0.0400169
0.159621 0.205754 0.0783722 0.39543 9.9991E-05 0.160723
0.188248 0.104833 0.0808278 0.51766 0.0491842 0.0592475
9.9991E-05 0.20558 0.107236 0.507545 0.105279 0.0742598
0.19755 0.203941 0.010793 0.454404 9.9991E-05 0.133212
9.9982E-05 9.9982E-05 0.268994 0.553204 0.130378 0.0472248
0.112229 0.184577 9.9991E-05 0.351733 0.177197 0.174164
0.229616 0.135772 0.46372 0.0643315 0.0210224 0.0855377
0.0422351 0.212459 0.0313437 0.519462 0.124756 0.0697444
0.145902 0.116709 0.01728 0.559235 0.0916854 0.0691892
0.0580444 0.214414 0.148434 0.452047 0.126961 9.9991E-05
0.159435 0.177649 0.167259 0.258078 0.151037 0.0865414
0.179851 0.167087 0.100531 0.499011 9.9991E-05 0.0534206
0.12919 0.142118 0.131447 0.597046 9.9982E-05 9.9982E-05
0.451901 0.213061 0.334738 9.9973E-05 9.9973E-05 9.9973E-05
0.264183 0.100445 9.9982E-05 0.600744 0.0344285 9.9982E-05
0.199383 0.237023 0.0650009 0.467176 9.9991E-05 0.0313181
0.0983529 0.104742 0.0297787 0.552453 0.137931 0.0767417
0.115872 0.184901 0.114157 0.58487 9.9982E-05 9.9982E-05
0.135748 0.133613 0.100908 0.56188 9.9991E-05 0.0677506
0.0261904 0.0444778 0.204666 0.546464 0.0453794 0.132823
0.101707 0.1153 0.204571 0.487947 0.0903756 9.9991E-05
9.9982E-05 9.9982E-05 0.521018 0.0403453 0.0621089 0.376328
9.9982E-05 9.9982E-05 0.544623 0.0613962 0.0896267 0.304154
0.0759747 0.0554411 0.167713 0.465174 0.0563098 0.179387
0.078355 0.268921 0.186374 0.441647 0.0246035 9.9991E-05
0.0593261 0.378651 0.183744 0.313801 9.9991E-05 0.0643774
0.164185 0.356139 0.337253 0.142224 9.9982E-05 9.9982E-05
0.136918 0.257576 0.201002 0.390497 9.9991E-05 0.0139072
0.023495 0.0594732 0.587435 0.156131 9.9991E-05 0.173366
0.0836062 0.0722695 0.535241 0.254397 9.9991E-05 0.0543863
9.9991E-05 0.0730811 0.164864 0.564941 0.0675398 0.129474
0.0230795 0.0779889 0.236824 0.538108 9.9991E-05 0.1239
9.9991E-05 0.101696 0.448742 0.249781 0.0998161 0.0998638
0.0540779 0.123556 0.158266 0.471808 0.0647977 0.127495
9.9991E-05 0.0663167 0.231193 0.603041 0.0416916 0.0576584
0.0373412 0.16363 0.187612 0.445125 0.130536 0.0357552
9.9982E-05 9.9982E-05 0.30793 0.403851 0.0822089 0.20581
9.9991E-05 0.0376169 0.27195 0.355621 0.0572177 0.277493
0.0560245 9.9991E-05 0.234319 0.538373 0.0434731 0.127711
0.035836 0.0385232 0.270022 0.33175 0.138419 0.18545
0.0315599 0.0605843 0.184623 0.506102 0.0917941 0.125336
9.9982E-05 9.9982E-05 0.327217 0.488682 0.0584889 0.125412
9.9982E-05 9.9982E-05 0.410634 0.31976 0.107951 0.161455
9.9982E-05 0.0343362 0.199945 0.577335 9.9982E-05 0.188184
9.9982E-05 9.9982E-05 0.429989 0.277798 0.0445909 0.247422
9.9973E-05 9.9973E-05 0.344821 0.45729 9.9973E-05 0.197589
0.0871526 0.0884004 0.13672 0.499245 0.0152799 0.173202
0.0215962 9.9982E-05 0.203378 0.506772 9.9982E-05 0.268054
0.195643 0.112792 0.00640387 0.509759 0.087897 0.0875047
0.211982 0.0473067 0.183432 0.468648 0.0885316 9.9991E-05
0.108468 0.21889 0.133854 0.377811 0.0852095 0.0757667
0.180636 0.151376 0.206268 0.365588 0.0960322 9.9991E-05
0.199802 0.0889636 0.0432516 0.553504 0.107832 0.0066469
0.180036 0.174557 0.107943 0.467373 0.0566724 0.0134191
0.0916505 0.16597 0.597664 9.9991E-05 0.121546 0.0230704
0.0561617 0.212955 0.121974 0.562704 0.0461054 9.9991E-05
0.309023 0.152664 0.538013 9.9973E-05 9.9973E-05 9.9973E-05
0.0146579 0.186217 0.251797 0.4808 0.0518212 0.0147061
9.9973E-05 9.9973E-05 0.487788 0.124598 9.9973E-05 0.387314
9.9973E-05 9.9973E-05 0.566656 9.9973E-05 0.0263704 0.406673
9.9973E-05 9.9973E-05 0.215571 0.474089 9.9973E-05 0.31004
0.037335 9.9982E-05 0.160464 0.66267 9.9982E-05 0.139331
9.9973E-05 9.9973E-05 0.328882 0.45571 9.9973E-05 0.215107
0.00985261 0.0369339 0.12552 0.495642 0.0234485 0.308603
9.9982E-05 0.000558922 0.2572 0.592132 9.9982E-05 0.149909
0.793489 0.0155341 0.0644392 0.11044 0.00195079 0.0141469
0.728686 0.110016 0.0408169 9.9982E-05 0.120281 9.9982E-05
0.855773 0.111241 9.9973E-05 9.9973E-05 0.0326863 9.9973E-05
0.922695 9.9964E-05 9.9964E-05 0.0769051 9.9964E-05 9.9964E-05
0.0292971 0.104988 0.00112905 0.447546 0.115352 0.301688
0.0367658 0.085552 9.9991E-05 0.424857 0.0267028 0.426023
9.9973E-05 9.9973E-05 9.9973E-05 0.455156 0.0543804 0.490163
0.105684 9.9973E-05 9.9973E-05 0.466512 9.9973E-05 0.427505
0.0796774 0.0164005 0.047817 0.517509 0.149939 0.188657
0.0621239 9.9991E-05 0.0338868 0.169962 0.0936899 0.640237
0.0056586 0.0185712 9.9982E-05 0.61399 9.9982E-05 0.36158
9.9973E-05 9.9973E-05 0.154538 0.325202 9.9973E-05 0.51996
0.276761 0.14675 0.0347642 0.425445 0.11563 0.00065086
9.9991E-05 0.105166 0.115616 0.317025 0.0113805 0.450713
0.0059364 9.9982E-05 9.9982E-05 0.283417 0.138998 0.571449
0.0084377 0.0614251 9.9991E-05 0.471791 0.0489769 0.409269
9.9973E-05 9.9973E-05 9.9973E-05 0.415298 0.0809763 0.503426
9.9973E-05 0.0620609 9.9973E-05 0.50305 9.9973E-05 0.434589
0.0398826 0.0296165 9.9982E-05 0.497595 9.9982E-05 0.432706
9.9973E-05 9.9973E-05 0.0708442 0.0300582 9.9973E-05 0.898798
0.0253915 0.0313995 0.104657 0.27117 0.0112753 0.556106
0.0406396 0.0169593 9.9991E-05 0.290667 0.0614759 0.590159
9.9964E-05 9.9964E-05 0.256191 9.9964E-05 9.9964E-05 0.74341
0.038931 0.0109939 9.9991E-05 0.390966 0.0996423 0.459367
9.9982E-05 9.9982E-05 0.320478 0.0719782 0.00164422 0.6057
9.9964E-05 9.9964E-05 0.278239 9.9964E-05 9.9964E-05 0.721361
0.0489778 0.0385707 0.0661373 0.522544 9.9991E-05 0.32367
0.0638098 9.9982E-05 9.9982E-05 0.148315 0.0495551 0.73812
9.9991E-05 0.0971907 0.0431864 0.312989 0.140617 0.405916
0.067994 0.0836376 0.0541036 0.573578 9.9991E-05 0.220586
0.00619651 0.0191862 9.9991E-05 0.50214 0.0764256 0.395952
9.9991E-05 0.0985335 0.161249 0.320046 0.338994 0.0810777
9.99794E-05 0.0262678 9.99794E-05 0.517689 9.99794E-05 0.455743
0.0763902 9.9991E-05 0.0134661 0.476172 0.0351424 0.398729
9.9973E-05 9.9973E-05 0.0090315 0.311735 9.9973E-05 0.678933
0.0976624 0.0277749 0.00340394 0.474808 0.05637 0.339981
0.628939 9.9991E-05 0.0517757 0.0112823 0.250184 0.0577185
0.766561 9.9982E-05 0.0316853 9.9982E-05 0.0895689 0.111985
0.832318 9.9982E-05 0.052551 9.9982E-05 0.11256 0.0023711
0.793185 9.9973E-05 0.0556491 9.9973E-05 0.150866 9.9973E-05
0.73086 9.9982E-05 0.0293205 0.0221705 0.217449 9.9982E-05
0.0307697 0.0503091 9.9991E-05 0.0560802 0.120563 0.742178
0.114692 9.9991E-05 0.031567 0.119725 0.020035 0.713881
9.9982E-05 0.0292968 0.0785953 0.0755029 9.9982E-05 0.816405
0.0708379 0.173451 0.0890175 0.515457 9.9991E-05 0.151137
0.09921 0.0609562 0.0223232 0.596732 0.116859 0.10392
0.0497738 9.9982E-05 0.124129 0.275731 9.9982E-05 0.550166
9.9982E-05 0.00351365 0.0554072 0.606582 9.9982E-05 0.334297
0.0619347 0.0306392 0.0495814 0.323875 9.9991E-05 0.53387
9.9991E-05 0.0637071 0.0745367 0.474286 0.0541401 0.33323
9.9982E-05 0.0884223 9.9982E-05 0.532212 0.0548303 0.324335
9.9991E-05 0.0123779 0.00337603 0.194485 0.179908 0.609753
0.0223376 9.9982E-05 9.9982E-05 0.334521 0.0643915 0.57855
9.9973E-05 9.9973E-05 9.9973E-05 0.312424 0.14086 0.546416
0.07896 9.9982E-05 0.193182 0.664554 0.063104 9.9982E-05
0.00413276 9.9982E-05 9.9982E-05 0.353582 0.0897635 0.552322
0.0174316 0.0473804 0.0407459 0.41664 0.0862977 0.391504
0.109881 0.320277 0.0267883 0.457719 0.0350449 0.0502894
0.0525572 0.467695 0.0838334 0.353902 0.0419132 9.9991E-05
0.129781 0.400092 0.0261753 0.443752 9.9982E-05 9.9982E-05
0.172412 0.441476 0.138013 0.247899 9.9982E-05 9.9982E-05
0.146464 0.246079 0.0953288 0.505693 9.9991E-05 0.00633545
0.0538042 9.9982E-05 0.224652 0.469306 9.9982E-05 0.252038
0.293647 0.654245 0.0145062 0.0374012 9.9982E-05 9.9982E-05
0.202678 0.472877 9.9982E-05 0.275719 9.9982E-05 0.0485268
0.0887135 0.246234 0.204061 0.333093 9.9991E-05 0.127799
0.0775094 9.9982E-05 0.259294 0.533174 0.129823 9.9982E-05
0.0915478 0.0172318 0.266571 0.463239 0.0630269 0.0983834
0.123689 9.9982E-05 0.1205 0.618428 0.137183 9.9982E-05
0.0966148 9.9991E-05 0.177453 0.579847 0.00760436 0.138381
0.193929 0.429472 0.00880408 0.367595 9.9982E-05 9.9982E-05
0.179509 0.30698 9.9991E-05 0.442183 0.0694491 0.00177827
0.0733076 0.447035 9.9973E-05 0.479358 9.9973E-05 9.9973E-05
0.144819 0.328083 9.9991E-05 0.284479 0.162579 0.0799393
0.140965 0.477247 0.111292 0.270296 9.9982E-05 9.9982E-05
0.181256 0.350092 0.0116515 0.313032 0.0292501 0.114719
0.175254 0.524535 0.0287084 0.265446 9.9991E-05 0.00595747
0.115166 0.349451 0.0493785 0.388193 0.0319113 0.065901
0.0877765 0.0252477 0.2941 0.533538 0.0592378 9.9991E-05
0.215846 0.289204 0.0482927 0.293361 0.0316545 0.121641
0.196428 0.633663 9.9973E-05 0.169609 9.9973E-05 9.9973E-05
0.152572 0.36112 9.9991E-05 0.299769 0.0189728 0.167466
0.131727 9.9991E-05 0.234604 0.223892 0.323664 0.0860132
9.9982E-05 0.066439 0.223761 0.588657 0.120943 9.9982E-05
0.162237 0.274665 0.0946922 0.430614 0.0376908 9.9991E-05
0.0912577 9.9982E-05 0.18728 0.630427 0.0908347 9.9982E-05
0.120904 0.00386026 0.226843 0.547193 0.0834619 0.0177384
0.278203 0.180533 0.101477 0.372365 9.9991E-05 0.067322
0.236443 0.276955 0.162247 0.324155 9.9982E-05 9.9982E-05
0.0487545 0.154757 9.9991E-05 0.457445 0.0891148 0.249828
0.0824097 0.484895 0.095204 0.234892 9.9991E-05 0.1025
0.131733 0.440196 0.0597177 0.368153 9.9982E-05 9.9982E-05
0.221998 0.552565 0.0452884 0.164717 0.0153315 9.9991E-05
0.105 9.9991E-05 0.204253 0.616141 0.0369313 0.0375751
0.107054 9.9991E-05 0.153284 0.457327 0.143292 0.138943
0.121586 9.9982E-05 0.583504 0.267586 0.0271243 9.9982E-05
0.103695 0.0727754 0.107213 0.531084 0.142503 0.0427303
0.132208 0.0577207 0.181304 0.407027 0.22164 9.9991E-05
0.222609 0.160353 0.00269847 0.412218 0.035705 0.166416
0.0678661 9.9991E-05 0.13871 0.59802 0.156738 0.0385662
0.256816 0.197678 0.545206 9.9973E-05 9.9973E-05 9.9973E-05
0.253323 0.116434 0.629944 9.9973E-05 9.9973E-05 9.9973E-05
0.0846091 0.137957 0.399937 0.300681 0.076715 9.9991E-05
0.275142 0.182456 0.444415 0.0977865 9.9982E-05 9.9982E-05
0.417849 0.243806 0.338044 9.9973E-05 9.9973E-05 9.9973E-05
0.111605 0.144462 0.280527 0.335066 9.9991E-05 0.12824
0.223863 0.116268 0.151754 0.389353 0.0269768 0.091786
0.256251 0.23695 0.290175 0.148219 9.9991E-05 0.0683053
0.270083 0.128355 0.491887 0.109476 9.9982E-05 9.9982E-05
0.0848983 0.0709645 0.206243 0.524937 0.0835372 0.0294198
0.125147 0.157232 0.484655 0.145316 0.0238347 0.0638163
0.42324 0.0378798 0.53858 9.9973E-05 9.9973E-05 9.9973E-05
0.103396 0.130888 0.0902003 0.494135 0.181281 9.9991E-05
0.12301 0.281238 0.246112 0.242726 0.0797836 0.0271309
0.34202 0.0974936 9.9991E-05 0.546552 0.0082778 0.00555624
0.117461 0.276549 0.00583173 0.583972 0.0160868 9.9991E-05
0.12582 0.219067 0.0765713 0.532814 9.9991E-05 0.0456281
0.106772 0.238 0.0981886 0.516039 0.0409008 9.9991E-05
0.434106 0.184921 9.9991E-05 0.357014 0.00406278 0.0197954
0.237658 0.208231 9.9991E-05 0.475189 0.00509012 0.0737327
0.259165 0.283638 9.9991E-05 0.394824 0.00244119 0.0598323
0.240208 0.197275 0.112673 0.3733 0.0696394 0.00690442
0.148783 0.115028 0.0555721 0.272709 0.150558 0.25735
0.191589 0.113591 9.9991E-05 0.504127 0.0831529 0.10744
0.0952059 0.267202 0.0109063 0.42966 0.112767 0.0842584
0.131629 0.0742533 9.9991E-05 0.55876 0.0371779 0.198079
0.248536 0.20973 0.0597238 0.476307 0.00560223 9.9991E-05
0.148066 0.215047 0.0163296 0.56074 0.00814095 0.0516768
0.341583 0.196001 0.269377 0.192839 9.9982E-05 9.9982E-05
0.2506 0.139751 0.00163191 0.607817 9.9982E-05 9.9982E-05
0.286776 0.340418 0.220751 0.151855 9.9982E-05 9.9982E-05
0.794691 9.9982E-05 0.0725534 9.9982E-05 0.0952237 0.0373319
0.0994221 9.9982E-05 9.9982E-05 0.118755 0.67882 0.102803
0.00874692 9.9964E-05 9.9964E-05 9.9964E-05 0.990853 9.9964E-05
0.0264779 9.9964E-05 9.9964E-05 9.9964E-05 0.973122 9.9964E-05
9.9964E-05 9.9964E-05 9.9964E-05 0.0311458 0.968454 9.9964E-05
9.9973E-05 0.0434335 9.9973E-05 0.0106539 0.945613 9.9973E-05
9.9964E-05 9.9964E-05 9.9964E-05 0.0893925 0.910208 9.9964E-05
0.0286672 9.9964E-05 9.9964E-05 9.9964E-05 0.970933 9.9964E-05
0.2221 0.00304825 9.9973E-05 9.9973E-05 0.774551 9.9973E-05
0.922643 9.9973E-05 9.9973E-05 0.0596392 0.0174178 9.9973E-05
0.819408 9.9973E-05 9.9973E-05 0.0739355 0.106356 9.9973E-05
0.908729 0.0258432 0.00852032 0.000448605 0.0051349 0.0513243
0.804536 9.9982E-05 0.0769392 0.029422 0.0889027 9.9982E-05
0.872805 0.0371059 9.9991E-05 0.0288731 0.0541177 0.00699877
0.874697 0.0231435 9.9973E-05 9.9973E-05 0.10186 9.9973E-05
0.735846 0.122371 0.00179686 0.0439005 0.0959861 9.9991E-05
0.881683 0.0793823 9.9973E-05 0.0386343 9.9973E-05 9.9973E-05
0.702111 0.103689 9.9973E-05 9.9973E-05 0.1939 9.9973E-05
0.918698 0.0577118 9.9982E-05 9.9982E-05 0.00109571 0.0222949
0.957584 9.9964E-05 9.9964E-05 9.9964E-05 0.0420166 9.9964E-05
0.803109 0.0497739 9.9991E-05 0.0536561 0.0559984 0.0373625
0.954704 0.00755849 9.9973E-05 9.9973E-05 0.0374374 9.9973E-05
0.918954 9.9973E-05 9.9973E-05 0.0788895 0.00185679 9.9973E-05
0.862243 0.0342716 9.9982E-05 0.0754146 9.9982E-05 0.0278709
0.847058 0.0427221 9.9973E-05 0.10992 9.9973E-05 9.9973E-05
0.788668 0.113792 9.9973E-05 0.0972409 9.9973E-05 9.9973E-05
0.761986 0.0929686 9.9982E-05 0.108792 9.9982E-05 0.0360537
0.804623 0.0616831 9.9982E-05 0.0980104 9.9982E-05 0.035484
0.0941292 0.00962498 0.270906 0.406758 0.103447 0.115134
0.0531416 9.9991E-05 0.168495 0.702876 0.0396829 0.0357039
0.0940361 0.058881 0.0767634 0.604559 9.9991E-05 0.165661
0.00499103 9.9991E-05 0.728572 0.217648 0.0388925 0.00979625
0.100198 9.9982E-05 0.151575 0.55908 0.188948 9.9982E-05
0.0710313 9.9973E-05 0.730658 0.198011 9.9973E-05 9.9973E-05
0.0573577 0.0186009 0.192931 0.705885 0.0251255 9.9991E-05
0.0501931 9.9982E-05 0.255463 0.478034 0.21611 9.9982E-05
0.105167 0.00147571 0.165022 0.553249 0.111476 0.0636111
0.00314859 0.0350267 9.9991E-05 0.463174 0.0585289 0.440022
0.0675551 0.00403032 0.244896 0.437149 0.150026 0.0963437
0.0942999 0.0046127 0.162968 0.644745 0.0716672 0.0217074
0.0426409 9.9991E-05 0.226864 0.55087 0.110299 0.0692267
9.9991E-05 0.0310897 0.184845 0.111111 0.44969 0.223164
9.9982E-05 9.9982E-05 0.848393 0.00230362 0.125386 0.0237172
0.0566597 9.9982E-05 0.649604 0.235893 0.0576431 9.9982E-05
0.0930281 0.000843393 0.17021 0.680453 0.0398725 0.0155937
0.112023 9.9991E-05 0.261833 0.56719 0.00914036 0.0497138
0.0849394 9.9982E-05 0.253968 0.535977 9.9982E-05 0.124915
0.107185 9.9991E-05 0.0582536 0.624266 0.00161813 0.208578
0.175164 0.112556 0.061284 0.650796 9.9982E-05 9.9982E-05
0.181102 0.20179 0.0287689 0.52693 9.9991E-05 0.0613097
0.42054 0.121397 0.111829 0.197955 0.148179 9.9991E-05
0.144489 0.0151319 0.0433525 0.592123 0.0836855 0.121218
0.230445 0.111088 0.0934771 0.418024 0.0500981 0.0968679
0.389687 0.169235 0.440777 9.9973E-05 9.9973E-05 9.9973E-05
0.317286 0.168879 0.153206 0.360429 9.9982E-05 9.9982E-05
0.359654 0.142531 9.9991E-05 0.280867 0.0710286 0.145819
0.351809 0.105295 9.9991E-05 0.392776 0.0668186 0.0832015
0.116139 0.189759 0.0475734 0.523135 0.123293 9.9991E-05
0.165344 0.145282 0.0665769 0.510028 0.0363095 0.0764596
0.151384 0.138323 0.022205 0.625949 0.0224595 0.03968
0.155998 0.203041 0.238359 0.331415 9.9991E-05 0.0710884
0.48578 0.138864 9.9982E-05 0.288473 9.9982E-05 0.0866841
