0.0438634 0.0578033 9.9973E-05 9.9973E-05 9.9973E-05 0.898033
9.9991E-05 0.0390536 0.00919042 0.0058379 0.0133027 0.932515
0.0524533 0.0448707 9.9982E-05 0.0967084 9.9982E-05 0.805768
0.0992977 0.102957 9.9982E-05 0.0289781 9.9982E-05 0.768568
0.0632559 0.0639591 0.0374074 9.9991E-05 0.0148356 0.820442
0.0637159 0.113456 0.0876383 0.0587449 0.0637169 0.612728
9.9982E-05 0.00630366 0.0944741 9.9982E-05 0.058721 0.840301
0.0320923 0.13006 0.136576 0.00613705 9.9991E-05 0.695035
9.9982E-05 0.0703612 0.0284279 9.9982E-05 0.082217 0.818794
0.0451362 0.0765694 0.0586034 0.109309 9.9991E-05 0.710282
9.9982E-05 0.159901 0.0859966 0.0120732 9.9982E-05 0.741829
0.0778702 0.443064 0.0164551 0.217197 0.245313 9.9991E-05
0.0499499 0.243357 9.9991E-05 0.522974 0.131087 0.052532
0.0629331 0.42509 0.101636 0.276526 0.121874 0.0119408
0.161099 0.315203 0.0211133 0.260602 0.183617 0.0583665
0.119637 0.167094 0.0660861 0.421989 0.116068 0.109126
0.10085 0.100508 0.0712834 0.540299 0.0872842 0.0997753
0.120399 0.213706 0.054334 0.413578 0.197884 9.9991E-05
0.0880918 0.301847 9.9991E-05 0.27681 0.20411 0.129042
0.10719 0.622797 0.142258 0.00258067 0.0935018 0.0316723
0.0910973 0.188415 0.0984382 0.401016 0.189201 0.0318321
0.049492 0.163902 0.332978 0.371041 0.0587777 0.0238089
0.0517883 0.122938 0.00507681 0.572656 0.194719 0.0528217
0.133615 0.318836 0.0811201 0.221784 0.239827 0.00481744
0.0592383 0.0313909 0.0197066 0.740841 9.9991E-05 0.148723
0.110623 0.241807 0.0682286 0.504194 0.075047 9.9991E-05
0.131198 0.38768 0.0293489 0.119251 0.275662 0.0568602
0.238402 0.406598 9.9991E-05 0.136238 0.21435 0.00431203
0.0630355 0.425136 0.159981 0.148221 0.203526 9.9991E-05
0.0709949 9.9973E-05 9.9973E-05 0.096184 9.9973E-05 0.832521
9.9964E-05 9.9964E-05 9.9964E-05 0.159384 9.9964E-05 0.840216
0.039222 9.9973E-05 9.9973E-05 0.151907 9.9973E-05 0.808571
0.103654 9.9982E-05 9.9982E-05 0.150558 0.0428707 0.702718
9.9982E-05 0.0942918 9.9982E-05 0.560952 0.24989 0.0946664
0.0759382 0.0926077 9.9991E-05 0.389889 0.335254 0.106211
0.00744995 9.9982E-05 9.9982E-05 0.57873 0.343414 0.0702056
0.0483665 0.494145 0.101162 0.157646 0.146431 0.0522487
0.0782637 0.0271082 0.053322 0.286053 0.549529 0.00572436
0.0675396 0.158599 9.9991E-05 0.528903 0.174892 0.0699666
0.0331137 9.9982E-05 9.9982E-05 0.708705 0.192932 0.0650496
0.00909971 0.0771441 0.162163 0.57133 0.087096 0.0931673
0.0104808 0.0268137 0.0708863 0.619166 0.170743 0.10191
9.9991E-05 0.101962 0.00914066 0.174679 0.682557 0.0315619
0.089488 0.00858552 0.172238 0.61251 0.11017 0.00700769
0.0739468 9.9991E-05 0.047651 0.58662 0.217358 0.074324
9.9982E-05 0.0734048 9.9982E-05 0.660701 0.070773 0.194921
9.9973E-05 9.9973E-05 0.020662 0.334235 0.644803 9.9973E-05
0.0213271 0.0396113 9.9991E-05 0.663469 0.250008 0.025485
0.0246005 0.0195666 0.0162674 0.572075 0.224136 0.143354
9.9973E-05 9.9973E-05 0.268436 9.9973E-05 0.67507 0.0561941
9.9982E-05 0.444136 0.0760611 0.109254 0.370349 9.9982E-05
0.0367371 0.214207 0.350612 0.058288 0.340056 9.9991E-05
0.0535792 0.15465 0.0673424 0.658354 0.0494023 0.0166722
0.0738452 0.0680546 0.130625 0.627138 0.031923 0.0684142
0.165664 0.0819885 9.9991E-05 0.476539 0.19533 0.0803781
9.9991E-05 0.350911 0.0864475 0.178217 0.310211 0.0741125
9.9991E-05 0.242714 0.0981458 0.530408 0.0952853 0.0333476
0.0986699 0.101697 0.143669 0.598321 0.00869814 0.0489449
0.0427653 0.102508 0.0927176 0.329607 0.287232 0.14517
0.0531775 0.289479 0.177265 0.0988253 0.176524 0.204729
9.9991E-05 0.105407 0.0410891 0.510892 0.267381 0.0751301
0.0623832 0.24083 0.108025 0.413987 0.107159 0.0676159
9.9982E-05 0.455854 0.144593 9.9982E-05 0.340935 0.0584182
9.9982E-05 0.233619 0.0643368 0.539452 0.162393 9.9982E-05
0.0737313 0.0498654 0.132836 0.588476 0.145601 0.00948956
0.0587609 0.08949 0.0911058 0.575455 0.110731 0.0744567
0.0352162 0.16063 0.126761 0.322622 0.298388 0.0563829
0.0856743 0.161476 0.116358 0.447547 0.188844 9.9991E-05
0.0112577 0.17782 0.153618 0.645479 9.9991E-05 0.0117253
9.9991E-05 0.31728 0.161003 0.234761 0.259188 0.0276684
9.9973E-05 0.0828918 9.9973E-05 0.534169 0.382639 9.9973E-05
9.9982E-05 0.0955688 9.9982E-05 0.205568 0.682818 0.0158447
0.0357461 0.0855145 9.9991E-05 0.560277 0.243933 0.0744293
9.9964E-05 9.9964E-05 0.111868 9.9964E-05 0.887733 9.9964E-05
9.9973E-05 0.0105946 0.101223 9.9973E-05 0.887883 9.9973E-05
0.0224818 9.9973E-05 9.9973E-05 0.230069 0.747149 9.9973E-05
9.9982E-05 0.0203505 9.9982E-05 0.470027 0.463827 0.0455952
0.0446689 0.0567231 0.0108871 0.482066 0.186743 0.218912
0.0862853 0.0607312 0.00546551 0.364556 0.474005 0.00895675
0.0353304 0.119142 9.9991E-05 0.169073 0.635771 0.0405831
0.0474142 0.253107 9.9991E-05 0.169433 0.521359 0.00858741
0.131877 0.0268675 0.054784 0.441679 0.296751 0.0480423
0.0585449 0.0421506 9.9991E-05 0.248699 0.600935 0.0495702
9.9982E-05 9.9982E-05 0.0129163 0.408239 0.511278 0.0673662
9.9973E-05 9.9973E-05 0.0521037 0.44833 0.499267 9.9973E-05
0.01498 0.00577181 0.173725 9.9982E-05 0.805323 9.9982E-05
0.0888862 0.0634914 9.9991E-05 0.622376 0.208114 0.0170317
0.0015413 0.0710199 9.9982E-05 0.101746 9.9982E-05 0.825493
9.9964E-05 9.9964E-05 9.9964E-05 0.101848 9.9964E-05 0.897752
0.0298198 9.9973E-05 9.9973E-05 0.123791 9.9973E-05 0.846089
9.9973E-05 9.9973E-05 0.0490552 0.0596608 9.9973E-05 0.890984
0.0410907 9.9982E-05 0.0167055 0.077641 9.9982E-05 0.864363
0.0388661 9.9982E-05 0.0639598 0.0466493 9.9982E-05 0.850325
9.99641E-05 9.99641E-05 9.99641E-05 0.0761726 9.99641E-05 0.923428
0.0666225 0.0171997 9.9991E-05 0.470072 0.335243 0.110763
0.188995 0.0857342 9.9991E-05 0.50924 0.199906 0.0160244
9.9982E-05 0.0551841 9.9982E-05 0.0415363 0.864775 0.0383048
0.0870326 0.0727572 0.0701226 0.464776 0.238532 0.0667788
9.9982E-05 0.0952013 9.9982E-05 0.463789 0.374005 0.0668055
0.0232798 9.9982E-05 9.9982E-05 0.561479 0.354762 0.0602789
0.0221736 9.9991E-05 0.0961072 0.516313 0.331232 0.0340743
0.0245677 9.9982E-05 9.9982E-05 0.473744 0.439397 0.0620918
9.9973E-05 0.172178 9.9973E-05 9.9973E-05 0.76312 0.0644019
0.161008 0.0817425 9.9991E-05 0.437073 0.232939 0.0871378
0.0318559 0.070209 9.9991E-05 0.620312 0.221561 0.0559619
0.1835 0.126995 0.0594277 0.470194 0.14583 0.0140542
0.025653 9.9991E-05 0.127593 0.312591 0.532399 0.00166446
9.9973E-05 9.9973E-05 9.9973E-05 0.515184 0.427515 0.0570016
0.0262523 0.0860209 9.9991E-05 0.528802 0.334071 0.0247531
0.0854144 9.9973E-05 9.9973E-05 0.217603 0.696683 9.9973E-05
9.9982E-05 0.0846095 9.9982E-05 0.498914 0.328308 0.0879693
0.035461 0.0251021 9.9991E-05 0.603349 0.203712 0.132277
9.9991E-05 0.256995 0.255524 0.281296 0.147983 0.0581019
0.0985289 0.321643 0.0709385 0.412891 9.9991E-05 0.095898
0.0722062 0.261842 9.9991E-05 0.553786 0.0282723 0.0837935
0.0779031 0.0547599 0.152345 0.561573 0.0967107 0.0567077
0.0239442 0.270478 0.0507371 0.511033 0.115308 0.0284993
0.0342149 0.249462 0.0252779 0.645561 0.0337685 0.0117154
0.00872031 0.41057 9.9991E-05 0.50674 0.0526598 0.0212099
0.0548749 0.127217 0.102771 0.573679 0.0505609 0.090897
0.0539759 0.151767 9.9991E-05 0.610642 0.094698 0.0888171
9.9991E-05 0.183805 0.0437259 0.613082 0.117136 0.0421514
9.9982E-05 0.345076 0.04245 0.5649 0.0473733 9.9982E-05
0.0415539 0.169666 0.0531285 0.647928 0.0876243 9.9991E-05
0.0694573 0.152455 0.100766 0.554726 0.00749936 0.115096
0.0811449 0.20471 9.9982E-05 0.50304 0.210905 9.9982E-05
0.00248169 0.157435 0.134517 0.650072 0.0345508 0.0209432
0.102745 0.204904 0.130618 0.453524 0.0898812 0.0183284
9.9982E-05 0.223456 0.24392 0.398057 9.9982E-05 0.134367
0.095006 0.157147 9.9982E-05 0.643361 0.104286 9.9982E-05
0.0379164 0.18878 0.0799397 0.649109 0.00962351 0.0346319
0.13655 0.394173 0.0126913 0.223753 0.230107 0.00272567
0.0598614 0.220286 0.325669 0.186958 0.207125 9.9991E-05
0.0469526 0.248392 0.0879278 0.531999 0.00749528 0.0772331
0.00833322 0.309537 0.289808 0.12531 0.266912 9.9991E-05
9.9991E-05 0.363029 0.0717016 0.301544 0.223824 0.0398009
9.9973E-05 0.309948 9.9973E-05 0.452784 0.236968 9.9973E-05
0.000167951 0.367871 0.00968486 0.347236 0.246241 0.0287993
0.0203979 0.416402 0.130015 0.294806 0.138278 9.9991E-05
0.0523348 0.186675 0.00524383 0.611344 0.0901556 0.0542474
9.9991E-05 0.119831 0.0386508 0.613829 0.135436 0.0921526
9.9991E-05 0.111127 0.0277684 0.622598 0.156522 0.0818837
0.0948852 0.314116 0.240673 0.138225 0.212001 9.9991E-05
9.9991E-05 0.112699 0.0595248 0.631795 0.0489315 0.146949
0.0516199 0.0507126 0.3415 0.549596 9.9991E-05 0.00647092
9.9991E-05 0.130196 0.639733 0.0363858 0.110947 0.0826394
0.0647522 9.9991E-05 0.117593 0.627218 0.11081 0.0795269
0.0488822 0.0261245 0.337746 0.333662 0.152553 0.101033
0.0581961 0.0115496 0.164927 0.479543 0.177465 0.108319
0.0429974 0.0728305 0.464256 0.255332 0.113741 0.050843
9.9991E-05 0.156571 0.483037 0.234918 0.056519 0.0688549
9.9982E-05 0.148982 0.322824 0.447365 0.0806289 9.9982E-05
0.0635839 0.154992 0.20012 0.447125 0.0939257 0.040254
0.041555 0.119936 0.228404 0.411128 0.038625 0.160353
0.158446 0.0521893 0.431299 9.9991E-05 0.309937 0.0480281
0.102918 0.0530794 0.129407 0.524536 0.0940039 0.0960555
9.9982E-05 0.0775766 0.350405 0.404071 0.167747 9.9982E-05
9.9982E-05 0.141021 0.154157 0.457116 0.247506 9.9982E-05
0.0122018 0.0413037 0.164868 0.673232 0.0519277 0.0564668
0.300907 9.9991E-05 0.254402 0.0937137 0.0681737 0.282704
0.116688 9.9973E-05 0.381793 9.9973E-05 9.9973E-05 0.501219
0.146966 9.9973E-05 0.484914 9.9973E-05 9.9973E-05 0.36782
0.35686 0.0384935 0.204384 0.0291277 9.9991E-05 0.371035
9.9973E-05 9.9973E-05 0.311997 0.682204 0.00549951 9.9973E-05
0.00897371 0.121695 0.136164 0.589568 0.0991275 0.0444719
0.668326 0.0490547 9.9982E-05 0.240841 0.0415779 9.9982E-05
0.455236 0.0332406 9.9991E-05 0.3022 0.130804 0.0784193
0.368515 9.9991E-05 0.229037 0.305035 0.0329056 0.0644069
9.9982E-05 0.0224565 0.547624 0.315861 0.113859 9.9982E-05
0.0424559 0.0980958 0.156025 0.54508 0.021498 0.136845
9.9982E-05 0.0159403 0.656757 0.219013 0.10809 9.9982E-05
9.9982E-05 0.0737904 0.266768 0.630917 0.028324 9.9982E-05
9.9991E-05 0.0882462 0.213975 0.428175 0.23056 0.0389435
9.9982E-05 0.0117507 0.296024 0.623694 0.0683323 9.9982E-05
9.9982E-05 0.104118 0.485509 0.260916 0.149257 9.9982E-05
0.0338391 9.9991E-05 0.137336 0.643709 0.0819269 0.103089
0.0684041 0.0145208 0.244523 0.581218 0.0262647 0.0650696
0.965592 9.9964E-05 9.9964E-05 9.9964E-05 0.0340083 9.9964E-05
0.93871 9.9973E-05 0.00858692 0.0524032 9.9973E-05 9.9973E-05
0.602934 9.9991E-05 0.00811426 0.274635 0.108347 0.00586905
0.664617 9.9973E-05 9.9973E-05 0.334968 9.9973E-05 0.000115481
0.807825 9.9973E-05 9.9973E-05 0.146391 0.0454835 9.9973E-05
0.9995 9.996E-05 9.996E-05 9.996E-05 9.996E-05 9.996E-05
0.966602 0.0254134 9.9973E-05 9.9973E-05 0.00768455 9.9973E-05
0.897208 9.9964E-05 9.9964E-05 0.102392 9.9964E-05 9.9964E-05
0.952752 0.0468481 9.9964E-05 9.9964E-05 9.9964E-05 9.9964E-05
0.9995 9.996E-05 9.996E-05 9.996E-05 9.996E-05 9.996E-05
0.9995 9.996E-05 9.996E-05 9.996E-05 9.996E-05 9.996E-05
0.827535 0.0563084 9.9982E-05 0.106796 0.00916072 9.9982E-05
0.779936 9.9973E-05 9.9973E-05 0.126225 9.9973E-05 0.0935388
0.974327 0.00216216 9.9973E-05 9.9973E-05 0.0232107 9.9973E-05
0.440009 0.141886 0.0534692 0.236723 0.0402927 0.08762
0.628843 0.0688601 9.9991E-05 0.187156 0.0306417 0.0843995
0.770792 9.9973E-05 9.9973E-05 0.165343 9.9973E-05 0.063565
0.824964 0.0201219 9.9982E-05 0.133511 9.9982E-05 0.0212039
0.988206 9.9973E-05 9.9973E-05 0.00654226 9.9973E-05 0.00495188
0.885994 9.9982E-05 9.9982E-05 0.0781344 0.0119938 0.0236782
0.9995 9.996E-05 9.996E-05 9.996E-05 9.996E-05 9.996E-05
0.598903 0.00024783 9.9982E-05 0.317618 9.9982E-05 0.083031
0.937044 0.022005 9.9991E-05 0.00239175 0.0205106 0.0179483
0.0502541 9.9973E-05 0.682967 9.9973E-05 9.9973E-05 0.266479
0.0636282 0.0697399 0.204514 0.38236 0.0912235 0.188534
0.0602093 9.9991E-05 0.129943 0.46225 0.107896 0.239602
0.0499581 9.9982E-05 0.491208 0.246927 9.9982E-05 0.211706
0.0621429 0.0658903 0.213817 0.57234 9.9991E-05 0.0857101
0.102477 9.9991E-05 0.390649 0.218457 0.062641 0.225675
0.199341 0.14924 0.0951229 0.424582 9.9991E-05 0.131614
0.202038 9.9991E-05 0.399429 0.323065 0.00115184 0.0742154
0.121352 0.0939352 0.165424 0.461625 9.9991E-05 0.157564
0.19257 9.9982E-05 0.313661 0.330034 9.9982E-05 0.163535
0.0317943 0.00373708 0.220084 0.481973 0.0550002 0.207411
9.9982E-05 0.06099 0.0391747 0.0455946 9.9982E-05 0.854041
0.0279133 9.9982E-05 0.0312993 9.9982E-05 0.0138578 0.92673
9.9982E-05 0.0140321 0.0210088 9.9982E-05 0.0186624 0.946097
9.9982E-05 0.0530154 0.00803763 0.0222728 9.9982E-05 0.916474
0.0220285 0.0903628 9.9982E-05 0.0473982 9.9982E-05 0.84001
0.0969417 9.9982E-05 0.00253492 9.9982E-05 0.00779538 0.892528
0.0594455 0.00238856 9.9982E-05 0.0488327 9.9982E-05 0.889133
9.9991E-05 0.0506028 0.019447 0.0285181 0.0169416 0.884391
9.9982E-05 0.00602145 9.9982E-05 0.0444565 0.028829 0.920493
0.111733 9.9982E-05 0.0290965 0.000171192 9.9982E-05 0.858799
9.9973E-05 0.199951 9.9973E-05 9.9973E-05 0.202407 0.597342
9.9973E-05 0.324456 9.9973E-05 9.9973E-05 0.0599734 0.61527
9.9982E-05 0.355177 0.0888316 9.9982E-05 0.0344945 0.521297
9.9982E-05 0.321475 0.0369852 9.9982E-05 0.137297 0.504043
9.9982E-05 0.0530684 9.9982E-05 0.517592 0.347573 0.0815662
0.00690305 0.0673811 9.9991E-05 0.478739 0.378171 0.068706
0.108801 0.207617 0.0409241 0.506755 0.135802 9.9991E-05
0.0298371 0.212229 0.0380161 0.35873 0.30016 0.0610274
0.00285254 0.648107 9.9982E-05 0.200734 0.148106 9.9982E-05
0.0352937 0.0118122 9.9991E-05 0.610768 0.277381 0.0646445
0.0187103 0.0147189 0.0528334 0.559065 0.337735 0.0169369
9.9982E-05 0.0803903 0.0863977 0.504099 0.328913 9.9982E-05
0.0544172 9.9982E-05 0.0464545 0.315157 0.583771 9.9982E-05
0.0633129 0.0613253 0.0406213 0.669501 0.149055 0.0161844
9.9982E-05 0.110888 0.00899079 0.460262 0.419659 9.9982E-05
9.9973E-05 0.0563907 0.130129 9.9973E-05 0.81318 9.9973E-05
0.0654913 0.177345 0.021224 0.446241 0.206914 0.0827855
9.9982E-05 9.9982E-05 0.163658 0.247229 0.549875 0.0390377
9.9991E-05 0.0156279 0.0750739 0.57238 0.336439 0.000379368
9.9991E-05 0.157416 0.0186983 0.0901248 0.694607 0.0390539
9.9982E-05 0.752621 0.165255 0.0100585 9.9982E-05 0.0718654
9.9982E-05 0.690077 0.179189 0.0645132 9.9982E-05 0.0660209
9.9973E-05 0.85094 0.146637 9.9973E-05 9.9973E-05 0.00212298
9.9982E-05 0.7924 0.0687978 9.9982E-05 0.0392582 0.0993444
9.9973E-05 0.782987 0.124787 0.0919257 9.9973E-05 9.9973E-05
0.049503 0.704594 0.163028 0.0810584 9.9991E-05 0.00171637
0.0312872 9.9982E-05 9.9982E-05 0.0920529 0.0122455 0.864214
0.0575872 0.0125959 9.9982E-05 0.0652666 9.9982E-05 0.86435
0.0945896 9.9973E-05 9.9973E-05 0.120682 9.9973E-05 0.784429
0.15712 0.0981819 0.00461749 0.00475722 9.9991E-05 0.735223
0.0680954 0.0420399 9.9982E-05 0.0913926 9.9982E-05 0.798272
9.9964E-05 0.627822 9.9964E-05 9.9964E-05 9.9964E-05 0.371779
9.9982E-05 0.413754 0.0692527 9.9982E-05 0.0788416 0.437952
9.9973E-05 0.45703 9.9973E-05 9.9973E-05 0.0932827 0.449387
0.0305379 0.0404356 9.9982E-05 0.118351 9.9982E-05 0.810475
9.9973E-05 0.584217 9.9973E-05 9.9973E-05 0.0474002 0.368083
0.404023 9.9982E-05 0.138525 0.278295 9.9982E-05 0.178957
0.236401 0.0541538 0.0887359 0.486989 0.0437423 0.089978
0.281441 9.9973E-05 9.9973E-05 0.513453 9.9973E-05 0.204806
0.213804 0.0406969 0.169303 0.380569 9.9991E-05 0.195527
0.259681 9.9991E-05 0.0582305 0.443702 0.130832 0.107454
0.319208 9.9973E-05 0.260123 9.9973E-05 9.9973E-05 0.42037
9.9982E-05 0.389916 0.0501276 0.466829 0.0929273 9.9982E-05
9.9982E-05 0.208729 0.229348 0.379849 0.181874 9.9982E-05
9.9991E-05 0.512062 0.00747529 0.28538 0.104762 0.0902206
9.9982E-05 0.145581 0.135823 0.497469 0.220927 9.9982E-05
9.9973E-05 0.122984 0.491806 9.9973E-05 0.38491 9.9973E-05
0.0809756 0.00569193 0.242223 0.485851 0.0732923 0.111966
9.9991E-05 0.13324 0.148368 0.504895 0.149138 0.0642577
9.9991E-05 0.405864 0.0158743 0.361641 0.194917 0.0216041
0.08214 0.205991 0.0751535 0.53367 0.0435285 0.0595171
9.9982E-05 0.202004 0.368452 0.137246 0.292098 9.9982E-05
0.0406467 0.137853 0.261934 0.481352 0.0781145 9.9991E-05
0.0584534 0.241698 0.0878907 0.490933 0.120924 9.9991E-05
0.286342 0.0709429 0.0123543 0.312126 0.186981 0.131253
9.9982E-05 0.248393 0.189326 0.443705 0.118377 9.9982E-05
0.0422807 0.254406 0.113962 0.45653 0.109846 0.022976
0.0299673 0.117028 0.171579 0.53488 0.13987 0.00667557
9.9991E-05 0.142622 0.0960521 0.552212 0.159149 0.0498651
0.0539823 0.0819535 0.055753 0.645574 0.0856 0.0771369
0.0701699 0.193305 9.9991E-05 0.521898 0.126289 0.0882378
0.11301 0.135263 0.0669517 0.466783 0.114429 0.103562
0.126117 9.9973E-05 9.9973E-05 0.103912 9.9973E-05 0.769671
0.0546564 9.9982E-05 9.9982E-05 0.106309 0.0215044 0.81733
0.0483867 0.105495 0.0623632 0.0193341 0.0188056 0.745616
0.0702872 9.9973E-05 9.9973E-05 9.9973E-05 0.1073 0.822113
0.0179467 0.012936 9.9991E-05 0.12127 0.00220428 0.845543
0.0378087 0.529013 0.0436348 0.218972 0.15555 0.0150216
0.110798 0.132529 0.0474792 0.482841 0.155517 0.0708362
0.126301 0.0287193 0.152186 0.46852 9.9991E-05 0.224173
0.0813215 0.120329 0.042829 0.6355 0.108573 0.0114484
0.0342969 0.262595 9.9991E-05 0.510429 0.153054 0.0395258
0.0934119 0.287904 0.394999 0.223485 9.9982E-05 9.9982E-05
9.9991E-05 0.504959 0.206179 0.00507618 0.156597 0.12709
0.0393673 0.25862 0.0980043 0.522834 0.0787199 0.0024549
0.0528195 0.473543 0.0748717 0.133462 0.215088 0.0502164
0.0233116 0.253193 0.111677 0.496289 0.0661127 0.0494162
0.0310646 0.531662 0.0978922 0.0926397 0.131214 0.115528
0.0220913 0.147556 0.0910915 0.614796 9.9991E-05 0.124366
0.0536705 0.432826 0.0539878 0.144204 0.231713 0.0835985
0.0246443 0.263983 0.265992 0.357042 0.0613899 0.0269483
0.00380533 0.176514 0.165552 0.605996 9.9991E-05 0.0480336
9.9982E-05 0.136029 0.557155 0.298519 0.00809781 9.9982E-05
0.00512295 9.9991E-05 0.287151 0.602478 0.0546266 0.0505212
0.0836012 0.0120374 0.242794 0.547189 0.0562559 0.0581226
9.9982E-05 0.0482163 0.508655 0.412712 0.0302168 9.9982E-05
0.059471 0.0957083 0.20562 0.556394 0.0319179 0.0508886
9.9982E-05 9.9982E-05 0.34149 0.575153 0.0649729 0.0181845
9.9982E-05 0.0539191 0.641445 0.165704 0.138732 9.9982E-05
9.9982E-05 0.0412409 0.646298 0.279745 0.0325159 9.9982E-05
9.9991E-05 0.143429 0.308205 0.513048 0.0213353 0.0138821
9.9982E-05 0.10459 0.559182 0.212377 0.123651 9.9982E-05
9.9982E-05 0.1092 0.217229 0.505131 0.168239 9.9982E-05
0.0716832 0.544313 0.0630458 0.0786978 0.242161 9.9991E-05
0.0519703 0.277432 0.144687 0.23352 0.29229 9.9991E-05
0.143047 0.362662 9.9982E-05 0.311258 0.182832 9.9982E-05
0.110151 0.143851 0.052935 0.610917 0.0672987 0.0148467
9.99895E-05 0.460099 0.0253753 0.253493 0.260833 9.99895E-05
0.162841 0.102936 0.0118252 0.44613 0.193301 0.0829664
0.154576 0.190678 9.9991E-05 0.46506 0.164052 0.0255339
0.102757 0.185445 0.051586 0.470235 0.189878 9.9991E-05
0.0781566 0.269588 0.000639519 0.456654 0.129727 0.0652346
0.0711323 0.277909 0.060826 0.416522 0.164421 0.00918997
0.164563 0.464569 9.9982E-05 0.152173 0.218495 9.9982E-05
0.144059 0.405691 0.0328245 0.248463 0.16861 0.000353045
0.120919 0.150928 0.00563981 0.512475 0.209938 9.9991E-05
0.0771054 0.124209 0.0401719 0.500577 0.178682 0.0792536
9.9991E-05 0.212071 0.133189 0.530819 0.107684 0.0161361
0.104796 0.214297 0.104444 0.492801 0.0835617 9.9991E-05
0.101135 0.427705 0.10834 0.344534 9.9991E-05 0.018187
0.0801414 0.291089 9.9991E-05 0.580593 0.0316944 0.0163827
0.130707 0.272799 0.0568233 0.506189 9.9991E-05 0.0333813
0.0801568 0.163366 0.116991 0.482253 0.0904886 0.0667446
0.11917 9.9982E-05 9.9982E-05 0.395214 0.0970023 0.388413
0.251782 9.9991E-05 0.0563733 0.418248 0.139406 0.134091
0.210096 0.167399 0.0120392 0.370356 0.149875 0.0902343
0.114485 0.0454224 0.00229605 0.593312 0.16602 0.0784648
0.230483 9.9991E-05 0.054039 0.475068 0.0968158 0.143494
9.9982E-05 0.196538 0.213415 0.50055 0.089297 9.9982E-05
0.189653 0.107434 0.0713597 0.46492 0.0709583 0.0956748
0.168361 9.9982E-05 0.490984 9.9982E-05 0.148296 0.192159
0.297799 0.199992 0.082918 0.399875 9.9991E-05 0.0193153
0.203323 0.069851 0.0391702 0.466468 0.122026 0.0991624
0.245783 0.0451767 0.0957066 0.45498 0.100888 0.0574658
0.141392 0.0739776 0.264919 0.293424 0.112942 0.113347
0.119352 0.0466534 0.150038 0.540572 9.9991E-05 0.143284
0.143231 9.9982E-05 0.113552 0.580966 9.9982E-05 0.162052
0.172406 9.9982E-05 0.37571 9.9982E-05 0.0294086 0.422275
0.174192 9.9982E-05 9.9982E-05 0.554217 0.0575614 0.21383
0.176876 0.00516511 0.0229368 0.472999 0.114594 0.207429
0.0591656 9.9991E-05 0.0621019 0.555458 0.157078 0.166096
0.181433 0.0175967 0.100194 0.57367 9.9991E-05 0.127006
0.159517 0.0493865 0.0835272 0.464712 0.108471 0.134386
0.077535 0.116252 0.0824169 0.399554 0.322072 0.00217025
0.0518681 0.145264 0.0875793 0.533321 0.124796 0.0571716
9.9982E-05 0.0313592 0.339207 0.0671621 0.562072 9.9982E-05
9.9982E-05 0.145737 0.309732 0.0202099 0.524121 9.9982E-05
9.9991E-05 0.0681141 0.0591881 0.532507 0.212462 0.127629
0.305026 0.0399948 0.185145 0.366598 0.0174375 0.0857979
0.396361 9.9991E-05 0.122253 0.261595 0.136097 0.0835941
0.32448 9.9991E-05 0.301851 0.171448 0.0392205 0.1629
0.317764 0.0352045 0.124806 0.276513 0.0914164 0.154295
0.0625803 9.9991E-05 0.650709 0.189334 0.0849445 0.0123322
0.133496 9.9991E-05 0.491251 0.115563 0.206861 0.0527292
0.121269 0.0305482 0.0984333 0.520446 0.205013 0.0242903
0.138163 9.9991E-05 0.0836873 0.424809 0.304339 0.0489023
0.151039 0.00791921 0.359032 0.179204 0.266704 0.0361028
0.156476 0.00771016 0.0708223 0.394866 0.27763 0.0924951
0.0791743 0.0271249 0.186337 0.606598 0.0906289 0.0101368
0.173435 0.133794 0.120116 0.464116 0.108439 9.9991E-05
9.9991E-05 0.10316 0.219817 0.350073 0.307946 0.0189037
0.0341576 0.0191038 0.207342 0.347775 0.391522 9.9991E-05
0.0436947 9.9991E-05 0.123859 0.582166 0.235706 0.0144735
0.034859 0.123084 0.180789 0.411498 0.24967 9.9991E-05
0.139683 0.0799525 0.247141 0.348669 0.0952968 0.0892578
9.9973E-05 9.9973E-05 0.364323 0.544532 0.090845 9.9973E-05
9.9982E-05 0.0330475 0.37439 0.282699 0.309664 9.9982E-05
0.0408641 9.9991E-05 0.117418 0.605974 0.18984 0.0458033
9.9982E-05 0.0257136 0.281375 0.274096 0.418615 9.9982E-05
9.9991E-05 0.00556369 0.267287 0.474011 0.219371 0.0336678
9.9991E-05 0.00635462 0.0980172 0.586612 0.211066 0.0978501
0.0951138 0.154499 0.0087172 0.427435 0.305714 0.00851976
0.136979 0.0697557 0.143181 0.496909 0.0435678 0.109607
0.0991552 0.0412745 0.171087 0.423949 0.0786988 0.185836
0.308372 0.0215574 0.160618 0.300571 0.0765823 0.132298
0.200372 0.0222565 0.131891 0.383822 0.0967113 0.164947
0.190322 0.130689 0.108107 0.449183 9.9991E-05 0.121599
0.162223 0.030945 0.151234 0.35698 0.112414 0.186204
0.192516 0.0419541 0.441314 9.9991E-05 0.201478 0.122638
0.211267 0.0835306 0.095393 0.548038 9.9991E-05 0.0616716
0.172102 9.9982E-05 0.474551 9.9982E-05 0.00839432 0.344752
0.184598 0.00816074 0.127737 0.548889 0.0734172 0.0571986
9.9973E-05 9.9973E-05 0.427055 0.11434 0.458305 9.9973E-05
9.9973E-05 0.0295713 0.391212 9.9973E-05 0.578917 9.9973E-05
9.9982E-05 0.00248075 0.161325 0.498632 0.337362 9.9982E-05
0.0317619 9.9982E-05 0.0681258 0.615093 0.284819 9.9982E-05
9.9982E-05 0.000896663 0.249449 0.390755 0.358699 9.9982E-05
9.9973E-05 9.9973E-05 0.125092 0.557171 0.317436 9.9973E-05
9.9982E-05 0.0225952 0.162514 0.558912 0.255779 9.9982E-05
0.0317211 0.000635799 0.0117573 0.130733 0.00232752 0.822825
0.0807022 0.155251 0.0310028 9.9982E-05 9.9982E-05 0.732845
0.0760037 0.0437619 9.9973E-05 9.9973E-05 9.9973E-05 0.879934
9.9964E-05 9.9964E-05 9.9964E-05 0.0542122 9.9964E-05 0.945388
9.9991E-05 0.0280118 0.00537684 0.509462 0.351398 0.105652
9.9982E-05 0.0465381 9.9982E-05 0.441395 0.397875 0.113991
9.9982E-05 0.0105637 9.9982E-05 0.518251 0.46813 0.00285514
9.9982E-05 0.051387 9.9982E-05 0.626284 0.20108 0.12105
0.0861446 0.0496139 0.110632 0.541913 0.189881 0.0218152
0.00230719 0.127944 0.0551094 0.246708 0.530963 0.0369684
0.0422291 9.9982E-05 9.9982E-05 0.595368 0.340034 0.0221681
9.9973E-05 9.9973E-05 0.189258 0.344033 0.466408 9.9973E-05
0.149868 0.0605893 0.0312011 0.491661 0.0332377 0.233443
0.0353076 0.0448025 0.0587834 0.432936 0.428071 9.9991E-05
9.9982E-05 0.095034 9.9982E-05 0.387703 0.488051 0.0290115
0.0128329 0.0538237 9.9991E-05 0.541767 0.372266 0.0192106
9.9982E-05 0.0733687 9.9982E-05 0.397538 0.466698 0.0621947
9.9982E-05 9.9982E-05 0.0330952 0.563882 0.379164 0.0236584
0.0349642 9.9982E-05 9.9982E-05 0.527804 0.365514 0.0715172
9.9973E-05 9.9973E-05 0.0630513 0.0816317 0.855017 9.9973E-05
0.0922626 9.9991E-05 0.0656428 0.170147 0.6553 0.0165473
9.9991E-05 0.0595229 0.025087 0.360206 0.523366 0.0317176
9.9964E-05 9.9964E-05 0.217206 9.9964E-05 0.782394 9.9964E-05
9.9991E-05 0.0991449 0.00909739 0.436936 0.437077 0.0176443
9.9973E-05 9.9973E-05 0.24508 0.0941066 0.660514 9.9973E-05
9.9973E-05 9.9973E-05 0.226827 9.9973E-05 0.752948 0.0199249
0.0321258 9.9982E-05 9.9982E-05 0.539436 0.327593 0.100645
9.9982E-05 0.0770519 9.9982E-05 0.189403 0.682037 0.0513085
0.0708974 0.108684 9.9991E-05 0.405056 0.402433 0.0128303
0.0172345 0.00778352 0.0844525 0.551101 0.210615 0.128814
9.9982E-05 0.0252542 9.9982E-05 0.587551 0.35896 0.0280349
0.0616428 0.233169 0.228835 0.342424 0.133829 9.9991E-05
9.9982E-05 0.062075 9.9982E-05 0.473381 0.407519 0.0568258
9.99901E-05 0.049828 9.99901E-05 0.409392 0.462183 0.0783974
9.9964E-05 9.9964E-05 9.9964E-05 0.301572 0.698028 9.9964E-05
9.9982E-05 0.0678871 9.9982E-05 0.619527 0.22265 0.0897355
9.9973E-05 0.238976 9.9973E-05 9.9973E-05 0.0909986 0.669725
9.9982E-05 0.0918813 9.9982E-05 0.0174658 0.131971 0.758482
9.9973E-05 0.113094 9.9973E-05 9.9973E-05 0.0510551 0.835551
9.9982E-05 0.172023 0.0512062 9.9982E-05 0.00371575 0.772855
9.9973E-05 0.240446 9.9973E-05 0.0364157 9.9973E-05 0.722839
0.0660406 0.153201 9.9991E-05 0.061949 0.698066 0.0206428
9.9982E-05 0.0949127 9.9982E-05 0.104899 0.717141 0.0828477
0.0112803 9.9982E-05 0.0150828 0.126923 0.846514 9.9982E-05
0.117417 9.9982E-05 9.9982E-05 0.573304 0.21292 0.0961593
9.9982E-05 9.9982E-05 0.0603741 0.618183 0.213485 0.107758
0.00793179 9.9991E-05 0.114272 0.281461 0.539782 0.0564529
0.0843731 9.9973E-05 9.9973E-05 0.595117 0.32021 9.9973E-05
0.0521276 9.9991E-05 0.0235558 0.357553 0.475763 0.0908998
0.0364905 0.0295372 0.0124844 0.460139 0.401957 0.0593914
0.116494 0.0323903 0.0334981 0.523199 0.249734 0.044684
0.046178 0.110859 9.9982E-05 0.216606 0.626158 9.9982E-05
9.9982E-05 0.0682031 9.9982E-05 0.394612 0.526378 0.0106075
9.9973E-05 0.159749 9.9973E-05 0.3088 0.531152 9.9973E-05
0.0051152 0.0871779 0.168318 0.627351 9.9991E-05 0.111937
9.9982E-05 0.0593596 9.9982E-05 0.445387 0.492339 0.00271452
0.0651034 9.9991E-05 0.0228648 0.439516 0.378676 0.0937401
0.522311 0.0422736 0.0288309 0.374196 0.0322879 9.9991E-05
0.403281 0.08201 9.9991E-05 0.348766 0.0545461 0.111297
0.498648 9.9991E-05 0.0349197 0.357515 0.0587134 0.050104
0.460187 9.9991E-05 0.00443647 0.305896 0.096726 0.132654
0.331469 9.9991E-05 0.043548 0.45674 0.0249802 0.143162
0.100723 9.9982E-05 0.18519 0.390451 0.323436 9.9982E-05
0.661635 9.9991E-05 0.0245691 0.00942034 0.00284359 0.301432
0.49079 9.9991E-05 0.0218918 0.286856 0.0350582 0.165304
0.205386 0.0646168 0.201135 0.415791 9.9991E-05 0.112972
9.9982E-05 0.0605529 0.157163 0.669613 9.9982E-05 0.112471
0.0267018 0.148449 0.227764 0.458642 0.0412921 0.0971515
0.0411502 0.0732161 0.204998 0.641494 9.9991E-05 0.0390424
0.011906 0.036511 0.0730671 0.625344 0.0827067 0.170465
0.478667 9.9982E-05 0.0225584 0.330824 9.9982E-05 0.167751
0.419898 0.0789195 0.0644085 0.372613 9.9991E-05 0.0640617
0.490077 9.9982E-05 0.0319368 0.391741 9.9982E-05 0.0860447
0.184541 0.0943767 0.0076356 0.444079 0.0787706 0.190598
0.491814 9.9991E-05 0.0857316 0.258737 0.0346301 0.128988
0.321388 0.00820801 9.9991E-05 0.42481 0.107945 0.137549
0.561965 0.00801117 0.0844232 0.231537 9.9991E-05 0.113964
0.367145 0.0696352 0.0579972 0.336414 0.104873 0.0639366
9.9982E-05 0.00582282 0.302643 0.578735 9.9982E-05 0.112599
0.304101 9.9991E-05 0.045554 0.387714 0.0936034 0.168928
0.613721 9.9973E-05 9.9973E-05 0.198541 9.9973E-05 0.187439
0.433223 0.0787163 0.0211437 0.260226 0.125939 0.080753
9.9991E-05 0.22318 0.267468 0.268749 0.0965348 0.143969
0.103101 0.14917 0.224113 0.511628 0.0118884 9.9991E-05
0.285474 0.0801512 0.0564767 0.370906 0.0654091 0.141583
9.9991E-05 0.00656682 0.203583 0.658992 0.00853388 0.122224
9.9991E-05 0.0940288 0.189567 0.519159 0.030409 0.166736
0.204046 0.0304087 0.0191678 0.367712 0.134799 0.243867
0.246772 0.0389415 0.102176 0.329614 0.0317161 0.25078
0.0509825 0.0012516 0.0596262 0.608143 0.085277 0.194719
0.306024 9.9982E-05 0.150924 0.391813 9.9982E-05 0.151039
0.466367 9.9982E-05 0.0405486 0.363336 9.9982E-05 0.129548
0.622881 0.0136534 0.0697262 0.113814 9.9991E-05 0.179825
9.9982E-05 9.9982E-05 0.213237 0.602228 0.0491913 0.135144
9.9991E-05 0.118442 0.209029 0.545578 0.0600499 0.0668003
9.9973E-05 9.9973E-05 0.67163 0.264367 9.9973E-05 0.0637038
9.9991E-05 0.0514369 0.0515407 0.647736 0.0866564 0.16253
0.0663025 0.203355 0.168352 0.346877 0.166692 0.0484217
0.158166 9.9991E-05 0.243128 0.403699 0.0576561 0.137251
0.0997846 0.079174 0.112279 0.478922 0.0939425 0.135897
0.181495 9.9973E-05 0.571751 9.9973E-05 9.9973E-05 0.246454
0.0936901 9.9973E-05 0.650313 9.9973E-05 9.9973E-05 0.255697
0.133222 0.0647596 0.340399 0.27343 0.0698104 0.118379
0.261258 0.0462703 0.486646 9.9982E-05 9.9982E-05 0.205626
0.208186 9.9973E-05 0.384179 9.9973E-05 9.9973E-05 0.407334
0.17981 9.9991E-05 0.226254 0.389584 0.0489375 0.155314
0.197122 0.0869721 0.201458 0.346599 0.0013608 0.166488
0.201996 9.9991E-05 0.376316 0.144138 0.0369023 0.240549
0.20007 9.9982E-05 0.480114 0.0695137 9.9982E-05 0.250102
0.14582 0.112266 0.234796 0.383819 0.0520338 0.0712649
0.130658 0.017475 0.428076 0.152287 0.102888 0.168616
0.0760058 9.9973E-05 0.567639 9.9973E-05 9.9973E-05 0.356056
0.117268 0.0526891 0.0441128 0.555621 0.085421 0.144888
0.295035 0.0279451 0.333183 0.248834 0.0127509 0.0822518
0.203223 0.0359305 9.9991E-05 0.417851 0.0748366 0.268058
0.261692 9.9973E-05 9.9973E-05 0.568313 9.9973E-05 0.169695
0.177145 9.9982E-05 0.0931028 0.593722 9.9982E-05 0.13583
0.246591 9.9991E-05 0.0676792 0.468636 0.0600188 0.156974
0.255604 0.0363053 0.0852655 0.299681 9.9991E-05 0.323044
0.164097 0.0322683 0.0702981 0.535173 9.9991E-05 0.198063
0.261763 9.9982E-05 0.0922124 0.435925 9.9982E-05 0.2099
0.272034 0.0247762 0.145979 0.220284 0.0921261 0.244801
0.152212 0.064469 0.0121213 0.233248 0.326779 0.211171
0.174893 0.102001 0.00881176 0.471459 0.107272 0.135563
0.0808948 0.0384806 9.9991E-05 0.595292 0.125428 0.159805
0.144596 0.035169 9.9991E-05 0.527148 0.21279 0.0801961
0.284674 0.0013537 0.0815673 0.374146 9.9991E-05 0.258159
0.0911357 9.9991E-05 0.0274927 0.564956 0.0271081 0.289208
0.219338 9.9982E-05 0.283092 0.155795 9.9982E-05 0.341576
0.169284 0.0808285 0.103399 0.540586 0.0395906 0.0663122
0.337539 9.9982E-05 0.260568 0.186601 9.9982E-05 0.215092
0.00397092 0.109931 0.0177905 9.9991E-05 0.0757046 0.792503
0.0128956 0.742888 9.9991E-05 0.0778509 0.0639007 0.102365
9.9973E-05 0.97645 9.9973E-05 9.9973E-05 0.00673379 0.0165165
9.996E-05 0.9995 9.996E-05 9.996E-05 9.996E-05 9.996E-05
9.9964E-05 0.961316 9.9964E-05 0.0382839 9.9964E-05 9.9964E-05
0.044849 0.954328 9.9973E-05 9.9973E-05 9.9973E-05 0.000522619
9.9964E-05 0.906158 9.9964E-05 0.0934418 9.9964E-05 9.9964E-05
9.9964E-05 0.957299 9.9964E-05 9.9964E-05 9.9964E-05 0.0423007
0.00910047 0.792145 9.9982E-05 0.00767363 9.9982E-05 0.190881
0.039406 0.0067528 0.0171562 0.036535 9.9991E-05 0.90005
9.9973E-05 0.104124 9.9973E-05 0.0697913 9.9973E-05 0.825785
0.0440167 9.9982E-05 0.0384541 9.9982E-05 0.0203449 0.896984
9.9982E-05 0.12427 0.0630415 0.02095 9.9982E-05 0.791538
0.0783946 0.0356159 9.9982E-05 0.00386956 9.9982E-05 0.88192
0.0126173 0.0573444 0.00670831 9.9991E-05 0.0185449 0.904685
0.187609 0.103151 0.0105163 9.9982E-05 9.9982E-05 0.698524
0.0657856 9.9973E-05 9.9973E-05 0.0761427 9.9973E-05 0.857772
0.0973837 0.182507 9.9982E-05 0.0330323 9.9982E-05 0.686877
0.0521344 9.9982E-05 9.9982E-05 0.0164595 0.00836259 0.922844
9.9982E-05 0.0231005 0.0317003 9.9982E-05 0.0237217 0.921278
0.0548614 0.058036 9.9991E-05 0.025671 0.00859585 0.852736
0.0325346 0.0578619 9.9973E-05 9.9973E-05 9.9973E-05 0.909304
9.9964E-05 9.9964E-05 9.9964E-05 0.0743141 9.9964E-05 0.925286
0.0902338 9.9973E-05 9.9973E-05 9.9973E-05 0.0700118 0.839455
0.0190783 9.9973E-05 9.9973E-05 0.133071 9.9973E-05 0.84755
0.125113 9.9973E-05 9.9973E-05 0.0954794 9.9973E-05 0.779108
0.158709 9.9973E-05 9.9973E-05 0.0604601 9.9973E-05 0.780531
0.0499041 9.9973E-05 9.9973E-05 0.125407 9.9973E-05 0.824389
9.9991E-05 0.153064 0.183122 0.442467 0.0811166 0.14013
9.9991E-05 0.0166562 0.178696 0.734188 0.0160435 0.054316
0.0345497 0.0653196 0.0879688 0.546193 0.1626 0.103369
9.9982E-05 0.00958307 0.657743 0.209921 0.122553 9.9982E-05
9.9991E-05 0.121111 0.17828 0.572521 0.00269392 0.125294
9.9973E-05 9.9973E-05 0.699106 0.200343 9.9973E-05 0.100251
9.9973E-05 9.9973E-05 0.217707 0.708847 9.9973E-05 0.0731466
9.9991E-05 0.177122 0.238933 0.454766 0.104171 0.0249076
9.9991E-05 0.0963149 0.127324 0.565066 0.104455 0.10674
0.00319764 0.0387734 9.9991E-05 0.485726 0.400516 0.0716866
9.9991E-05 0.116035 0.274002 0.480974 0.0790915 0.0497975
9.9973E-05 9.9973E-05 0.165786 0.695892 9.9973E-05 0.138022
0.0058788 0.102915 0.153494 0.647683 9.9991E-05 0.0899288
0.0536269 0.387468 0.210177 0.0396634 0.308965 9.9991E-05
9.9982E-05 0.0477279 0.829565 0.034333 0.0881743 9.9982E-05
9.9973E-05 0.0521572 0.748124 0.199419 9.9973E-05 9.9973E-05
0.036107 0.0679214 0.154675 0.619885 9.9991E-05 0.121311
0.0262515 0.0797001 0.325331 0.513969 0.000460541 0.0542882
9.9982E-05 9.9982E-05 0.287771 0.548662 0.0392342 0.124133
0.00310732 9.9991E-05 0.0369089 0.718028 0.160776 0.0810795
0.245803 9.9982E-05 0.239703 0.431225 9.9982E-05 0.0830696
0.166803 9.9982E-05 9.9982E-05 0.573192 0.00333879 0.256467
0.133481 0.0686296 0.124309 0.127842 0.117184 0.428554
0.102975 0.154688 0.0588767 0.604495 9.9991E-05 0.0788652
0.194838 0.00644357 0.0745127 0.370812 0.107732 0.245662
0.163975 0.00623675 0.412378 9.9991E-05 0.0244286 0.392882
0.218253 9.9982E-05 0.212954 0.325058 9.9982E-05 0.243535
0.177425 0.0791877 0.0801077 0.256549 0.0865287 0.320202
0.0549069 0.111255 9.9991E-05 0.469607 0.0268262 0.337306
0.174093 0.00216527 0.0965851 0.495386 0.0830541 0.148717
0.177473 0.0585887 0.0778529 0.515862 0.00264587 0.167577
0.246969 9.9991E-05 0.0915778 0.486192 0.0888899 0.0862709
0.150626 9.9991E-05 0.243027 0.388602 0.0333172 0.184328
0.167885 0.0142922 0.0551378 0.282092 0.0406764 0.439917
