0.0364736 0.0257702 0.011937 0.925619 9.9982E-05 9.9982E-05
0.0457537 9.9973E-05 0.0247741 0.929172 9.9973E-05 9.9973E-05
0.0224871 0.131382 9.9982E-05 0.835549 0.0103819 9.9982E-05
0.0943276 9.9973E-05 9.9973E-05 0.754379 0.150994 9.9973E-05
9.9982E-05 9.9982E-05 0.0233486 0.857454 0.0839459 0.0350513
0.0389566 0.08264 0.057558 0.646624 0.0372486 0.136973
0.0463523 9.9973E-05 9.9973E-05 0.850961 9.9973E-05 0.102387
0.0988032 9.9982E-05 9.9982E-05 0.730835 0.00156613 0.168595
0.0922995 9.9982E-05 0.0313921 0.835927 9.9982E-05 0.0401813
0.036491 0.150131 0.00170303 0.724852 0.0138877 0.0729353
0.0761682 0.0346229 9.9982E-05 0.737653 9.9982E-05 0.151355
0.503941 0.224441 0.17458 9.9982E-05 0.0968379 9.9982E-05
0.307284 0.486923 0.129799 9.9982E-05 0.0757928 9.9982E-05
0.40558 0.28213 0.148725 0.0742431 0.0361769 0.0531451
0.313328 0.331679 0.11346 0.0345645 0.128252 0.0787155
0.138462 0.307915 0.195987 0.157981 0.13138 0.0682736
0.197052 0.607492 0.0161638 0.00217347 0.104466 0.072653
0.192195 0.405248 0.209442 9.9991E-05 0.129856 0.0631588
0.335065 0.355211 0.142289 0.107972 0.0593635 9.9991E-05
0.668701 0.04204 0.0765907 0.0321559 0.0381949 0.142317
0.220217 0.413155 0.122276 0.0664802 0.089887 0.0879843
0.22431 0.501479 0.0484611 0.0235079 9.9991E-05 0.202142
0.201926 0.556576 0.132854 0.0210768 0.0742903 0.0132761
0.291421 0.277736 0.25628 0.0222625 0.113216 0.0390848
0.146554 0.68558 9.9991E-05 0.0620144 0.0630277 0.0427235
0.241811 0.452022 0.0932796 0.0155439 0.197243 9.9991E-05
0.467294 0.204976 0.125111 0.0130171 0.131502 0.0580998
0.391438 0.179331 0.213829 0.0327413 0.18256 9.9991E-05
0.420487 0.202375 0.134207 0.00400914 0.0452709 0.193651
9.9973E-05 0.0985821 9.9973E-05 0.83799 0.0631275 9.9973E-05
9.9973E-05 0.141389 9.9973E-05 0.837209 0.0211025 9.9973E-05
0.00402152 0.172445 9.9982E-05 0.776071 0.0472619 9.9982E-05
9.9982E-05 0.0733222 0.0597164 0.778633 0.0881286 9.9982E-05
0.128282 0.537134 0.243518 0.0271053 9.9991E-05 0.0638602
0.0942247 0.485217 0.261872 0.0762727 0.0823132 9.9991E-05
9.9973E-05 0.519606 0.443171 0.0369224 9.9973E-05 9.9973E-05
0.564534 0.156258 0.128452 0.0744408 0.014866 0.0614495
9.9991E-05 0.296411 0.620932 0.0381453 0.0269677 0.0174441
0.125766 0.547168 0.169211 0.119578 0.00561875 0.0326578
9.9973E-05 0.781073 0.159172 9.9973E-05 9.9973E-05 0.0594556
9.9982E-05 0.677905 0.108763 0.0682868 9.9982E-05 0.144846
0.089251 0.64992 0.0513975 0.092526 0.00661582 0.110289
0.108839 0.0637741 0.778659 0.0388144 0.00255357 0.0073605
0.0577072 0.634149 0.0568126 0.0246509 0.0331791 0.193501
9.9991E-05 0.541991 0.190403 0.0873932 0.0871542 0.0929585
0.0415276 0.497449 0.228583 0.0719722 0.0874379 0.0730305
0.00539816 0.294167 0.669257 9.9982E-05 9.9982E-05 0.0309783
0.013155 0.648211 0.215238 0.104344 0.0189525 9.9991E-05
9.9982E-05 0.471593 0.301273 0.102831 0.124104 9.9982E-05
9.9973E-05 9.9973E-05 0.614 0.0752162 9.9973E-05 0.310484
0.456559 0.179641 0.262674 9.9982E-05 9.9982E-05 0.100927
0.20067 0.0350231 0.240719 0.0199237 0.0632745 0.440389
0.147039 0.577954 9.9991E-05 0.0505538 0.090437 0.133916
0.146011 0.612337 9.9991E-05 0.0670296 0.00435039 0.170171
0.105607 0.574145 0.118403 0.0526421 0.079856 0.0693468
0.362653 0.19769 0.246472 0.075459 9.9991E-05 0.117627
0.310234 0.460141 0.0973376 0.00627832 0.0598012 0.0662072
0.108382 0.616701 9.9982E-05 0.0905179 9.9982E-05 0.184199
0.201913 0.394354 0.133117 0.139112 0.0123083 0.119195
0.316648 0.0545647 0.155784 0.178533 0.0849738 0.209496
0.189362 0.616852 0.100406 0.0325547 9.9991E-05 0.060725
0.311057 0.342483 0.156178 0.0346357 0.0900005 0.0656454
0.510693 0.0362171 0.259512 0.0316249 9.9991E-05 0.161853
0.238061 0.543281 0.118919 9.9991E-05 0.00776385 0.0918754
0.0131499 0.676297 0.00424799 9.9991E-05 0.0722586 0.233946
0.111411 0.495003 0.116285 0.0361739 0.0910262 0.150102
0.226018 0.287411 0.274278 0.0759484 0.0617577 0.0745871
0.185201 0.49543 0.110455 9.9991E-05 0.0312364 0.177577
0.212955 0.633255 9.9982E-05 0.0655955 9.9982E-05 0.0879942
0.418307 0.207111 0.24429 9.9982E-05 9.9982E-05 0.130092
0.0695988 0.555264 0.374837 9.9973E-05 9.9973E-05 9.9973E-05
0.063496 0.162462 0.74442 0.0294213 9.9982E-05 9.9982E-05
0.0615598 0.512235 0.264325 0.0500538 0.0166201 0.0952064
9.9964E-05 9.9964E-05 0.865065 9.9964E-05 9.9964E-05 0.134535
0.0319849 9.9973E-05 0.823215 9.9973E-05 9.9973E-05 0.1445
9.9964E-05 0.218536 0.781064 9.9964E-05 9.9964E-05 9.9964E-05
0.0583365 0.392703 0.538429 0.0103315 9.9982E-05 9.9982E-05
0.137508 0.526893 0.0985531 0.168323 0.0530644 0.0156584
0.0694967 0.307302 0.525186 9.9982E-05 0.0978149 9.9982E-05
0.193437 0.124183 0.627557 0.0234796 0.0312429 9.9991E-05
0.240908 0.232156 0.499188 0.0275476 9.9982E-05 9.9982E-05
9.9982E-05 0.444533 0.382892 0.0740888 0.098286 9.9982E-05
0.0139252 0.280787 0.625634 0.0582528 0.0213014 9.9991E-05
0.0199059 0.331762 0.502348 0.0447339 0.0356342 0.0656158
9.9964E-05 0.400276 0.599324 9.9964E-05 9.9964E-05 9.9964E-05
9.9973E-05 9.9973E-05 0.681334 0.0108042 9.9973E-05 0.307562
0.118961 0.605075 0.16577 0.00777808 0.0455852 0.0568312
0.120319 0.0283359 9.9982E-05 0.778814 0.072332 9.9982E-05
9.9964E-05 0.110134 9.9964E-05 0.889466 9.9964E-05 9.9964E-05
9.9973E-05 0.0952691 9.9973E-05 0.84749 0.0569406 9.9973E-05
9.9982E-05 0.0201398 0.0471499 0.912369 0.0201413 9.9982E-05
9.9982E-05 0.141543 0.00737754 0.849945 0.000934308 9.9982E-05
9.9982E-05 0.0394019 0.0422772 0.889298 0.028823 9.9982E-05
9.9964E-05 0.0917985 9.9964E-05 0.907802 9.9964E-05 9.9964E-05
0.109658 0.444542 0.228759 0.058267 0.136953 0.021821
0.00404993 0.542796 0.25308 0.11916 0.0615019 0.019413
0.0782352 9.9982E-05 0.858766 0.0235694 9.9982E-05 0.0392294
0.0642882 0.545133 0.17055 0.0510364 0.0845908 0.084402
0.0810096 0.391008 0.450751 0.0352905 0.0418408 9.9991E-05
0.030754 0.630101 0.282611 0.0561998 9.9991E-05 0.000234837
9.9991E-05 0.540756 0.345934 0.0415267 0.0445071 0.0271769
9.9973E-05 0.414332 0.468528 9.9973E-05 0.116839 9.9973E-05
0.228016 9.9982E-05 0.721506 0.0484057 9.9982E-05 0.00187236
0.153852 0.584252 0.0537183 0.17546 9.9991E-05 0.0326176
0.00830589 0.580288 0.212281 0.0294165 0.103229 0.0664799
0.150203 0.528632 0.125189 0.0794273 0.0843479 0.0321998
9.9991E-05 0.204142 0.602326 0.013554 0.0653284 0.11455
9.9991E-05 0.535684 0.305368 0.00402839 0.0317481 0.123072
0.0875315 0.427147 0.452819 0.0323021 9.9982E-05 9.9982E-05
9.9973E-05 0.228272 0.655957 9.9973E-05 0.115471 9.9973E-05
0.0848563 0.440713 0.384731 0.0895 9.9982E-05 9.9982E-05
0.178661 0.477813 0.127234 0.0986242 0.0544429 0.0632248
0.327629 0.21134 0.151141 0.0308051 0.0851863 0.1939
0.30595 0.402272 0.0752262 0.103462 0.11299 9.9991E-05
0.225024 0.49442 9.9991E-05 0.111727 0.067805 0.100924
0.0848554 0.433327 0.171492 0.0507771 0.162735 0.0968135
0.388397 0.450953 0.115265 0.0451855 9.9982E-05 9.9982E-05
0.312694 0.624346 0.0626602 9.9973E-05 9.9973E-05 9.9973E-05
0.356252 0.485375 0.108514 0.00220313 0.0298268 0.0178284
0.137518 0.574554 0.0813479 0.023122 9.9991E-05 0.183358
0.119018 0.639946 0.108762 0.0803812 0.0517931 9.9991E-05
0.152976 0.619652 0.124905 0.0255242 0.0371451 0.0397971
0.357739 0.488844 0.0724902 0.0215979 9.9991E-05 0.0592289
0.153534 0.625921 9.9982E-05 9.9982E-05 0.117925 0.10242
0.0967557 0.572551 9.9991E-05 0.112217 0.0962642 0.122112
0.265461 0.51233 0.0871529 0.0234066 0.11155 9.9991E-05
0.0894082 0.589526 0.0316251 0.0842751 0.025433 0.179733
0.208711 0.539572 0.0407639 9.9991E-05 0.0777398 0.133113
0.277971 0.435422 9.9982E-05 0.0480211 9.9982E-05 0.238386
0.172445 0.554588 0.116791 9.9991E-05 0.132205 0.0238723
0.216842 0.687894 9.9991E-05 0.00875244 0.0194745 0.0669374
0.389648 0.114809 0.26701 0.0325047 0.122766 0.0732616
0.297898 0.210519 0.122543 9.9991E-05 0.0398944 0.329046
0.257781 0.570511 0.0832159 9.9991E-05 0.026753 0.0616389
0.35056 0.0178388 0.224611 9.9991E-05 0.0664267 0.340464
0.425432 0.290675 0.157135 0.0507699 9.9991E-05 0.0758877
0.3416 0.456623 0.144845 9.9991E-05 0.00219608 0.0546355
0.437191 0.354414 0.177256 0.0309391 9.9982E-05 9.9982E-05
0.45588 0.258275 0.226061 9.9991E-05 0.0440726 0.0156117
0.159218 0.614599 0.0592672 0.0886657 0.0570513 0.0211997
0.125494 0.629609 0.0943076 0.0705574 0.0140931 0.0659388
0.273578 0.632778 0.00621059 0.0610299 0.0263043 9.9991E-05
0.298792 0.145098 0.143924 9.9991E-05 0.0846942 0.327391
9.9991E-05 0.591865 0.144698 0.15042 0.0338551 0.0790617
0.0301425 0.520416 0.139585 0.0266992 0.0234282 0.259728
0.181044 9.9982E-05 0.105127 0.15477 9.9982E-05 0.558859
9.9973E-05 0.706835 9.9973E-05 0.071097 9.9973E-05 0.221768
0.0634476 0.468102 0.155728 0.096035 9.9991E-05 0.216587
0.0681332 0.421639 0.211744 0.0330907 0.158529 0.106864
0.0506828 0.351162 0.0562078 0.110049 9.9991E-05 0.431799
0.167439 0.213729 0.0877867 0.0334253 9.9991E-05 0.49752
0.206362 0.424355 0.104614 0.0435439 9.9991E-05 0.221025
0.0669651 0.606296 9.9991E-05 0.11022 0.0234441 0.192975
0.0662842 0.410334 0.171782 0.154781 0.0693194 0.1275
0.116118 9.9991E-05 0.296949 0.0519031 0.149172 0.385758
0.0550587 0.578538 0.0897048 0.0472281 0.041954 0.187516
0.138217 0.33073 0.228226 9.9982E-05 9.9982E-05 0.302626
0.124357 0.494815 0.202517 9.9982E-05 9.9982E-05 0.178111
0.0411951 0.595129 0.147142 0.0752832 0.0588987 0.0823525
9.9982E-05 0.174935 9.9982E-05 0.348981 0.23174 0.244144
9.9973E-05 9.9973E-05 9.9973E-05 0.510003 0.167411 0.322286
9.9973E-05 9.9973E-05 9.9973E-05 0.421532 0.135955 0.442213
0.0607566 0.0218486 9.9991E-05 0.375137 0.394288 0.147869
9.9973E-05 0.707563 0.0363182 9.9973E-05 9.9973E-05 0.255819
0.0263181 0.649947 0.109041 0.00643185 0.0539363 0.154326
0.0382572 0.279472 9.9973E-05 9.9973E-05 0.681971 9.9973E-05
0.124515 0.225951 0.0889225 0.0559424 0.504569 9.9991E-05
0.0782524 0.425665 0.0354681 0.0363797 0.376211 0.0480236
9.9973E-05 0.338552 0.15101 9.9973E-05 9.9973E-05 0.510138
0.0965582 0.502028 0.107861 0.0985269 0.0822118 0.112814
9.9973E-05 0.283491 0.0399257 9.9973E-05 9.9973E-05 0.676283
0.0319786 0.575077 0.123127 9.9991E-05 0.00612597 0.263591
0.115574 0.501002 0.0506067 9.9991E-05 0.00877205 0.323945
0.00167444 0.612192 9.9991E-05 0.00865552 0.0416352 0.335743
0.0814913 0.255196 9.9973E-05 9.9973E-05 9.9973E-05 0.663013
0.0168201 0.621213 0.0340917 0.00449226 0.06868 0.254703
9.9991E-05 0.581325 0.195425 0.0754758 0.0523735 0.0953009
9.9982E-05 0.0140507 0.0285847 9.9982E-05 0.955385 0.0017792
9.9973E-05 0.068639 9.9973E-05 9.9973E-05 0.920302 0.0107592
0.0861617 0.254108 0.0452433 9.9982E-05 0.614287 9.9982E-05
9.9973E-05 0.3426 9.9973E-05 0.0423751 0.614725 9.9973E-05
9.9982E-05 0.115585 0.0319585 0.030407 0.82185 9.9982E-05
9.996E-05 9.996E-05 9.996E-05 9.996E-05 0.9995 9.996E-05
9.9964E-05 9.9964E-05 0.0198366 9.9964E-05 0.979764 9.9964E-05
9.9964E-05 0.0971175 9.9964E-05 9.9964E-05 0.902483 9.9964E-05
0.0312479 0.0288423 9.9973E-05 9.9973E-05 0.93961 9.9973E-05
9.996E-05 9.996E-05 9.996E-05 9.996E-05 0.9995 9.996E-05
9.996E-05 9.996E-05 9.996E-05 9.996E-05 0.9995 9.996E-05
9.9973E-05 0.241018 9.9973E-05 0.0392948 0.719387 9.9973E-05
0.00591661 0.165557 9.9982E-05 0.0671276 0.761199 9.9982E-05
9.9964E-05 9.9964E-05 0.00664194 9.9964E-05 0.992958 9.9964E-05
0.0904494 0.356363 0.0735507 0.0581285 0.366275 0.0552337
0.0296591 0.31431 9.9991E-05 0.00173306 0.6528 0.00139804
0.01897 0.202707 0.0129336 0.0402937 0.724995 9.9991E-05
0.0461672 0.0570244 9.9973E-05 9.9973E-05 0.896508 9.9973E-05
9.9964E-05 9.9964E-05 0.0100896 9.9964E-05 0.989511 9.9964E-05
0.0353231 0.0590081 9.9982E-05 0.0203344 0.885135 9.9982E-05
9.996E-05 9.996E-05 9.996E-05 9.996E-05 0.9995 9.996E-05
0.0126386 0.266913 0.0825798 0.0458854 0.591883 9.9991E-05
0.0268953 0.00724386 0.0327105 0.0059638 0.927087 9.9991E-05
9.9982E-05 9.9982E-05 0.0114337 0.365068 0.0150135 0.608284
0.164971 0.42294 0.0141826 0.150805 0.0340622 0.213039
0.0844754 0.511704 9.9982E-05 0.18839 9.9982E-05 0.215231
9.9991E-05 0.225915 0.00931861 0.191205 0.105507 0.467954
0.00897765 0.442565 0.0897697 0.154218 0.120052 0.184418
9.9991E-05 0.16265 0.0258089 0.255989 0.109453 0.445998
0.0574558 0.386483 0.041241 0.193068 0.0885698 0.233182
9.9982E-05 0.346043 9.9982E-05 0.123722 0.129741 0.400293
9.9991E-05 0.394903 0.0695379 0.149115 0.213997 0.172348
9.9982E-05 0.3805 9.9982E-05 0.154853 0.161063 0.303383
0.00442298 0.531198 0.0332254 0.218812 9.9991E-05 0.212242
0.0680707 0.0344874 0.00826638 0.830526 9.9991E-05 0.0585497
9.9964E-05 9.9964E-05 9.9964E-05 0.921899 0.0777013 9.9964E-05
0.0503722 0.00634399 9.9973E-05 0.942984 9.9973E-05 9.9973E-05
0.0539461 0.0192529 9.9973E-05 0.926501 9.9973E-05 9.9973E-05
0.0869254 9.9973E-05 9.9973E-05 0.887293 0.0254821 9.9973E-05
9.9973E-05 9.9973E-05 0.0161388 0.910114 0.0734468 9.9973E-05
0.00285765 0.00532694 9.9982E-05 0.914293 0.0773229 9.9982E-05
9.9964E-05 9.9964E-05 9.9964E-05 0.920181 9.9964E-05 0.0794193
9.9982E-05 0.00255848 0.0564135 0.933217 0.00761068 9.9982E-05
0.0193768 0.0189479 9.9982E-05 0.861945 0.0995306 9.9982E-05
0.243191 9.9973E-05 0.120949 0.63556 9.9973E-05 9.9973E-05
0.305706 9.9982E-05 0.078161 0.61503 0.000902966 9.9982E-05
0.334314 9.9982E-05 0.0452076 0.479541 9.9982E-05 0.140737
0.299796 9.9982E-05 0.140912 0.517328 9.9982E-05 0.0417632
0.137754 0.575791 0.191763 0.0291624 9.9991E-05 0.06543
0.0397511 0.510787 0.286035 0.0382585 9.9991E-05 0.125068
0.193402 0.53691 0.140826 0.0886545 0.0401075 9.9991E-05
0.290623 0.474704 0.210833 9.9982E-05 9.9982E-05 0.0236394
0.550134 0.192123 0.196838 9.9982E-05 9.9982E-05 0.060705
0.0227895 0.62186 0.204683 0.0705718 0.0021867 0.0779089
0.141457 0.562582 0.257131 0.0134039 0.0032846 0.0221423
0.087607 0.51549 0.34573 9.9982E-05 9.9982E-05 0.0509733
0.018751 0.319747 0.569733 9.9991E-05 0.0758929 0.0157762
0.0221537 0.581037 0.272444 0.0547519 0.0695133 9.9991E-05
0.117679 0.310214 0.547435 9.9982E-05 0.0244717 9.9982E-05
0.0753397 9.9973E-05 0.741495 9.9973E-05 9.9973E-05 0.182865
0.145842 0.578668 0.135017 0.0714082 9.9991E-05 0.0689659
9.9973E-05 0.195259 0.55013 9.9973E-05 9.9973E-05 0.254311
9.9982E-05 0.545145 0.325728 0.0108879 9.9982E-05 0.118039
0.162223 0.0576762 0.717229 0.0626715 9.9982E-05 9.9982E-05
0.822411 9.9973E-05 9.9973E-05 0.0964689 9.9973E-05 0.08082
0.754114 0.0462292 9.9982E-05 0.0754009 9.9982E-05 0.124056
0.838857 9.9973E-05 9.9973E-05 0.000654353 9.9973E-05 0.160189
0.855211 9.9982E-05 0.00454294 0.0960751 9.9982E-05 0.0439707
0.832849 0.0211249 9.9982E-05 9.9982E-05 0.0467643 0.0990615
0.795769 0.0119697 9.9991E-05 0.0483814 0.0417986 0.101982
9.9982E-05 0.0616373 0.0243259 0.835338 0.078499 9.9982E-05
0.100663 0.107078 9.9982E-05 0.787515 0.00454432 9.9982E-05
0.00216853 0.15761 9.9982E-05 0.774949 0.065072 9.9982E-05
0.103229 0.00696264 9.9982E-05 0.747931 0.141678 9.9982E-05
0.0437284 0.111356 9.9982E-05 0.78342 0.0612952 9.9982E-05
0.56232 9.9982E-05 0.0227909 0.398278 9.9982E-05 0.0164119
0.428889 9.9973E-05 9.9973E-05 0.416198 9.9973E-05 0.154613
0.439599 9.9982E-05 0.0454055 0.47855 9.9982E-05 0.0362454
0.0194313 0.139677 9.9982E-05 0.817737 0.0229554 9.9982E-05
0.510859 9.9973E-05 0.101473 0.387368 9.9973E-05 9.9973E-05
9.9982E-05 0.213908 9.9982E-05 0.144391 0.387409 0.254093
0.0858921 0.465359 0.0221639 0.103483 0.323001 9.9991E-05
9.9973E-05 0.511695 9.9973E-05 0.177276 0.310729 9.9973E-05
0.0151773 0.366824 0.0628771 0.265657 0.204922 0.0845426
9.9991E-05 0.530731 0.0614246 0.187584 0.151587 0.0685725
9.9973E-05 9.9973E-05 9.9973E-05 0.464752 0.284798 0.250151
0.311561 0.470913 0.132247 9.9982E-05 9.9982E-05 0.0850794
0.246402 0.331758 0.138692 9.9991E-05 0.0151859 0.267861
0.529723 0.302722 0.0814583 0.0858966 9.9982E-05 9.9982E-05
0.225201 0.457816 0.141256 9.9982E-05 9.9982E-05 0.175527
0.2034 9.9973E-05 0.17806 9.9973E-05 9.9973E-05 0.61824
0.0994421 0.57097 0.0984136 0.0839106 0.0370823 0.110181
0.154241 0.52118 0.112479 0.0218011 9.9991E-05 0.1902
0.415541 0.388181 0.107156 0.088922 9.9982E-05 9.9982E-05
0.0877665 0.604054 0.117272 0.0957806 0.0123443 0.0827834
0.295456 0.0851159 0.190641 9.9982E-05 9.9982E-05 0.428588
0.163135 0.431004 0.122802 9.9991E-05 0.0302131 0.252745
0.263548 0.432893 0.157448 0.0196981 0.0796642 0.0467489
0.0442299 0.368408 0.208751 0.170976 0.207536 9.9991E-05
0.266676 0.409459 0.0975933 9.9991E-05 0.0125057 0.213666
0.234479 0.529471 0.085328 0.0382911 9.9991E-05 0.112331
0.0903199 0.486639 0.175746 9.9991E-05 0.0644602 0.182735
0.100953 0.597857 0.136205 0.00675879 0.0105211 0.147705
0.0977004 0.652683 0.0846906 0.0572724 0.0462298 0.0614238
0.129118 0.590364 0.0903495 0.177773 0.0122952 9.9991E-05
0.0858387 0.568812 0.0651389 0.120641 0.062106 0.0974642
9.9973E-05 0.139255 9.9973E-05 0.784193 0.076252 9.9973E-05
9.9982E-05 0.071163 0.046901 0.855178 0.026558 9.9982E-05
0.0490044 0.0699945 0.0867102 0.748372 9.9991E-05 0.0458185
0.0135474 0.0383624 0.0767239 0.79056 0.0596062 0.0211999
9.9982E-05 0.162746 9.9982E-05 0.823004 0.000644806 0.0134058
0.59124 0.245141 0.0656445 9.9991E-05 0.0457691 0.0521048
0.187897 0.525059 0.0641232 0.0493041 9.9991E-05 0.173517
0.0157486 0.360511 0.12041 0.235379 0.169396 0.098555
0.140991 0.740704 0.0784888 0.00700889 0.0327079 9.9991E-05
0.322232 0.532317 0.120404 0.0248466 9.9982E-05 9.9982E-05
0.425082 0.270269 9.9982E-05 9.9982E-05 0.113654 0.190795
0.61387 9.9982E-05 0.166558 0.120559 9.9982E-05 0.0988127
0.367379 0.468972 0.0663208 9.9982E-05 0.0971289 9.9982E-05
0.569882 0.11074 0.157884 0.0454946 0.054677 0.0613224
0.157893 0.343676 0.20491 0.0275054 0.105967 0.160048
0.621155 9.9991E-05 0.195218 0.0615 0.103107 0.0189202
0.194072 0.527513 0.091344 0.104526 0.0824458 9.9991E-05
0.519532 0.160176 0.170465 0.065068 0.0218475 0.062911
0.320526 0.343229 0.0570654 9.9991E-05 0.103349 0.175731
0.177912 0.451269 0.0611913 0.0222349 0.0530071 0.234385
0.165753 0.313781 9.9973E-05 9.9973E-05 9.9973E-05 0.520166
0.0574115 0.61389 0.0865615 0.0781998 0.0126674 0.15127
9.9982E-05 0.573886 9.9982E-05 0.101896 0.0758421 0.248176
0.0780822 0.398198 9.9973E-05 9.9973E-05 9.9973E-05 0.52342
0.0708239 0.498614 0.112992 0.0727919 0.0923962 0.152381
0.00415873 0.559295 0.105413 0.0478812 9.9991E-05 0.283152
0.0684164 0.0946373 0.0595745 9.9982E-05 9.9982E-05 0.777172
0.0189406 0.290588 0.00877854 9.9982E-05 9.9982E-05 0.681492
0.0436397 0.554258 9.9973E-05 9.9973E-05 9.9973E-05 0.401802
0.138368 0.127381 0.218706 9.9982E-05 9.9982E-05 0.515345
0.12902 0.479739 0.0214996 0.00809421 9.9991E-05 0.361547
0.588696 0.0853369 0.228159 9.9991E-05 0.0873233 0.0103848
0.385899 0.215861 0.174337 9.9982E-05 9.9982E-05 0.223703
0.425482 0.307834 0.170832 0.0332679 0.0624852 9.9991E-05
0.206352 0.63599 0.0447298 9.9982E-05 0.112728 9.9982E-05
0.473034 0.18935 0.313551 9.9982E-05 0.0238656 9.9982E-05
0.264934 0.397621 9.9991E-05 0.0516823 0.151033 0.134629
0.167062 0.597492 0.134195 0.0271447 0.0533349 0.0207718
0.210753 0.422159 0.21282 9.9991E-05 0.10515 0.0490183
0.286958 0.345892 0.175167 9.9982E-05 0.191783 9.9982E-05
0.333046 0.424221 0.176421 9.9982E-05 0.0661116 9.9982E-05
0.55836 0.187845 0.174675 9.9982E-05 0.0789194 9.9982E-05
0.482294 0.281217 0.105699 9.9982E-05 0.130589 9.9982E-05
0.229337 0.589348 0.0246949 9.9991E-05 0.0599569 0.0965633
0.178205 0.495454 0.157033 0.111403 0.0418254 0.0160792
0.233145 0.39535 0.190119 0.0729571 9.9991E-05 0.108328
0.175276 0.493832 0.11926 9.9991E-05 0.120812 0.0907197
0.434135 0.42312 0.0329754 0.052243 0.0209061 0.0366201
0.205486 0.626793 0.111481 0.0400617 9.9991E-05 0.0160777
0.297901 0.549391 0.0466796 0.0811632 0.0247654 9.9991E-05
0.184204 0.514066 0.089138 0.0751617 0.112107 0.0253233
9.9991E-05 0.400003 0.0389317 0.349704 0.149724 0.0615369
9.9991E-05 0.408768 0.15382 0.137833 0.240916 0.0585638
0.032938 0.484484 0.114624 0.106427 0.107498 0.154029
0.106736 0.574534 0.0563053 0.124436 0.137889 9.9991E-05
9.9982E-05 0.49377 0.0883023 0.205928 0.2118 9.9982E-05
0.186899 0.473928 0.123762 9.9991E-05 0.0112742 0.204037
0.0286386 0.527205 0.0845921 0.17974 0.112296 0.0675278
9.9991E-05 0.0239759 0.0717902 0.251714 0.146955 0.505465
0.124313 0.441311 0.0991846 0.0633856 0.231665 0.0401414
0.083433 0.55621 0.0339816 0.123822 0.182537 0.0200168
0.0499766 0.454465 0.143909 0.202968 0.148581 9.9991E-05
0.0223112 0.407562 0.0630366 0.19668 0.0919025 0.218508
0.00367701 0.449825 0.116881 0.18137 0.172842 0.0754042
0.0238016 0.564895 9.9991E-05 0.0557402 0.210995 0.144468
9.9973E-05 9.9973E-05 9.9973E-05 0.467045 0.211576 0.321079
0.0469126 0.433058 0.0204777 0.204402 0.215984 0.0791655
9.9991E-05 0.537724 0.00320331 0.155909 0.249679 0.0533854
9.9991E-05 0.508101 0.068411 0.0500563 0.161767 0.211564
9.9982E-05 0.522358 9.9982E-05 0.208723 0.197757 0.0709625
0.0224675 0.545759 0.068911 0.196727 0.111426 0.0547094
0.0710393 0.417795 0.30829 0.068229 0.0255329 0.109114
0.0313097 0.490945 0.181855 0.0652133 0.102885 0.127791
0.0848188 0.0195536 0.308971 9.9982E-05 9.9982E-05 0.586457
0.0946629 0.0395323 0.291872 9.9982E-05 9.9982E-05 0.573732
0.00441149 0.516911 0.135443 0.0431819 0.0913194 0.208733
9.9982E-05 0.378473 9.9982E-05 0.102656 0.329203 0.189469
9.9991E-05 0.315666 0.00707762 0.0484594 0.390363 0.238334
9.9982E-05 0.236433 9.9982E-05 0.262319 0.218912 0.282137
0.0131968 0.361383 9.9991E-05 0.168302 0.268688 0.18833
9.9982E-05 0.182262 9.9982E-05 0.0505102 0.0714652 0.695563
9.9991E-05 0.268257 0.0198329 0.0841509 0.0696769 0.557982
9.9991E-05 0.603034 0.093232 0.0377482 0.0737903 0.192095
0.00765121 0.473203 0.140028 0.0401959 0.166107 0.172815
0.00202048 0.273387 0.130008 0.0758553 0.0494229 0.469307
0.0190364 0.447717 0.13415 0.0424959 0.173323 0.183277
9.9973E-05 0.542167 9.9973E-05 9.9973E-05 0.138107 0.319426
0.0858296 0.434645 0.0546326 0.0529252 0.187446 0.184522
0.0936008 0.346444 0.200251 9.9982E-05 9.9982E-05 0.359504
0.0567216 0.404101 0.205847 9.9991E-05 0.0301165 0.303114
0.0605368 0.551438 0.148243 0.0398563 9.9991E-05 0.199826
0.14332 0.276187 0.210384 0.0322111 0.0941163 0.243782
0.0624923 0.391397 0.0651391 0.0277322 0.116216 0.337024
9.9974E-05 0.550803 0.0572374 9.9974E-05 9.9974E-05 0.39166
0.154328 0.255273 0.15083 9.9982E-05 9.9982E-05 0.439368
9.9982E-05 0.627629 0.209123 0.0391597 9.9982E-05 0.123889
0.0398266 0.267847 0.258493 9.9982E-05 9.9982E-05 0.433634
0.0185414 0.501612 0.141967 9.9991E-05 0.00495157 0.332828
0.102909 0.582701 0.114431 0.0648944 0.00764237 0.127422
0.0160409 0.550326 0.201901 0.0454515 0.00944357 0.176836
0.0262556 0.443863 0.0476198 0.194533 0.171579 0.116149
0.16095 0.466195 9.9991E-05 0.0948911 0.0773997 0.200464
0.0974506 0.299509 9.9991E-05 0.159713 0.259393 0.183834
0.181761 0.391486 0.0450681 0.13038 0.193755 0.05755
0.0774804 0.499355 0.0659139 0.167782 0.119666 0.0698026
9.9982E-05 0.389991 9.9982E-05 0.0837387 0.227884 0.298186
0.0230134 9.9991E-05 0.0344087 0.137879 0.194674 0.609925
9.9982E-05 0.680405 9.9982E-05 0.0474195 0.121503 0.150472
9.9973E-05 9.9973E-05 9.9973E-05 0.339538 0.11171 0.548452
9.9991E-05 0.571219 0.00891275 0.0300749 0.157377 0.232316
9.9973E-05 0.0955454 0.339839 9.9973E-05 9.9973E-05 0.564316
0.0329697 9.9973E-05 0.346092 9.9973E-05 9.9973E-05 0.620638
9.9973E-05 0.437441 0.256993 9.9973E-05 9.9973E-05 0.305266
9.9991E-05 0.585125 0.102942 0.00929903 0.0569733 0.245561
9.9973E-05 0.436886 0.207482 9.9973E-05 9.9973E-05 0.355332
9.9973E-05 0.529743 0.257107 9.9973E-05 9.9973E-05 0.212849
9.9973E-05 0.542631 0.173126 9.9973E-05 9.9973E-05 0.283943
0.0236206 0.107196 0.0357954 0.812273 0.0210149 9.9991E-05
0.127512 9.9991E-05 0.0320904 0.720353 0.0904974 0.0294475
0.0501373 9.9973E-05 9.9973E-05 0.883618 0.0659446 9.9973E-05
9.9964E-05 0.0521949 9.9964E-05 0.947405 9.9964E-05 9.9964E-05
0.053083 0.453907 0.423987 0.0254515 0.0434715 9.9991E-05
0.0147802 0.520056 0.406946 0.0208359 0.0372817 9.9991E-05
0.0739371 0.530423 0.39534 9.9973E-05 9.9973E-05 9.9973E-05
0.0230157 0.645061 0.208038 0.117354 9.9991E-05 0.00643035
0.0430767 0.574584 0.0952709 0.0784839 0.0106466 0.197938
0.117086 0.258506 0.537067 0.0287794 0.00633646 0.052225
9.9973E-05 0.462475 0.446398 9.9973E-05 0.0908266 9.9973E-05
9.9973E-05 0.323092 0.486451 9.9973E-05 9.9973E-05 0.190157
0.0154268 0.508439 0.0214411 0.294668 0.139545 0.020479
0.0620959 0.380209 0.403865 9.9991E-05 0.0744285 0.079301
0.142803 0.305413 0.548232 9.9982E-05 9.9982E-05 0.00335267
0.0103697 0.553283 0.419788 0.0103087 0.00615013 9.9991E-05
0.0232549 0.392146 0.528726 0.040125 9.9991E-05 0.0156481
9.9982E-05 0.462801 0.417177 0.0553764 0.0644457 9.9982E-05
0.013323 0.568111 0.346552 0.071814 9.9982E-05 9.9982E-05
9.9973E-05 0.0508226 0.905342 9.9973E-05 9.9973E-05 0.0435355
0.0222265 0.198957 0.638394 0.0141322 0.0260183 0.100272
9.9982E-05 0.327637 0.568063 0.0875953 9.9982E-05 0.0165053
9.9964E-05 9.9964E-05 0.783153 9.9964E-05 9.9964E-05 0.216447
0.166005 0.39208 0.396 0.0457149 9.9982E-05 9.9982E-05
9.9982E-05 0.0205845 0.692538 0.0256026 9.9982E-05 0.261075
9.9973E-05 9.9973E-05 0.732733 0.025238 9.9973E-05 0.241729
0.019367 0.578711 0.37269 0.0138712 0.0152607 9.9991E-05
0.15844 0.183134 0.648319 0.00935774 0.000648531 9.9991E-05
0.0559846 0.287919 0.463001 0.0172765 0.127606 0.0482135
9.9991E-05 0.543946 0.180695 0.0933449 0.117204 0.0647098
0.0654424 0.518183 0.400735 0.01544 9.9982E-05 9.9982E-05
0.22629 0.361476 0.062814 9.9991E-05 0.0461093 0.30321
0.0242323 0.511513 0.408972 9.9982E-05 0.055083 9.9982E-05
0.146087 0.441382 0.390808 0.0215236 9.9982E-05 9.9982E-05
9.9982E-05 0.294646 0.681336 9.9982E-05 0.0113329 0.012485
0.0453705 0.5192 0.235946 0.117952 0.0141642 0.0673677
0.270598 9.9973E-05 9.9973E-05 0.649892 9.9973E-05 0.0792099
0.133274 0.0280238 0.0526234 0.749268 9.9991E-05 0.0367111
0.123038 9.9973E-05 9.9973E-05 0.802981 9.9973E-05 0.0736807
0.144386 9.9973E-05 9.9973E-05 0.793898 9.9973E-05 0.0614162
0.236187 0.0547667 9.9973E-05 0.708746 9.9973E-05 9.9973E-05
0.153193 0.0539559 0.696746 0.061127 0.0348789 9.9991E-05
0.0838806 0.124746 0.681264 0.10991 9.9982E-05 9.9982E-05
9.9982E-05 0.132986 0.756416 9.9982E-05 0.00783514 0.102563
0.0327486 0.565186 0.146772 0.111168 0.104657 0.039469
0.00126554 0.570986 0.21359 0.121519 0.0766781 0.015962
9.9991E-05 0.292701 0.580764 0.00225901 0.00279758 0.121379
9.9982E-05 0.456737 0.338782 9.9982E-05 0.148583 0.0556983
9.9982E-05 0.391077 0.459059 0.0309088 0.118755 9.9982E-05
0.0289174 0.562986 0.344468 0.0113257 0.0298186 0.0224835
0.104016 0.582942 0.207588 0.0334205 0.0323897 0.039644
0.0914441 0.244524 0.590661 9.9991E-05 0.020692 0.0525796
0.0839818 0.373446 0.542272 9.9973E-05 9.9973E-05 9.9973E-05
0.168341 0.314424 0.507993 9.9982E-05 0.00904342 9.9982E-05
9.9982E-05 0.621416 0.0398333 0.105233 9.9982E-05 0.233318
0.026296 0.327993 0.615238 0.0302733 9.9982E-05 9.9982E-05
0.0126717 0.435946 0.519972 0.0312097 9.9982E-05 9.9982E-05
0.00938787 0.465108 0.0257236 0.0981336 0.37949 0.0221563
9.9982E-05 0.348362 9.9982E-05 0.0950547 0.494236 0.0621469
9.9973E-05 0.357309 9.9973E-05 0.15985 0.482541 9.9973E-05
9.9982E-05 0.339716 9.9982E-05 0.138116 0.435161 0.0868073
0.0126219 0.44812 9.9991E-05 0.157067 0.320452 0.061639
9.9991E-05 0.426964 0.331458 0.0100318 0.0686963 0.16275
9.9982E-05 0.0516469 9.9982E-05 0.257754 0.648572 0.0418272
9.9982E-05 0.340253 0.0537872 0.159919 0.445841 9.9982E-05
9.9991E-05 0.361501 0.100804 0.100026 0.255353 0.182216
9.9973E-05 0.646534 9.9973E-05 0.117636 9.9973E-05 0.23553
0.111083 0.500496 0.00701977 0.108896 0.0118141 0.260691
0.0206047 0.63234 0.0109092 0.150115 0.00822918 0.177802
0.137676 0.59878 0.0556503 0.118464 0.0241403 0.065289
9.9973E-05 0.392656 9.9973E-05 0.194126 0.412918 9.9973E-05
0.0700182 0.298065 0.0228849 0.192472 0.41646 9.9991E-05
9.9973E-05 0.430395 9.9973E-05 0.043611 0.525694 9.9973E-05
0.0108278 0.425423 9.9991E-05 0.0679026 0.340664 0.155083
0.0444466 0.326739 9.9991E-05 0.132046 0.484509 0.01216
0.00272507 0.408647 0.116566 0.16997 0.301992 9.9991E-05
9.9982E-05 0.231041 9.9982E-05 0.127432 0.575792 0.0655356
0.0468873 0.422817 9.9991E-05 0.103941 0.357191 0.0690646
0.0153955 0.566457 0.00254619 0.0442525 0.0456067 0.325742
9.9991E-05 0.433788 0.0734891 0.107586 0.303999 0.0810381
0.00240119 0.199168 9.9991E-05 0.182899 0.600066 0.0153659
9.9991E-05 0.281916 0.21546 0.107804 0.341788 0.0529311
0.283385 0.225787 0.0481428 0.151625 9.9991E-05 0.29096
0.0404633 0.605681 9.9982E-05 9.9982E-05 0.0786789 0.274977
0.049652 0.443318 9.9991E-05 0.118286 0.292103 0.0965402
0.0651321 0.654939 9.9982E-05 0.150828 9.9982E-05 0.128901
0.0211731 0.61422 9.9982E-05 0.145603 9.9982E-05 0.218804
0.0524402 0.336729 0.0262599 0.189234 0.284842 0.110495
9.9991E-05 0.332072 0.058104 0.21369 0.281998 0.114036
0.058071 0.573852 0.0227697 0.1024 0.106364 0.136543
9.9991E-05 0.410744 0.0246231 0.110309 0.445734 0.00848971
9.9982E-05 0.362437 9.9982E-05 0.105527 0.488925 0.0429117
9.9982E-05 0.162451 9.9982E-05 0.217494 0.599628 0.0202274
0.0784378 0.637689 0.0255457 0.122056 0.0466986 0.0895733
0.042817 0.490313 0.0578252 0.168123 9.9991E-05 0.240821
9.9982E-05 0.171892 9.9982E-05 0.133941 0.0186847 0.675282
0.0633637 0.556642 0.0466534 0.0808432 0.0877591 0.164738
0.243599 0.354681 0.0877852 0.0513924 0.0879204 0.174622
9.9991E-05 0.53261 0.0513919 0.257261 0.0612318 0.0974054
9.9991E-05 0.405968 0.076326 0.222777 0.0916071 0.203222
9.9973E-05 9.9973E-05 9.9973E-05 0.28795 0.192788 0.518962
9.9973E-05 9.9973E-05 9.9973E-05 0.30209 0.0796144 0.617996
0.0238491 0.337169 9.9991E-05 0.180742 0.0889404 0.369199
0.00396894 0.0526985 9.9991E-05 0.33996 0.174397 0.428876
9.9973E-05 9.9973E-05 9.9973E-05 0.434624 0.228499 0.336576
9.9991E-05 0.329022 0.0523542 0.139985 0.1113 0.367239
9.9991E-05 0.369976 0.0249278 0.178578 0.157735 0.268684
0.0540915 0.178216 0.00184188 0.339945 0.152783 0.273123
9.9982E-05 0.113812 9.9982E-05 0.317547 0.082925 0.485516
0.0791264 0.390968 0.053021 0.129997 0.151042 0.195845
9.9991E-05 0.0969372 0.0611285 0.224758 0.15169 0.465386
9.9973E-05 9.9973E-05 9.9973E-05 0.444967 0.0358035 0.518929
0.160133 0.487329 9.9991E-05 0.105843 0.164395 0.0822001
9.9982E-05 0.288992 9.9982E-05 0.160976 0.31995 0.229882
0.0600062 0.365405 0.00563177 0.34704 0.163403 0.0585141
9.9982E-05 0.505611 9.9982E-05 0.168365 0.272587 0.0532381
9.9991E-05 0.618883 0.0337106 0.165846 0.117519 0.0639416
9.9991E-05 0.389933 0.0587361 0.148492 0.318341 0.0843979
0.0246013 0.325987 9.9991E-05 0.393096 0.227438 0.0287787
0.0611837 0.542626 0.0632879 0.190892 0.141911 9.9991E-05
9.9973E-05 0.575705 9.9973E-05 0.230391 0.193603 9.9973E-05
9.9982E-05 0.28484 9.9982E-05 0.186408 0.264125 0.264428
0.164973 0.232335 0.256782 0.156528 0.183853 0.00553002
0.183305 0.537347 9.9991E-05 0.136329 0.137929 0.00499025
0.122616 0.485359 0.0659759 0.131953 0.149553 0.0445423
9.9982E-05 0.568537 0.198648 0.11732 0.115296 9.9982E-05
0.0786786 0.37438 9.9991E-05 0.248217 0.244615 0.0540086
9.9982E-05 0.608775 9.9982E-05 0.200356 0.156696 0.0339725
9.9982E-05 0.215101 9.9982E-05 0.356839 0.169498 0.258363
0.103962 0.495748 0.0469923 0.148196 0.198657 0.00644423
9.9991E-05 0.184119 0.0389652 0.273706 0.284999 0.218111
0.112523 9.9991E-05 0.0810452 0.798097 0.00237453 0.00586013
0.756091 0.0244797 0.0118527 0.100416 9.9991E-05 0.107061
0.972158 9.9964E-05 9.9964E-05 0.0274419 9.9964E-05 9.9964E-05
0.952581 9.9964E-05 9.9964E-05 0.0470189 9.9964E-05 9.9964E-05
0.989715 0.00988489 9.9964E-05 9.9964E-05 9.9964E-05 9.9964E-05
0.945852 9.9973E-05 9.9973E-05 0.0143378 0.0395104 9.9973E-05
0.928683 0.0709171 9.9964E-05 9.9964E-05 9.9964E-05 9.9964E-05
0.953224 9.9964E-05 9.9964E-05 0.0463761 9.9964E-05 9.9964E-05
0.774056 9.9964E-05 9.9964E-05 0.225544 9.9964E-05 9.9964E-05
0.0334667 0.0333365 9.9991E-05 0.910378 0.015538 0.00718071
0.119101 0.0529105 9.9973E-05 0.827688 9.9973E-05 9.9973E-05
9.9973E-05 0.0653464 9.9973E-05 0.89749 0.0368638 9.9973E-05
0.0818252 0.065222 9.9982E-05 0.840068 9.9982E-05 0.0126852
9.9973E-05 9.9973E-05 0.0625441 0.876532 0.0606239 9.9973E-05
0.0535352 9.9973E-05 0.0308855 0.915279 9.9973E-05 9.9973E-05
9.9991E-05 0.0596411 0.0301434 0.745575 0.0900756 0.0744649
9.9991E-05 0.0408855 0.0265407 0.882198 0.0444096 0.00586585
0.141564 0.11028 0.00314826 0.714928 0.0299805 9.9991E-05
9.9982E-05 0.0223827 0.0275142 0.926342 0.0235614 9.9982E-05
0.00379393 9.9973E-05 9.9973E-05 0.955921 9.9973E-05 0.0399853
0.0825133 0.0172637 9.9991E-05 0.819359 0.0702413 0.0105224
0.00800785 0.0297252 9.9973E-05 0.961967 9.9973E-05 9.9973E-05
9.9982E-05 0.066193 9.9982E-05 0.897263 0.0259981 0.0103462
0.00384463 0.0458489 0.0567756 0.867215 0.0262162 9.9991E-05
9.9973E-05 0.135726 9.9973E-05 0.85376 0.010214 9.9973E-05
9.9973E-05 0.123933 9.9973E-05 0.783755 0.0920113 9.9973E-05
9.9973E-05 0.163121 9.9973E-05 0.780192 0.0563867 9.9973E-05
9.9973E-05 0.156384 9.9973E-05 0.817791 0.0255255 9.9973E-05
0.0306358 0.467728 0.0417187 0.157351 9.9991E-05 0.302466
0.0334109 0.716798 0.0995514 0.077965 9.9991E-05 0.0721747
0.0375853 0.605126 0.174195 0.181935 0.00105882 9.9991E-05
9.9982E-05 0.12635 0.102338 0.0546598 9.9982E-05 0.716453
0.0853474 0.589372 0.0227743 0.0865422 9.9991E-05 0.215864
9.9982E-05 0.143743 9.9982E-05 0.132012 0.00691566 0.71713
0.0231334 0.699403 9.9991E-05 0.0316568 0.0309672 0.214739
0.133384 0.47129 0.12331 0.0239451 9.9991E-05 0.247971
0.109214 0.552156 0.0477669 0.0741608 9.9991E-05 0.216602
0.0226749 0.444386 0.452753 0.0462229 0.0338625 9.9991E-05
0.152213 0.489773 9.9991E-05 0.0462403 0.00893465 0.302739
9.9982E-05 0.715812 0.0514705 0.0688358 9.9982E-05 0.163681
0.119307 0.622591 0.0868778 0.0939098 9.9991E-05 0.0772141
0.418685 0.00253082 0.272251 9.9991E-05 0.0762622 0.230171
0.0997262 9.9973E-05 0.0169621 9.9973E-05 9.9973E-05 0.883012
0.0784081 0.180195 9.9982E-05 0.0505615 9.9982E-05 0.690635
0.0514014 0.709595 9.9991E-05 0.117894 0.0223329 0.0986774
0.0284373 0.534114 9.9982E-05 0.121807 9.9982E-05 0.315443
9.9991E-05 0.503945 0.0219239 0.10192 0.0427153 0.329396
0.0198498 0.621229 0.0885309 0.084198 0.0611602 0.125032
9.9982E-05 0.510012 9.9982E-05 0.148285 0.212107 0.129396
0.0680833 0.526376 0.081164 0.150048 0.174229 9.9991E-05
0.0752683 0.173184 9.9991E-05 0.403534 0.169442 0.178472
0.0138317 0.601965 0.0600999 0.122007 0.0736147 0.128482
0.143339 0.436994 9.9991E-05 0.166355 0.16834 0.0848719
9.9973E-05 9.9973E-05 9.9973E-05 0.410023 0.198722 0.390954
9.9991E-05 0.338021 0.0105351 0.269982 0.238544 0.142818
0.0805356 0.332225 0.113446 0.30194 0.171753 9.9991E-05
0.105703 0.358815 0.0972513 0.330317 0.107813 9.9991E-05
0.0739951 0.535772 0.0215769 0.149392 0.146944 0.072321
0.0756208 0.441949 0.0310939 0.137902 0.219044 0.0943897
0.0249525 0.615575 0.00235397 0.12347 0.115896 0.117752
9.9991E-05 0.406254 0.10718 0.148423 0.18219 0.155853
9.9991E-05 0.315427 0.0807872 0.452797 0.129066 0.0218227
