0.891688 0.0425617 9.9982E-05 0.02609 0.0394604 9.9982E-05
0.930864 0.00720047 0.00454257 9.9982E-05 9.9982E-05 0.057193
0.849273 0.0160007 9.9973E-05 0.134426 9.9973E-05 9.9973E-05
0.788651 0.102567 9.9982E-05 0.0678261 0.0407566 9.9982E-05
0.836649 0.00640709 0.0529774 0.0428955 0.0609706 9.9991E-05
0.596694 0.110468 0.125244 0.0594149 0.0872537 0.0209256
0.826586 0.0785928 0.094521 9.9973E-05 9.9973E-05 9.9973E-05
0.738441 0.163356 0.051649 9.9982E-05 0.0463543 9.9982E-05
0.818671 0.054827 0.0893784 9.9982E-05 9.9982E-05 0.0369241
0.710591 0.0350541 0.108884 0.113747 0.0316235 9.9991E-05
0.720277 0.149721 0.100985 0.0288169 9.9982E-05 9.9982E-05
9.9982E-05 0.401022 9.9982E-05 0.188824 0.0750624 0.334892
0.0407629 0.221976 9.9991E-05 0.52332 0.062421 0.151421
0.0759053 0.360917 0.035396 0.239213 0.0608444 0.227725
0.0599509 0.289109 0.0309087 0.321305 0.179796 0.11893
0.144198 0.207986 0.0462651 0.45228 0.0937023 0.0555688
0.0567523 0.0968551 0.0571009 0.651866 0.0842745 0.0531511
0.0277038 0.250363 0.0701924 0.387265 0.121618 0.142858
0.157225 0.264783 9.9991E-05 0.344847 0.0685882 0.164457
0.0890725 0.576006 0.145994 0.0333785 9.9991E-05 0.155449
0.00474745 0.28968 9.9991E-05 0.449735 0.0823855 0.173352
0.036605 0.120695 0.2545 0.542366 0.0457337 9.9991E-05
0.0673184 0.207653 0.019056 0.56961 0.0827291 0.0536333
0.0618748 0.271077 0.0102893 0.29314 0.0732979 0.29032
0.112905 0.125936 0.0152357 0.589081 0.0829449 0.073898
0.0547088 0.16608 0.00359193 0.500645 0.123052 0.151922
0.0695703 0.385674 0.00731084 0.195187 0.0753399 0.266918
0.0353426 0.358991 0.0306073 0.163769 0.222534 0.188756
9.9991E-05 0.429356 0.127804 0.240435 0.0636149 0.13869
0.838455 9.9973E-05 9.9973E-05 0.119184 0.042061 9.9973E-05
0.833222 9.9964E-05 9.9964E-05 0.166378 9.9964E-05 9.9964E-05
0.801945 9.9982E-05 9.9982E-05 0.154828 0.00713698 0.0358904
0.754434 9.9982E-05 9.9982E-05 0.0980216 0.0298078 0.117537
0.0899541 0.0967572 0.02247 0.546149 9.9991E-05 0.244569
0.116128 0.063305 0.0212831 0.399923 0.0884038 0.310957
0.0416453 9.9982E-05 0.00203097 0.580048 9.9982E-05 0.376076
0.0890361 0.573121 9.9991E-05 0.152861 0.0298997 0.154983
9.9991E-05 0.0207834 0.0992756 0.196064 0.100812 0.582965
0.076847 0.145695 9.9991E-05 0.579386 0.00885901 0.189113
0.0208031 9.9991E-05 0.0443812 0.770401 0.010692 0.153623
0.150148 0.0132267 0.104018 0.627407 9.9991E-05 0.105101
0.105252 0.0684766 0.0872016 0.618204 0.0248745 0.0959913
0.0716932 0.106691 9.9982E-05 0.0978856 9.9982E-05 0.72353
0.0715733 0.042839 0.16906 0.613639 0.0480195 0.0548693
0.0789009 9.9991E-05 0.111048 0.612389 0.0238516 0.173711
0.138475 0.0818445 0.0527381 0.429734 0.109117 0.188091
0.00698967 9.9982E-05 0.0333624 0.283779 9.9982E-05 0.675669
0.0521539 9.9982E-05 9.9982E-05 0.529201 0.0933903 0.325055
0.100976 9.9991E-05 0.109268 0.47761 0.106135 0.205912
0.0703502 9.9973E-05 0.367581 9.9973E-05 9.9973E-05 0.561769
9.9982E-05 0.432264 0.107656 0.207835 9.9982E-05 0.252045
0.00479631 0.178992 0.462544 0.144636 9.9991E-05 0.208931
0.0453173 0.171505 0.103706 0.561295 0.0459167 0.0722592
0.0332544 0.107125 0.121536 0.61505 0.0678928 0.0551418
0.0574521 0.0704809 0.1331 0.620583 0.0875611 0.0308229
0.129611 0.313858 0.0957526 0.196524 9.9991E-05 0.264156
9.9982E-05 0.242407 0.0765825 0.655735 0.025075 9.9982E-05
0.033448 0.190679 0.103403 0.480616 0.167266 0.0245873
0.0991153 0.192482 0.143953 0.445277 9.9991E-05 0.119073
0.214217 0.289591 0.244336 0.0944221 0.0181612 0.139272
9.9991E-05 0.144948 0.125641 0.452108 0.0664215 0.210782
0.0104346 0.244671 0.160162 0.449765 0.0605375 0.0744299
0.0426091 0.483257 0.180987 0.0557918 9.9991E-05 0.237255
9.9991E-05 0.177583 0.175454 0.510848 0.0261561 0.10986
0.0298145 9.9991E-05 0.19423 0.699191 0.0293986 0.0472657
0.0459839 0.20074 0.0433717 0.537805 0.0493259 0.122773
0.051339 0.252148 0.127036 0.218494 0.100797 0.250186
9.9991E-05 0.1584 0.0656245 0.478887 0.125643 0.171345
9.9991E-05 0.204726 0.127417 0.516669 0.0899748 0.0611125
0.0065098 0.353381 0.206653 0.261594 9.9991E-05 0.171762
9.9973E-05 0.0408236 9.9973E-05 0.477447 9.9973E-05 0.48143
0.0471169 0.0206812 9.9982E-05 0.112235 9.9982E-05 0.819767
0.0678383 0.0780833 0.0752126 0.591907 9.9991E-05 0.186859
9.9964E-05 9.9964E-05 0.149383 9.9964E-05 9.9964E-05 0.850217
9.9964E-05 9.9964E-05 0.138281 9.9964E-05 9.9964E-05 0.861319
9.9973E-05 9.9973E-05 0.0222012 0.238225 9.9973E-05 0.739274
0.0370768 0.0246845 0.00661727 0.357436 9.9991E-05 0.574086
0.136204 9.9982E-05 9.9982E-05 0.487494 0.0789005 0.297201
9.9991E-05 0.0605334 0.0238722 0.353848 0.0657702 0.495876
0.0321204 0.17606 9.9991E-05 0.0744897 0.0332861 0.683943
0.0499651 0.225827 9.9982E-05 0.229228 9.9982E-05 0.49478
0.0847943 9.9991E-05 0.0332949 0.38454 0.176863 0.320407
0.0272083 0.00537376 9.9991E-05 0.150521 0.0512304 0.765566
0.0787034 9.9973E-05 9.9973E-05 0.424017 9.9973E-05 0.49698
9.9973E-05 9.9973E-05 0.0930853 0.328641 9.9973E-05 0.577974
9.9982E-05 0.0242909 0.340274 9.9982E-05 0.0138205 0.621414
0.00200447 0.0592002 0.0219335 0.5283 0.0901734 0.298388
0.792358 0.0423634 9.9991E-05 0.112149 0.0446513 0.00837807
0.912298 9.9964E-05 9.9964E-05 0.0873023 9.9964E-05 9.9964E-05
0.833949 9.9973E-05 9.9973E-05 0.0722914 0.09346 9.9973E-05
0.908208 9.9973E-05 9.9973E-05 9.9973E-05 0.0635201 0.0279719
0.863738 9.9973E-05 0.00651812 0.129444 9.9973E-05 9.9973E-05
0.83014 9.9982E-05 0.0736576 0.0486091 0.0473937 9.9982E-05
0.907394 9.9973E-05 9.9973E-05 0.0869575 0.00534829 9.9973E-05
0.0979049 0.0708101 9.9982E-05 0.536887 9.9982E-05 0.294198
0.058329 0.0405383 0.0754807 0.400016 0.120152 0.305484
0.00737944 0.0584043 0.0272957 9.9982E-05 9.9982E-05 0.906721
0.00480263 0.0874007 0.095584 0.443651 0.166004 0.202558
0.0546489 0.0186107 9.9991E-05 0.383282 0.00483084 0.538528
0.142172 0.019493 0.0106843 0.488084 0.0281453 0.311422
0.0689003 9.9982E-05 0.0315536 0.56262 9.9982E-05 0.336726
0.0369665 9.9982E-05 9.9982E-05 0.353981 0.0966636 0.512189
0.0372922 0.209378 0.027169 9.9982E-05 9.9982E-05 0.725961
0.155841 0.107135 0.0673369 0.446176 0.0927192 0.130791
0.0632435 0.064718 0.0310899 0.566176 0.0572742 0.217498
0.104587 0.11883 0.00155413 0.50656 0.0841537 0.184315
0.019763 9.9991E-05 0.171117 0.28463 0.00851027 0.515879
0.018457 9.9982E-05 0.0324997 0.522922 9.9982E-05 0.425922
0.0718267 0.0378842 0.0667061 0.407175 9.9991E-05 0.416308
9.9973E-05 9.9973E-05 9.9973E-05 0.239564 0.103374 0.656762
0.0880562 0.0914603 9.9982E-05 0.382034 9.9982E-05 0.43825
0.171545 0.0417596 9.9982E-05 0.510785 9.9982E-05 0.27571
9.9991E-05 0.313242 0.244399 0.243573 0.0605445 0.138141
0.155627 0.254909 9.9991E-05 0.458082 0.0529777 0.0783034
0.0943194 0.148901 0.110951 0.606846 0.0388824 9.9991E-05
0.131319 0.0379653 0.0995214 0.576168 0.0516254 0.103401
0.0268582 0.345742 0.0200986 0.496767 9.9991E-05 0.110434
0.0926024 0.237501 0.039486 0.610712 9.9991E-05 0.0195985
0.040501 0.450697 0.0036778 0.504924 9.9982E-05 9.9982E-05
0.0879295 0.0834375 0.201843 0.585752 0.00356055 0.0374771
0.0801365 0.162356 0.0323626 0.573429 0.0589746 0.092741
0.0293173 0.238549 0.107959 0.623975 9.9982E-05 9.9982E-05
9.9982E-05 0.378855 0.0390698 0.518827 9.9982E-05 0.0630474
0.110914 0.158446 0.0930029 0.637437 9.9982E-05 9.9982E-05
0.0772969 0.179277 0.0297329 0.474914 0.115424 0.123355
9.9982E-05 0.209713 0.0563474 0.687927 9.9982E-05 0.0458126
0.0184864 0.17205 0.174078 0.547482 0.0800204 0.00788343
0.00221891 0.2269 0.0411397 0.506382 0.0943127 0.129047
0.0858894 0.241184 0.232413 0.440314 9.9982E-05 9.9982E-05
9.9991E-05 0.184807 0.0802192 0.636641 0.0959346 0.00229796
0.0078695 0.167674 0.0764721 0.71748 0.0304046 9.9991E-05
0.0343495 0.352618 0.0935297 0.175667 0.0797942 0.264042
9.9991E-05 0.313561 0.368802 0.18198 0.052609 0.0829479
0.0310696 0.270849 0.0642427 0.590688 0.00788527 0.0352653
9.9991E-05 0.300247 0.395416 0.0727949 0.0494245 0.182018
0.0369879 0.436296 0.0913695 0.30882 9.9991E-05 0.126427
9.9982E-05 0.321029 0.0236627 0.43411 9.9982E-05 0.220999
9.9982E-05 0.436407 0.0595661 0.373515 9.9982E-05 0.130312
0.00510461 0.466448 9.9991E-05 0.27474 0.0288013 0.224806
0.112924 0.121071 0.0752048 0.670201 9.9991E-05 0.0204994
0.125746 0.0670356 0.0563792 0.476756 0.0868384 0.187245
0.162692 0.0400607 0.0354849 0.536106 9.9991E-05 0.225557
9.9991E-05 0.305955 0.344096 0.133345 0.056678 0.159826
0.0929574 0.0874304 0.113448 0.55373 0.0187263 0.133708
0.00374467 0.0893666 0.265212 0.384703 0.111195 0.14578
0.12783 0.131481 0.532419 0.0581012 9.9991E-05 0.150069
0.117224 9.9991E-05 0.185139 0.649927 0.0333776 0.0142321
0.135004 0.0802294 0.259654 0.384455 9.9991E-05 0.140557
0.0871535 0.0390658 0.195447 0.456018 0.094782 0.127534
0.056775 0.105503 0.461206 0.306517 9.9991E-05 0.0698989
0.0606976 0.127034 0.520355 0.26767 9.9991E-05 0.0241434
0.0354441 0.16508 0.316937 0.454716 9.9991E-05 0.0277231
0.063595 0.133645 0.317346 0.437842 0.0474714 9.9991E-05
0.117046 0.16657 0.20685 0.304732 0.0560837 0.148719
0.0467518 0.0806904 0.434845 9.9991E-05 0.211197 0.226415
0.0866614 0.0698401 0.229946 0.465208 0.0549989 0.0933459
9.9982E-05 0.0900321 0.349985 0.402801 9.9982E-05 0.156982
9.9982E-05 0.143678 0.164642 0.527658 9.9982E-05 0.163823
0.118565 0.0348359 0.0979772 0.560732 0.0824409 0.105448
0.304811 0.0707629 0.221808 0.109867 0.292652 9.9991E-05
0.526661 9.9973E-05 0.318487 9.9973E-05 0.154551 9.9973E-05
0.449249 9.9973E-05 0.407344 9.9973E-05 0.143106 9.9973E-05
0.355052 0.051337 0.188746 0.0151928 0.389573 9.9991E-05
9.9973E-05 9.9973E-05 0.275107 0.668809 9.9973E-05 0.0557839
0.0843259 0.00394037 0.151131 0.443641 0.0710967 0.245865
9.9973E-05 9.9973E-05 9.9973E-05 0.22663 0.743418 0.0296527
9.9982E-05 0.076799 9.9982E-05 0.182247 0.554268 0.186486
0.0992417 0.0671566 0.00693357 0.383235 0.390249 0.0531846
9.9982E-05 9.9982E-05 0.565608 0.331275 0.00129187 0.101625
0.042098 0.108912 0.191485 0.480416 0.0239562 0.153134
9.9982E-05 0.0338624 0.623438 0.283135 9.9982E-05 0.0593655
9.9991E-05 0.0257592 0.22374 0.591233 0.0612242 0.0979442
0.0359736 0.0534089 0.30434 0.451504 9.9991E-05 0.154674
0.0124034 0.0742766 0.315854 0.597266 9.9982E-05 9.9982E-05
9.9982E-05 0.130522 0.588699 0.236562 9.9982E-05 0.044017
0.0276146 9.9991E-05 0.137425 0.665184 0.08669 0.0829856
0.069227 0.0145569 0.169495 0.520771 0.0518719 0.174079
9.9973E-05 9.9973E-05 0.0154754 0.0405212 0.943703 9.9973E-05
9.9982E-05 0.00246894 0.0102861 0.121311 0.865734 9.9982E-05
9.9982E-05 0.0453157 9.9982E-05 0.305978 0.586881 0.0616258
9.9973E-05 0.0078151 9.9973E-05 0.312794 0.679091 9.9973E-05
0.0050559 0.0135887 9.9991E-05 0.100925 0.826992 0.0533383
9.996E-05 9.996E-05 9.996E-05 9.996E-05 0.9995 9.996E-05
0.00270088 0.00692341 9.9982E-05 9.9982E-05 0.938383 0.0517926
9.9964E-05 9.9964E-05 9.9964E-05 0.161733 0.837867 9.9964E-05
9.9964E-05 0.0296645 9.9964E-05 9.9964E-05 0.969936 9.9964E-05
9.996E-05 9.996E-05 9.996E-05 9.996E-05 0.9995 9.996E-05
9.996E-05 9.996E-05 9.996E-05 9.996E-05 0.9995 9.996E-05
0.0412207 0.0186127 0.0115637 0.191085 0.737418 9.9991E-05
0.0915156 9.9982E-05 9.9982E-05 0.144164 0.743665 0.020456
9.9973E-05 0.00621912 9.9973E-05 9.9973E-05 0.949951 0.0435297
0.0129231 0.0795678 0.0559636 0.249876 0.424472 0.177197
0.148341 0.0411009 9.9982E-05 0.264895 0.545464 9.9982E-05
0.0240833 0.0284358 0.0435428 0.153876 0.749962 9.9991E-05
0.0357052 0.00224733 9.9982E-05 0.154238 0.807609 9.9982E-05
9.9964E-05 9.9964E-05 9.9964E-05 0.0173004 0.9823 9.9964E-05
0.0250115 9.9973E-05 9.9973E-05 0.0578789 0.91681 9.9973E-05
0.00405612 9.9964E-05 9.9964E-05 9.9964E-05 0.995544 9.9964E-05
0.0834503 0.0573865 9.9991E-05 0.235653 0.553131 0.0702795
0.00490157 9.9982E-05 0.0257153 0.0931755 0.876008 9.9982E-05
0.335433 9.9982E-05 0.59607 9.9982E-05 0.064961 0.00333545
0.1575 0.130523 0.162863 0.48596 0.0630542 9.9991E-05
0.203504 0.0827282 0.21116 0.398474 0.104033 9.9991E-05
0.170069 0.0831792 0.406901 0.172054 0.167697 9.9991E-05
0.14436 0.112597 0.167922 0.404579 0.15951 0.0110315
0.280427 9.9991E-05 0.374052 0.205165 0.0817757 0.0584805
0.12696 0.101088 0.149165 0.456794 0.100059 0.0659352
0.128735 9.9982E-05 0.344881 0.40999 0.116195 9.9982E-05
0.172886 0.0308652 0.189613 0.431551 0.174985 9.9991E-05
0.139931 9.9982E-05 0.346272 0.322797 0.1908 9.9982E-05
0.199053 0.0152942 0.226458 0.52196 0.0371352 9.9991E-05
0.834241 0.0655217 0.0408104 0.059227 9.9982E-05 9.9982E-05
0.887518 9.9973E-05 0.0462156 9.9973E-05 0.0659663 9.9973E-05
0.948729 0.0508712 9.9964E-05 9.9964E-05 9.9964E-05 9.9964E-05
0.923868 0.0270243 9.9973E-05 0.0488082 9.9973E-05 9.9973E-05
0.880398 0.0448379 9.9982E-05 0.0408427 0.0337214 9.9982E-05
0.877127 9.9973E-05 0.0258283 9.9973E-05 0.0967447 9.9973E-05
0.846502 0.00913229 9.9991E-05 0.0841356 0.0407415 0.0193888
0.872156 0.0252405 0.0670228 0.0334747 9.9991E-05 0.00200637
0.900613 9.9982E-05 0.00814933 0.078503 9.9982E-05 0.012535
0.808715 0.0152933 0.0402144 9.9982E-05 0.135577 9.9982E-05
0.611503 0.232975 0.0427732 9.9982E-05 9.9982E-05 0.112549
0.582117 0.332812 9.9973E-05 9.9973E-05 9.9973E-05 0.084771
0.522166 0.287024 0.162109 9.9982E-05 9.9982E-05 0.0285019
0.497945 0.318893 0.0418217 9.9982E-05 9.9982E-05 0.14114
0.0583996 0.104598 9.9982E-05 0.553381 9.9982E-05 0.283422
9.9991E-05 0.0851918 0.0756792 0.421979 0.0569507 0.360099
0.00885093 0.159482 0.0205403 0.462551 0.0665417 0.282034
9.9982E-05 0.228749 0.0996485 0.395355 9.9982E-05 0.276048
9.9991E-05 0.576984 0.00773721 0.216746 0.0172086 0.181224
0.000374241 9.9991E-05 0.122284 0.588194 0.0725908 0.216457
9.9982E-05 0.106559 9.9982E-05 0.585816 0.0283404 0.279084
9.9982E-05 0.044138 0.112549 0.526842 9.9982E-05 0.316271
9.9982E-05 9.9982E-05 0.0671966 0.32745 0.0422196 0.562933
0.0188099 0.141956 0.039182 0.475328 0.0539732 0.270752
9.9982E-05 0.170987 0.0393368 0.377069 9.9982E-05 0.412407
9.9973E-05 0.0715409 0.239758 9.9973E-05 9.9973E-05 0.688401
9.9991E-05 0.20478 0.078769 0.537697 0.0850166 0.093637
9.9973E-05 9.9973E-05 0.298761 0.285791 9.9973E-05 0.415148
0.00494149 0.0544694 0.130157 0.575924 0.00696209 0.227546
0.0349792 0.228281 0.0512918 0.0347524 9.9991E-05 0.650595
0.116809 0.80895 0.0739411 9.9973E-05 9.9973E-05 9.9973E-05
0.101605 0.774543 0.0583129 0.0653394 9.9982E-05 9.9982E-05
0.00464457 0.893422 0.101634 9.9973E-05 9.9973E-05 9.9973E-05
0.0933397 0.856947 0.0494132 9.9973E-05 9.9973E-05 9.9973E-05
0.0361002 0.810328 0.0457826 0.0729759 9.9991E-05 0.0347132
0.0321854 0.822971 9.9982E-05 0.109222 0.0354216 9.9982E-05
0.867618 9.9964E-05 9.9964E-05 0.131982 9.9964E-05 9.9964E-05
0.811058 0.0468025 9.9982E-05 0.101115 0.0408246 9.9982E-05
0.747345 9.9973E-05 9.9973E-05 0.169991 0.0823639 9.9973E-05
0.709437 0.098218 9.9982E-05 0.0466618 0.145483 9.9982E-05
0.78556 0.0660108 9.9982E-05 0.0793545 0.0688747 9.9982E-05
0.386766 0.570334 0.0425999 9.9973E-05 9.9973E-05 9.9973E-05
0.459462 0.426225 0.0950211 9.9982E-05 9.9982E-05 0.0190924
0.441259 0.443513 0.00700209 9.9991E-05 0.0127327 0.0953932
0.810076 9.9973E-05 9.9973E-05 0.183449 0.00617518 9.9973E-05
0.39681 0.498132 0.0115978 9.9982E-05 9.9982E-05 0.0932606
0.193605 9.9982E-05 0.174323 0.26811 0.363763 9.9982E-05
0.111162 0.0179171 0.059972 0.666222 0.144627 9.9991E-05
0.227269 9.9973E-05 9.9973E-05 0.588367 0.184064 9.9973E-05
0.286131 9.9991E-05 0.13661 0.341568 0.174404 0.0611868
0.120989 9.9991E-05 0.0832743 0.469997 0.267648 0.0579919
0.446024 9.9973E-05 0.245425 9.9973E-05 0.308252 9.9973E-05
9.9982E-05 0.34982 0.123366 0.407937 9.9982E-05 0.118678
9.9991E-05 0.153334 0.323044 0.361952 0.0032796 0.158291
0.0993272 0.445253 0.0124417 0.342684 9.9991E-05 0.100195
9.9982E-05 0.111719 0.252276 0.530481 9.9982E-05 0.105325
9.9973E-05 0.147549 0.663208 9.9973E-05 9.9973E-05 0.188943
0.150419 0.106457 0.101472 0.494437 9.9991E-05 0.147114
9.9991E-05 0.224198 0.199056 0.491061 0.0118811 0.0737038
0.0404703 0.38548 0.0367473 0.301729 9.9991E-05 0.235474
0.122942 0.209401 0.013465 0.577347 0.0248162 0.0520289
9.9982E-05 0.24708 0.345627 0.111664 9.9982E-05 0.295428
0.0144965 0.172281 0.207356 0.511225 0.0340267 0.0606146
9.9991E-05 0.306094 0.100727 0.50155 0.0103391 0.0811901
0.159875 0.0159702 0.179035 0.328484 0.208277 0.108359
9.9982E-05 0.27008 0.249495 0.407681 9.9982E-05 0.0725442
0.0234413 0.256331 0.0961882 0.48387 9.9991E-05 0.14007
9.9991E-05 0.119001 0.145585 0.507562 0.0614564 0.166296
9.9982E-05 0.162371 0.144315 0.568353 9.9982E-05 0.124761
0.0427092 0.121089 9.9991E-05 0.610986 0.0772143 0.147901
0.0631166 0.135519 0.0963574 0.563175 0.0685658 0.0732662
0.0472951 0.185733 0.094384 0.507143 0.109875 0.0555692
0.786214 9.9982E-05 9.9982E-05 0.12386 0.0803417 0.00938376
0.848301 9.9982E-05 9.9982E-05 0.0401611 0.0542621 0.0570758
0.784165 0.0457839 0.0805968 0.0843838 9.9991E-05 0.00497023
0.810284 0.0104409 0.00662853 0.0230519 0.0574748 0.09212
0.838671 9.9973E-05 9.9973E-05 0.156633 9.9973E-05 0.00439607
0.0173242 0.553042 0.0172161 0.190659 0.0405817 0.181176
9.9991E-05 0.218365 0.116328 0.421718 0.122328 0.121162
0.20934 0.0292498 0.206173 0.305586 0.223957 0.025694
9.9991E-05 0.138203 0.0447714 0.693489 0.0472213 0.0762148
0.0499803 0.175239 0.0791661 0.491512 9.9991E-05 0.204002
0.0150826 0.411655 0.256276 0.220141 0.0967451 9.9991E-05
0.113845 0.529841 0.209387 9.9982E-05 9.9982E-05 0.146727
9.9991E-05 0.308949 0.0491693 0.565366 0.00123221 0.0751827
0.0882176 0.490144 0.0653445 0.168012 0.0385153 0.149767
0.0370383 0.250866 0.174138 0.417768 0.0577067 0.0624827
0.109875 0.522764 0.102407 0.063127 0.0781298 0.123698
0.0667129 0.229857 0.000730797 0.625373 0.0423867 0.0349395
0.0928833 0.442856 0.101881 0.196377 9.9991E-05 0.165903
0.0424566 0.326687 0.12223 0.335492 0.0495717 0.123562
0.0736459 0.0413342 0.17972 0.483878 0.0660543 0.155367
0.045621 0.146251 0.488535 0.319393 9.9982E-05 9.9982E-05
9.9982E-05 0.0737678 0.223714 0.640663 9.9982E-05 0.0616547
0.0751524 0.0624841 0.12063 0.529573 0.0704036 0.141758
9.9982E-05 0.119568 0.503866 0.373624 9.9982E-05 0.00274134
0.0797641 0.0993418 0.126896 0.446158 0.123249 0.124592
0.0655536 0.0156527 0.298864 0.584119 0.0083077 0.0275026
9.9982E-05 0.0906065 0.727838 0.13644 9.9982E-05 0.0449153
9.9982E-05 0.000154662 0.627593 0.333411 9.9982E-05 0.0386417
0.015366 0.0323546 0.356769 0.595311 9.9982E-05 9.9982E-05
9.9982E-05 0.0690893 0.572219 0.177025 9.9982E-05 0.181467
9.9982E-05 0.177698 0.253941 0.397513 9.9982E-05 0.170647
0.019491 0.552336 9.9991E-05 0.119389 0.0497082 0.258976
9.9991E-05 0.33228 0.224353 0.23312 0.0267357 0.183412
0.0114543 0.394 9.9991E-05 0.287712 0.136596 0.170138
0.00867543 0.19165 0.0230784 0.631503 0.0709836 0.0741092
9.9982E-05 0.50818 9.9982E-05 0.210067 0.0103578 0.271196
0.0631189 0.219937 0.135031 0.429075 0.122099 0.0307378
0.035574 0.146642 0.0509506 0.614662 0.0426373 0.109534
0.0296584 0.245135 0.0233196 0.441949 0.123147 0.136791
9.9991E-05 0.269883 0.0146434 0.51137 0.0685588 0.135445
0.0813212 0.286114 9.9991E-05 0.414848 0.0314531 0.186164
9.9982E-05 0.486154 9.9982E-05 0.181309 0.0859371 0.2464
9.9991E-05 0.410226 0.0080666 0.34152 0.0626269 0.177461
9.9991E-05 0.188842 0.0460309 0.522074 0.075959 0.166994
0.0844631 0.0884196 0.128402 0.646925 9.9991E-05 0.0516908
0.102895 0.250488 0.213232 0.432152 9.9991E-05 0.00113383
9.9991E-05 0.259985 0.0812791 0.536658 0.0688069 0.0531713
0.0860466 0.388095 0.0640018 0.394114 0.0676423 9.9991E-05
9.9973E-05 0.218264 9.9973E-05 0.706414 9.9973E-05 0.0750221
0.0395369 0.253687 0.0501905 0.521068 0.0641246 0.0713933
0.0102561 0.131341 0.166685 0.537298 0.0912519 0.0631684
0.322585 0.0475926 0.0264562 0.458703 0.108407 0.0362566
0.0659107 0.0430624 0.154109 0.467324 0.269494 9.9991E-05
0.105302 0.077245 0.0756496 0.383553 0.229725 0.128525
0.108227 0.0277964 0.102 0.645452 0.0524922 0.0640323
0.22344 0.0289372 9.9991E-05 0.49394 0.236006 0.017577
9.9991E-05 0.177379 0.23163 0.43258 0.0483941 0.109917
0.186305 0.0760737 0.0569976 0.563083 0.11744 9.9991E-05
0.256671 9.9991E-05 0.460201 0.0769803 0.108255 0.0977934
0.0603743 0.141165 0.0798331 0.493737 0.162893 0.0619977
0.14793 0.00212441 0.156216 0.510945 0.160828 0.0219563
0.035127 0.0865089 0.0694178 0.410191 0.306908 0.0918479
0.248395 0.0223943 0.22571 0.391249 0.0416382 0.0706133
0.245687 9.9991E-05 0.0420178 0.596925 0.105598 0.00967273
0.12205 9.9982E-05 0.13671 0.556127 0.184913 9.9982E-05
0.487578 9.9973E-05 0.303359 9.9973E-05 0.208762 9.9973E-05
0.165359 0.055098 9.9991E-05 0.566238 0.165719 0.0474855
0.112892 0.0686204 0.0266996 0.563885 0.196791 0.031112
0.0497069 0.0500444 0.0634877 0.582714 0.126816 0.127231
0.193149 9.9982E-05 0.0337797 0.659411 0.113461 9.9982E-05
0.225897 0.141235 0.040837 0.470153 0.0985169 0.0233612
0.0810193 0.0388291 0.251568 0.533581 0.0355917 0.0594104
0.0920945 0.1299 0.162326 0.531117 0.0844626 9.9991E-05
9.9982E-05 0.0579527 0.535276 0.0731275 9.9982E-05 0.333444
9.9982E-05 0.0623698 0.75562 0.0589771 9.9982E-05 0.122833
0.00289156 0.0592125 0.367436 0.42434 0.0728534 0.0732662
0.100751 0.02008 0.195022 0.394784 0.289262 9.9991E-05
0.0914798 9.9991E-05 0.22813 0.320445 0.323916 0.0359291
0.196407 9.9991E-05 0.34094 0.186291 0.275892 0.000370499
0.142499 9.9982E-05 0.181974 0.383856 0.291471 9.9982E-05
0.0482494 9.9982E-05 0.655348 0.218452 0.07775 9.9982E-05
0.0513219 9.9982E-05 0.605028 0.276201 0.0672494 9.9982E-05
9.9991E-05 0.00764135 0.26114 0.564978 0.141308 0.024833
0.0115218 0.0613636 0.270565 0.533165 0.102789 0.0205952
0.0787242 9.9982E-05 0.538915 0.328351 0.05381 9.9982E-05
0.0582327 0.0489376 0.169375 0.517296 0.0845724 0.121587
9.9991E-05 0.035974 0.210684 0.59552 0.122737 0.0349843
0.0961163 0.0800383 0.243995 0.426597 0.153153 9.9991E-05
0.0111654 0.131039 0.433554 0.405981 9.9991E-05 0.0181599
9.9991E-05 0.0517021 0.370951 0.410502 0.0184506 0.148294
9.9991E-05 0.124272 0.280863 0.535815 0.0177567 0.0411935
9.9991E-05 0.138635 0.326262 0.449586 0.0063048 0.0791128
0.0613392 0.129756 0.165143 0.496336 0.0671601 0.0802667
9.9982E-05 0.0762278 0.421164 0.49369 9.9982E-05 0.00871811
9.9973E-05 0.11529 0.605318 0.279092 9.9973E-05 9.9973E-05
0.0206871 9.9991E-05 0.243167 0.635611 0.0109406 0.089494
9.9982E-05 0.0860069 0.457073 0.264876 9.9982E-05 0.191844
9.9982E-05 0.029179 0.397054 0.477333 9.9982E-05 0.0962341
0.0653934 0.0687784 0.117864 0.608944 0.0201097 0.11891
9.9991E-05 0.119154 0.177418 0.526481 0.070536 0.106311
0.226242 9.9982E-05 0.105399 0.503932 0.164227 9.9982E-05
0.113245 0.110546 0.154951 0.443055 0.0959463 0.0822559
0.133087 0.0482924 0.154996 0.277089 0.312082 0.0744542
0.181528 0.170221 0.0914373 0.397353 0.159361 9.9991E-05
0.110729 0.145503 0.0765501 0.512249 0.146747 0.00822121
0.155101 0.0265217 0.167891 0.475152 0.15657 0.018765
0.143706 0.0392281 0.616223 9.9982E-05 0.200643 9.9982E-05
0.104326 0.0501462 0.0160873 0.695188 0.134153 9.9991E-05
0.344995 9.9973E-05 0.500737 9.9973E-05 0.153968 9.9973E-05
0.0323621 9.9982E-05 0.206939 0.612812 0.147688 9.9982E-05
9.9973E-05 9.9973E-05 0.625183 0.137776 9.9973E-05 0.236741
9.9964E-05 9.9964E-05 0.671133 9.9964E-05 9.9964E-05 0.328467
9.9973E-05 9.9973E-05 0.340545 0.517642 9.9973E-05 0.141513
9.9973E-05 0.0212022 0.248985 0.729513 9.9973E-05 9.9973E-05
9.9982E-05 0.00567001 0.40422 0.494247 9.9982E-05 0.0956629
0.00862571 9.9982E-05 0.222066 0.560391 9.9982E-05 0.208718
9.9973E-05 9.9973E-05 0.351592 0.588283 9.9973E-05 0.0598254
0.789358 0.049682 0.0469369 0.084064 0.0211731 0.00878574
0.738197 0.153977 0.00782381 0.00669805 0.0932041 9.9991E-05
0.876559 0.0397896 9.9973E-05 9.9973E-05 0.0833516 9.9973E-05
0.937066 9.9973E-05 0.00109122 0.0615432 9.9973E-05 9.9973E-05
0.095717 0.0287855 0.00305921 0.512354 0.00831202 0.351773
0.0534901 0.0876019 0.0562754 0.489941 0.0387833 0.273908
9.9973E-05 0.01522 9.9973E-05 0.451371 9.9973E-05 0.533109
0.0869964 9.9982E-05 9.9982E-05 0.641756 0.0125188 0.258529
0.110218 0.0620751 0.0181809 0.616263 0.000982268 0.192281
0.0525575 0.074213 0.135672 0.206879 9.9991E-05 0.530578
0.0839586 9.9991E-05 0.00241921 0.592276 0.0154831 0.305763
9.9973E-05 9.9973E-05 0.185712 0.306913 9.9973E-05 0.507074
0.231037 0.0704224 0.0293601 0.488539 0.180541 9.9991E-05
9.9991E-05 0.0163075 0.174256 0.420252 0.0496117 0.339473
0.0164321 0.0952793 9.9982E-05 0.30569 9.9982E-05 0.582398
9.9973E-05 0.028327 9.9973E-05 0.593007 9.9973E-05 0.378366
0.0146178 0.082697 9.9982E-05 0.362212 9.9982E-05 0.540273
9.9982E-05 9.9982E-05 0.0736587 0.535434 0.00545014 0.385257
0.0430302 0.0247603 9.9991E-05 0.501825 0.0689971 0.361287
9.9973E-05 9.9973E-05 0.0830031 0.0719209 9.9973E-05 0.844776
0.0200023 0.0368993 0.0916055 0.160369 0.0500286 0.641096
0.0423491 0.0535996 0.0700675 0.160051 0.0537496 0.620184
9.9964E-05 9.9964E-05 0.246247 9.9964E-05 9.9964E-05 0.753353
0.0591827 0.0915046 0.00499442 0.447212 0.00967595 0.38743
9.9973E-05 9.9973E-05 0.251258 0.0948132 9.9973E-05 0.653629
9.9964E-05 9.9964E-05 0.319924 9.9964E-05 9.9964E-05 0.679676
0.0583433 9.9991E-05 0.0501655 0.505282 0.0435524 0.342557
0.0611153 0.0966435 9.9982E-05 0.175108 9.9982E-05 0.666933
9.9991E-05 0.122556 0.00841348 0.295801 0.130137 0.442992
0.103432 0.00189917 0.084862 0.606674 0.00903659 0.194096
0.033995 0.138323 9.9982E-05 0.514219 9.9982E-05 0.313263
9.9991E-05 0.211724 0.280394 0.406096 0.0054799 0.0962057
9.9982E-05 0.0850547 9.9982E-05 0.532977 0.0189806 0.362787
0.00715463 0.149593 9.9991E-05 0.359502 0.0816315 0.402018
9.9973E-05 9.9973E-05 0.0479979 0.29158 9.9973E-05 0.660122
0.030472 0.126408 0.00073374 0.525615 0.0522907 0.26448
0.613833 0.26437 0.105939 0.0156574 9.9982E-05 9.9982E-05
0.736305 0.0749319 0.0474585 0.0333694 0.00811344 0.0998215
0.818211 0.0920191 0.0894698 9.9973E-05 9.9973E-05 9.9973E-05
0.77819 0.172142 0.0493678 9.9973E-05 9.9973E-05 9.9973E-05
0.724159 0.191489 0.0199279 0.0642241 9.9982E-05 9.9982E-05
0.0141799 0.105336 9.9991E-05 0.00351121 0.0842511 0.792622
0.0908127 0.117578 0.0012503 0.0578374 9.9991E-05 0.732421
9.9973E-05 9.9973E-05 0.0461408 0.117219 9.9973E-05 0.83634
0.0891 0.143591 9.9991E-05 0.527923 0.110254 0.129032
0.127897 9.9982E-05 0.0913955 0.614155 9.9982E-05 0.166352
0.0303245 9.9991E-05 0.176393 0.21049 0.0363359 0.546357
0.00766933 9.9982E-05 9.9982E-05 0.583348 0.0454243 0.363358
0.020127 0.0198198 9.9991E-05 0.463022 0.0420543 0.454877
0.0354543 0.058839 0.00493943 0.520873 9.9991E-05 0.379794
0.0219067 0.0304405 9.9991E-05 0.532839 0.0825314 0.332183
9.9991E-05 0.133408 0.0118701 0.177647 0.03751 0.639466
0.00846755 0.0430662 9.9991E-05 0.31511 0.0120884 0.621168
9.9973E-05 0.0935223 9.9973E-05 0.274751 9.9973E-05 0.631427
0.0964026 0.0951467 0.128717 0.663249 9.9991E-05 0.0163839
0.0440558 0.027009 9.9982E-05 0.386489 9.9982E-05 0.542246
0.064016 9.9991E-05 0.0334598 0.446779 0.0100521 0.445593
0.0592857 9.9991E-05 0.0289747 0.476518 0.386527 0.0485943
0.153154 9.9982E-05 0.0381158 0.387235 0.421295 9.9982E-05
0.126465 9.9982E-05 9.9982E-05 0.469893 0.396139 0.00730297
0.121961 9.9982E-05 0.0936384 0.335288 0.448912 9.9982E-05
0.16926 9.9982E-05 0.113327 0.456531 0.260682 9.9982E-05
0.0667184 9.9991E-05 0.10481 0.41368 0.0590213 0.35567
0.231771 0.0310266 0.0692298 0.00344187 0.643394 0.0211367
0.159637 9.9991E-05 0.0549695 0.296085 0.458862 0.0303467
0.151965 9.9991E-05 0.190523 0.401534 0.132406 0.123473
0.124006 0.0106725 0.215013 0.650108 9.9982E-05 9.9982E-05
0.148432 0.04464 0.325374 0.481354 9.9982E-05 9.9982E-05
0.12976 0.0681541 0.141365 0.591894 0.0218614 0.0469652
0.142964 0.0583154 0.0856747 0.65732 9.9991E-05 0.0556259
0.233692 0.00776162 0.00426621 0.263301 0.446203 0.0447757
0.163998 0.0890727 0.00870084 0.395135 0.329785 0.0133089
0.0601205 0.00407725 0.03954 0.409765 0.486397 9.9991E-05
0.110646 0.0678468 0.102857 0.405571 0.248355 0.0647238
0.119029 9.9991E-05 0.0462114 0.282401 0.516315 0.0359431
0.187694 0.0227211 9.9991E-05 0.352768 0.306664 0.130053
0.0771656 9.9982E-05 0.0885046 0.305033 0.529097 9.9982E-05
0.0498449 0.129467 0.0112506 0.462812 0.346525 9.9991E-05
0.0922713 9.9982E-05 0.275826 0.58952 0.0421827 9.9982E-05
0.118926 0.036956 0.0867714 0.39689 0.360356 9.9991E-05
0.164259 9.9982E-05 0.0252529 0.218445 0.591843 9.9982E-05
0.135526 0.0584091 0.0568266 0.406531 0.302762 0.0399444
0.152505 0.216956 0.25238 0.25834 9.9991E-05 0.119719
9.9991E-05 0.0951848 0.216904 0.53211 0.122479 0.033222
0.174169 0.0200938 0.0670041 0.47011 0.268523 9.9991E-05
0.0569816 0.0623292 0.19555 0.684939 9.9982E-05 9.9982E-05
0.139352 0.0563975 0.209054 0.530873 9.9991E-05 0.0642239
0.180892 9.9991E-05 0.11234 0.373095 0.229262 0.104311
0.167349 0.037587 0.0869835 0.412208 0.295773 9.9991E-05
0.0886169 0.175649 0.0278622 0.594782 0.108295 0.00479458
0.136523 0.0220128 9.9991E-05 0.381342 0.290946 0.169076
0.151265 0.0420147 9.9982E-05 0.387291 0.419229 9.9982E-05
0.243722 9.9982E-05 0.000447093 0.165972 0.589659 9.9982E-05
0.149235 0.00604538 0.204311 0.602084 0.00890181 0.0294234
0.138218 0.0728521 0.179801 0.488132 9.9991E-05 0.120897
0.0932999 0.0425345 0.640156 0.179584 0.0436454 0.000779379
0.139423 0.0113845 0.142752 0.637568 9.9991E-05 0.0687723
0.114846 0.122422 0.227847 0.461626 0.00300857 0.0702498
0.195133 9.9991E-05 0.116466 0.387302 0.186037 0.114962
0.13189 0.0956497 0.109964 0.544333 0.0732941 0.0448697
0.273913 9.9973E-05 0.490192 9.9973E-05 0.235595 9.9973E-05
0.285176 9.9973E-05 0.583395 9.9973E-05 0.131129 9.9973E-05
0.147658 9.9982E-05 0.449551 0.308983 0.0936079 9.9982E-05
0.345111 9.9982E-05 0.411459 0.0589346 0.184295 9.9982E-05
0.379527 9.9973E-05 0.374254 9.9973E-05 0.245919 9.9973E-05
0.148259 9.9982E-05 0.319885 0.346967 0.18469 9.9982E-05
0.198428 9.9991E-05 0.238649 0.322098 0.180946 0.0597785
0.310473 9.9991E-05 0.257124 0.182406 0.158705 0.0911924
0.261045 9.9982E-05 0.477022 0.134342 0.127391 9.9982E-05
0.157877 0.0202246 0.210843 0.471733 0.139222 9.9991E-05
0.195852 9.9991E-05 0.454186 0.14184 0.122566 0.0854559
0.412534 9.9973E-05 0.530187 9.9973E-05 0.0569786 9.9973E-05
0.170081 0.143116 0.05889 0.456971 0.170842 9.9991E-05
0.137814 9.9991E-05 0.25887 0.251694 0.27965 0.0718715
0.31735 9.9982E-05 9.9982E-05 0.364342 0.203139 0.114969
0.181884 9.9973E-05 9.9973E-05 0.606643 0.211173 9.9973E-05
0.182725 9.9982E-05 9.9982E-05 0.563562 0.134919 0.118595
0.218064 0.00398181 0.0735314 0.557658 0.146666 9.9991E-05
0.388727 0.0396164 0.0232886 0.371413 0.176854 9.9991E-05
0.192967 0.0644163 9.9982E-05 0.53084 0.211577 9.9982E-05
0.251991 9.9982E-05 9.9982E-05 0.444332 0.274482 0.028994
0.2414 0.0561281 0.103384 0.289016 0.247406 0.062666
0.166998 0.117761 0.0534816 0.181577 0.183719 0.296463
0.177849 0.0731087 0.0618027 0.438678 0.121035 0.127527
0.190361 0.0370486 0.0752854 0.529759 0.0977443 0.0698017
0.126772 9.9991E-05 0.112236 0.633013 0.0508877 0.0769911
0.257504 9.9982E-05 0.0655422 0.447437 0.229317 9.9982E-05
0.217143 0.0159688 0.125795 0.46841 0.172584 9.9991E-05
0.362662 9.9982E-05 0.25441 0.176111 0.206618 9.9982E-05
0.182243 0.046122 0.0166157 0.58527 0.139612 0.0301375
0.23151 9.9982E-05 0.261585 0.249313 0.257393 9.9982E-05
0.805854 0.103861 9.9973E-05 9.9973E-05 9.9973E-05 0.0899855
0.0415295 0.749148 0.101676 0.107446 9.9982E-05 9.9982E-05
9.996E-05 0.9995 9.996E-05 9.996E-05 9.996E-05 9.996E-05
0.0138631 0.985737 9.9964E-05 9.9964E-05 9.9964E-05 9.9964E-05
9.9973E-05 0.956442 9.9973E-05 0.0121577 0.0311005 9.9973E-05
9.9964E-05 0.937956 9.9964E-05 9.9964E-05 0.0616443 9.9964E-05
9.9964E-05 0.914335 9.9964E-05 0.0852656 9.9964E-05 9.9964E-05
0.0646348 0.934965 9.9964E-05 9.9964E-05 9.9964E-05 9.9964E-05
0.184913 0.783938 9.9973E-05 9.9973E-05 0.0308486 9.9973E-05
0.858826 0.0695888 9.9991E-05 0.0277138 0.0335824 0.0101889
0.777061 0.147808 9.9973E-05 0.0748314 9.9973E-05 9.9973E-05
0.89263 0.0393883 9.9991E-05 0.00722749 0.0415509 0.0191033
0.815919 0.0894903 0.0615535 0.0328374 9.9982E-05 9.9982E-05
0.83938 0.0434679 9.9982E-05 9.9982E-05 0.102045 0.0149067
0.860066 9.9973E-05 0.103716 9.9973E-05 0.035918 9.9973E-05
0.734478 0.067481 0.00210413 9.9991E-05 0.166329 0.0295082
0.853859 9.9991E-05 0.00172735 0.00345725 0.0948972 0.0459589
0.720051 0.133029 9.9991E-05 0.0336817 0.0843691 0.0287689
0.897022 9.9982E-05 0.00741524 9.9982E-05 0.0820233 0.01334
0.937492 0.0329618 0.029246 9.9973E-05 9.9973E-05 9.9973E-05
0.831933 0.0293308 0.0749418 0.011606 0.0520883 9.9991E-05
0.912351 0.0370803 9.9982E-05 0.000661437 0.0497076 9.9982E-05
0.884783 9.9973E-05 0.0535831 0.0613344 9.9973E-05 9.9973E-05
0.833338 0.000133952 9.9991E-05 0.0652889 0.0538006 0.0473384
0.838821 9.9973E-05 9.9973E-05 0.13465 0.0262286 9.9973E-05
0.763825 9.9973E-05 9.9973E-05 0.0815274 0.154347 9.9973E-05
0.781379 9.9973E-05 9.9973E-05 0.0976354 0.120685 9.9973E-05
0.815311 9.9973E-05 9.9973E-05 0.167332 0.0170571 9.9973E-05
0.201399 0.0313929 0.251821 0.393682 9.9991E-05 0.121605
0.146806 0.054416 0.0213254 0.670399 9.9991E-05 0.106954
0.140973 0.0392277 0.0771378 0.578427 0.0614835 0.102751
0.0563019 0.00573826 0.704621 0.190537 9.9991E-05 0.0427024
0.125896 0.113627 0.152828 0.607449 9.9982E-05 9.9982E-05
0.132233 9.9982E-05 0.686235 0.173993 0.00733932 9.9982E-05
0.085012 0.0516483 0.194284 0.659228 0.00972737 9.9991E-05
0.104016 0.0943433 0.215839 0.509749 9.9991E-05 0.0759526
0.0874511 0.0123457 0.19615 0.584909 9.9991E-05 0.119044
0.0890018 0.0313581 9.9991E-05 0.422155 0.0793482 0.378037
0.130649 0.13791 0.213348 0.467617 9.9991E-05 0.0503768
0.0738389 0.0291141 0.184225 0.646993 9.9991E-05 0.0657289
0.160304 0.123128 0.0826499 0.633717 9.9982E-05 9.9982E-05
9.9991E-05 0.481477 0.309149 0.0918777 0.042361 0.0750361
0.0102571 0.137892 0.830329 0.0213218 9.9982E-05 9.9982E-05
0.0787281 0.0728661 0.656294 0.191912 9.9982E-05 9.9982E-05
0.141386 9.9982E-05 0.144787 0.682915 0.0307114 9.9982E-05
0.0907973 0.0446727 0.305969 0.518913 0.0241901 0.0154581
0.136338 9.9982E-05 0.276877 0.547465 9.9982E-05 0.0391195
0.0519472 9.9991E-05 0.0972364 0.610053 0.104839 0.135824
0.229758 9.9991E-05 0.0448236 0.599132 0.11305 0.013136
0.160505 0.0160801 9.9991E-05 0.64453 0.148838 0.0299467
0.409776 0.154602 0.101491 0.167448 0.118927 0.0477566
0.175423 0.0623991 0.0989668 0.572981 0.0196874 0.0705427
0.246148 0.0669394 0.0562059 0.478979 0.118922 0.032806
0.399071 9.9973E-05 0.415543 9.9973E-05 0.185087 9.9973E-05
0.3251 9.9991E-05 0.119532 0.355713 0.157472 0.0420828
0.339887 0.0352603 0.075892 0.298224 0.174648 0.0760888
0.299578 0.0888012 0.0043494 0.406192 0.123505 0.077574
0.0918331 0.111272 0.0414121 0.488638 0.266745 9.9991E-05
0.223042 0.0152838 9.9991E-05 0.481985 0.167396 0.112193
0.126345 9.9983E-05 0.157875 0.614321 0.101259 9.9983E-05
0.123253 0.0546206 0.153702 0.374737 0.164768 0.128918
0.498281 9.9982E-05 9.9982E-05 0.284749 0.136619 0.0801508
