9.9973E-05 0.00376574 0.0756639 0.0187329 9.9973E-05 9.9973E-05 0.901538
0.01662 0.0659169 9.9964E-05 9.9964E-05 9.9964E-05 9.9964E-05 0.917063
9.9973E-05 9.9973E-05 0.0469189 0.0866913 9.9973E-05 0.0696164 0.796473
0.0430829 9.9982E-05 0.0748317 0.037799 9.9982E-05 0.0560707 0.788016
9.9973E-05 9.9973E-05 0.0376509 0.0998821 9.9973E-05 0.0241492 0.838018
9.999E-05 0.0480763 0.0951425 0.054362 0.101234 0.0741772 0.626908
0.0446797 9.9982E-05 0.00895195 9.9982E-05 0.101851 0.00887636 0.835441
0.0195071 9.9982E-05 0.147925 9.9982E-05 0.0855142 0.0406301 0.706224
9.99729E-05 0.0481974 0.0870436 9.99729E-05 0.037062 9.99729E-05 0.827397
9.999E-05 0.00566553 0.0712452 0.097149 0.0858509 0.0273556 0.712634
9.9973E-05 0.00439755 0.136909 9.9973E-05 0.118083 9.9973E-05 0.740311
0.746927 0.0800147 9.9982E-05 0.105323 9.9982E-05 0.0640579 0.00347705
0.447475 0.00680605 0.0283751 0.451794 9.9982E-05 0.06535 9.9982E-05
0.755971 9.9982E-05 9.9982E-05 0.0952113 0.0633111 0.0510282 0.0342784
0.737534 9.9973E-05 9.9973E-05 0.132681 9.9973E-05 0.121928 0.00755573
0.424787 0.0381231 9.9982E-05 0.346242 9.9982E-05 0.051517 0.139131
0.36465 9.9982E-05 9.9982E-05 0.533362 0.00267263 0.0942175 0.00489797
0.383726 0.106768 9.9982E-05 0.318091 0.0668454 0.12437 9.9982E-05
0.669891 9.9973E-05 9.9973E-05 0.179237 9.9973E-05 0.0598523 0.0907195
0.899314 9.9973E-05 0.0314922 9.9973E-05 0.0571011 9.9973E-05 0.0117931
0.464483 0.121244 0.0072977 0.297146 0.0357791 0.0739498 9.9991E-05
0.308828 0.086127 9.9982E-05 0.43135 0.154363 0.0191312 9.9982E-05
0.235507 0.0807645 0.0389029 0.540054 0.0689192 0.016475 0.0193774
0.724303 0.0352354 9.9982E-05 0.112484 9.9982E-05 0.12468 0.00309788
0.218634 9.9973E-05 9.9973E-05 0.590775 0.0962677 0.094024 9.9973E-05
0.397001 0.0587231 9.9982E-05 0.44165 0.0430056 0.0594205 9.9982E-05
0.89456 9.9964E-05 9.9964E-05 9.9964E-05 9.9964E-05 0.10341 0.00162924
0.788757 9.9955E-05 9.9955E-05 9.9955E-05 9.9955E-05 0.210744 9.9955E-05
0.778995 9.9973E-05 9.9973E-05 0.0762791 0.131946 9.9973E-05 0.0124798
9.9964E-05 9.9964E-05 9.9964E-05 0.140572 9.9964E-05 0.0406728 0.818355
9.9955E-05 9.9955E-05 9.9955E-05 0.184718 9.9955E-05 9.9955E-05 0.814782
9.9973E-05 0.00271944 9.9973E-05 0.153539 9.9973E-05 0.0668605 0.776581
9.9982E-05 0.0599306 0.0217688 0.0565795 9.9982E-05 0.124236 0.737286
0.118821 0.241991 0.0158402 0.522995 0.0749264 9.9991E-05 0.025327
0.0399928 0.325494 0.0353324 0.463315 9.9991E-05 0.0147731 0.120992
0.023004 0.446013 9.9973E-05 0.480009 9.9973E-05 0.0506735 9.9973E-05
0.520335 0.0757119 0.208645 0.0913045 9.9991E-05 0.0270843 0.0768192
9.9991E-05 0.566659 0.0538012 0.165821 0.0592368 0.140119 0.0142626
0.131957 0.287317 0.0351125 0.393585 9.9991E-05 0.106178 0.0457514
9.9982E-05 0.214893 9.9982E-05 0.642086 0.0701876 0.0681394 0.00449362
9.9982E-05 0.12556 0.079256 0.554916 0.111944 9.9982E-05 0.128123
0.0572559 0.15957 0.0328333 0.592298 0.035703 9.9991E-05 0.122239
0.11145 0.738875 9.9991E-05 0.0152827 0.0775534 0.00481339 0.0519255
0.101348 0.0627368 0.0263577 0.659517 0.0735618 0.0200229 0.0564556
0.0451114 0.196342 9.9991E-05 0.489664 0.118469 0.0578024 0.0925119
0.0685448 0.145517 9.9991E-05 0.591432 0.0316359 0.101595 0.061175
9.9964E-05 0.721266 9.9964E-05 0.257486 0.0208479 9.9964E-05 9.9964E-05
9.9973E-05 0.296249 9.9973E-05 0.589643 0.0213876 0.0924203 9.9973E-05
0.0407872 0.252061 0.0214564 0.529752 9.9982E-05 9.9982E-05 0.155743
9.9964E-05 0.589716 9.9964E-05 9.9964E-05 0.35108 9.9964E-05 0.0588038
0.425562 0.202777 0.166674 0.0789392 0.122647 0.00330089 9.9991E-05
0.388642 0.0795286 9.9982E-05 0.0535506 0.453804 9.9982E-05 0.0242747
0.201798 0.0591489 0.0586026 0.589229 9.9982E-05 0.0910216 9.9982E-05
0.0567136 0.134653 9.9991E-05 0.570649 0.122122 0.0341934 0.0815698
0.162195 9.9982E-05 0.0821989 0.58071 0.121298 0.0533987 9.9982E-05
0.277674 0.229664 0.147328 0.112851 0.135577 9.9991E-05 0.0968074
0.163154 0.0804886 0.119864 0.557968 0.0731658 9.9991E-05 0.00525936
0.169419 0.0643023 0.0241921 0.528395 0.0871969 0.0786373 0.0478573
0.210153 0.22293 0.0631048 0.258015 0.1199 0.0593943 0.0665026
0.386053 0.0686815 0.0579777 0.0234371 0.207286 0.0386082 0.217957
0.0600244 0.125303 0.107458 0.528818 0.0123644 0.0551327 0.110899
0.349452 9.9991E-05 0.101336 0.434262 0.0339477 0.00291447 0.0779872
0.62301 0.066574 0.133645 9.9982E-05 0.143477 9.9982E-05 0.0330939
0.413709 0.0421768 0.0170639 0.466459 0.0440743 0.00478391 0.0117326
0.04925 0.137254 9.9991E-05 0.621896 0.126229 0.0170791 0.0481919
0.0985919 0.0519177 9.9991E-05 0.593855 0.118622 0.00263399 0.134279
0.392886 0.0764995 0.0450436 0.248733 0.178922 9.9991E-05 0.0578161
0.324502 0.103862 9.9982E-05 0.384128 0.104593 0.0827152 9.9982E-05
0.152269 0.0730657 0.12122 0.602126 0.0372897 0.000347346 0.0136828
0.552311 0.0470219 0.0912615 0.147518 0.161688 9.9982E-05 9.9982E-05
9.9955E-05 0.500346 9.9955E-05 0.499155 9.9955E-05 9.9955E-05 9.9955E-05
0.11497 0.73003 9.9973E-05 0.132859 9.9973E-05 0.0218413 9.9973E-05
0.0369208 0.209426 0.0258379 0.533254 0.09881 0.0928624 0.00288873
9.9955E-05 0.82246 9.9955E-05 9.9955E-05 0.17704 9.9955E-05 9.9955E-05
0.044561 0.798449 9.9964E-05 9.9964E-05 0.15659 9.9964E-05 9.9964E-05
9.9973E-05 0.711673 0.00423098 0.236282 0.047514 9.9973E-05 9.9973E-05
0.06517 0.491285 0.0535444 0.376629 9.9982E-05 9.9982E-05 0.0131722
0.146585 0.111815 0.0571512 0.510815 9.9991E-05 0.0732718 0.100262
0.0344263 0.548238 0.0153305 0.338233 9.9982E-05 0.0635714 9.9982E-05
0.109226 0.656689 0.0957979 0.0947174 9.9991E-05 0.0330363 0.0104328
9.9973E-05 0.620509 0.190003 0.156805 9.9973E-05 9.9973E-05 0.0323828
9.9982E-05 0.240617 0.045976 0.540084 9.9982E-05 0.0836014 0.0895221
0.172258 0.529 9.9982E-05 0.264957 9.9982E-05 0.00304658 0.0305385
0.0766081 0.460097 0.0275054 0.403156 0.0111773 0.0182118 0.00324375
9.9973E-05 0.518433 9.9973E-05 0.369624 0.101605 9.9973E-05 0.0100382
9.9964E-05 0.724131 0.0152027 9.9964E-05 0.260267 9.9964E-05 9.9964E-05
0.0868488 0.22299 0.0339554 0.572495 9.9991E-05 0.0499495 0.0336609
0.0592671 0.00446231 0.0196368 0.0687357 9.9991E-05 0.0532338 0.794564
9.9955E-05 9.9955E-05 9.9955E-05 0.0961787 9.9955E-05 9.9955E-05 0.903322
9.9964E-05 9.9964E-05 9.9964E-05 0.122328 9.9964E-05 0.00966714 0.867605
9.9964E-05 9.9964E-05 9.9964E-05 0.0894212 9.9964E-05 0.0056683 0.904511
9.9973E-05 9.9973E-05 9.9973E-05 0.103958 0.00148149 0.0141724 0.880088
9.9982E-05 0.00843453 0.0371123 0.0443733 9.9982E-05 0.00643806 0.903442
9.99551E-05 9.99551E-05 9.99551E-05 0.0874558 9.99551E-05 9.99551E-05 0.912044
9.9982E-05 0.310691 0.0187862 0.456126 9.9982E-05 0.0824524 0.131744
0.129146 0.136964 0.0314004 0.549285 9.9991E-05 0.103601 0.0495027
0.0691412 0.863247 9.9973E-05 9.9973E-05 0.0371271 9.9973E-05 0.0301847
0.0777714 0.289685 9.9991E-05 0.446532 0.0344719 0.0576667 0.0937729
0.0839949 0.483763 0.0202638 0.395948 9.9982E-05 9.9982E-05 0.015831
9.9973E-05 0.364441 9.9973E-05 0.56526 0.0300549 9.9973E-05 0.0399442
9.9973E-05 0.312825 9.9973E-05 0.540727 0.127466 9.9973E-05 0.0186826
9.9973E-05 0.473619 0.0216374 0.401291 9.9973E-05 0.103153 9.9973E-05
0.144029 0.692241 0.095132 9.9982E-05 0.0544934 9.9982E-05 0.0139044
0.147974 0.0586975 0.0352662 0.521113 0.045077 0.0993512 0.0925215
0.0651378 0.183257 9.9991E-05 0.645847 0.0157586 0.00882647 0.0810737
0.0790302 0.0493148 0.0765594 0.565349 0.0802527 0.125252 0.0242416
0.0102446 0.48606 9.9973E-05 0.313016 0.19038 9.9973E-05 9.9973E-05
9.9973E-05 0.414515 9.9973E-05 0.474634 0.069579 9.9973E-05 0.0409726
0.135769 0.475212 9.9982E-05 0.29916 9.9982E-05 0.0597852 0.0298732
9.9964E-05 0.653724 9.9964E-05 0.208463 9.9964E-05 0.137413 9.9964E-05
0.0579374 0.369992 0.0261911 0.455173 9.9982E-05 9.9982E-05 0.0905073
0.126825 0.231696 0.0169588 0.526902 9.9991E-05 0.0256629 0.0718554
0.422992 0.0392625 0.0605957 0.232672 0.211196 0.0164667 0.0168152
0.218932 9.9982E-05 0.191374 0.429702 9.9982E-05 0.0286222 0.13117
0.212216 0.00826652 0.0748833 0.604964 0.00587529 0.00751485 0.08628
0.125259 0.0376421 0.167239 0.541241 0.0410562 0.0740913 0.0134712
0.428058 9.9973E-05 0.133476 0.405754 0.0324122 9.9973E-05 9.9973E-05
0.24967 9.9982E-05 0.154269 0.558673 9.9982E-05 0.0167905 0.0203984
0.335394 9.9982E-05 0.155006 0.452102 9.9982E-05 0.0284613 0.0288362
0.166928 0.0792252 0.0391565 0.552828 0.091126 9.9991E-05 0.0706362
0.0585367 0.0592499 0.195033 0.562884 0.0606551 0.0634034 0.000237826
0.21871 0.016009 0.0613278 0.592187 0.0970964 0.0012676 0.0134029
0.254501 9.9973E-05 0.173408 0.522671 0.0491205 9.9973E-05 9.9973E-05
0.0161315 9.9991E-05 0.169895 0.741262 0.00573235 0.0319388 0.0349398
0.0780722 0.0728582 9.9991E-05 0.580754 0.100353 0.0869109 0.0809513
0.237191 0.121762 0.0757046 0.541199 0.000595097 0.023448 9.9991E-05
0.0475248 9.9991E-05 0.127647 0.624936 0.0896801 0.089645 0.0204674
0.199937 9.9982E-05 0.18453 0.48366 0.0420842 0.0895887 9.9982E-05
0.314437 9.9982E-05 0.116389 0.294605 0.184067 9.9982E-05 0.0903021
0.231907 0.00550272 0.00216704 0.5701 0.10921 0.0474574 0.0336563
0.0511496 9.9982E-05 0.189815 0.578782 0.0977116 0.0823418 9.9982E-05
0.411766 0.111404 0.132424 0.191082 0.0602637 0.0584888 0.0345718
0.355925 0.0634714 0.0836374 0.0929522 0.321855 0.0804384 0.00172092
0.14995 0.062281 0.194443 0.438025 0.0043484 0.0963766 0.054576
0.164738 0.216315 0.218454 0.0534148 0.295307 0.0516715 9.9991E-05
0.488971 0.0877462 0.0745903 0.217565 0.0590883 9.9991E-05 0.0719393
0.306286 0.146873 0.13823 0.401163 0.00724811 9.9982E-05 9.9982E-05
0.367022 0.12984 0.208556 0.294282 9.9973E-05 9.9973E-05 9.9973E-05
0.467728 0.0738236 0.196047 0.22337 0.0111209 0.0278104 9.9991E-05
0.202239 9.9982E-05 0.0922281 0.565091 9.9982E-05 0.0949622 0.0452802
0.0347771 0.191916 0.079199 0.445111 0.0343295 0.115057 0.0996109
0.223004 0.00799954 0.026514 0.561392 0.124206 0.0461377 0.0107471
0.301023 0.00752239 0.151624 0.109206 0.349038 0.0814859 9.9991E-05
0.080594 0.0889303 0.0658105 0.57012 0.032593 9.9991E-05 0.161852
0.0972438 0.124157 9.9991E-05 0.409984 0.219394 0.129722 0.0193991
0.0975137 0.0853103 0.062858 0.0282487 0.584281 9.9991E-05 0.141688
0.026057 0.154946 9.9991E-05 0.630229 0.0643771 0.0213812 0.10291
0.110804 0.162606 9.9991E-05 0.307588 0.308562 0.0562124 0.0541284
0.162235 0.0548958 0.0348974 0.549154 0.141197 0.0383114 0.0193098
0.0883588 0.129621 0.0572728 0.250995 0.36363 0.000116816 0.110006
0.0923202 0.0437496 0.0874812 0.213166 0.478071 9.9991E-05 0.0851123
0.130455 0.105933 0.0742343 0.431549 0.230742 9.9991E-05 0.0269871
0.195525 0.0496117 0.0404423 0.424444 0.172468 0.0579136 0.0595949
0.136875 0.0543127 0.104212 0.355759 0.225044 0.0189744 0.104824
0.2099 0.140761 0.0299138 0.0273719 0.416278 0.146934 0.0288417
0.0504377 0.0605832 0.00291565 0.631821 0.200097 9.9991E-05 0.0540457
0.179486 0.125202 9.9973E-05 0.36567 0.329342 9.9973E-05 9.9973E-05
0.177251 0.11721 0.00795693 0.477998 0.219384 9.9982E-05 9.9982E-05
0.0230062 0.106062 0.0173529 0.542639 0.140264 9.9991E-05 0.170576
0.0463671 9.9982E-05 9.9982E-05 0.156813 0.218384 0.233369 0.344867
9.9964E-05 9.9964E-05 9.9964E-05 9.9964E-05 0.319031 0.134781 0.545788
9.9964E-05 9.9964E-05 9.9964E-05 9.9964E-05 0.408288 0.149536 0.441776
0.0530489 9.9991E-05 0.0436006 0.058093 0.138979 0.336717 0.369462
9.9964E-05 0.0619725 9.9964E-05 0.681053 0.256575 9.9964E-05 9.9964E-05
0.0880028 0.0541701 0.066164 0.599608 0.0728027 0.0582907 0.0609617
0.0977382 9.9964E-05 9.9964E-05 0.208465 9.9964E-05 0.693397 9.9964E-05
0.103323 0.0480867 9.9991E-05 0.319155 0.0205026 0.440666 0.0681662
0.0339255 0.10339 0.0971004 0.290027 9.9991E-05 0.45942 0.0160373
0.0187116 0.0541814 0.0301396 0.377649 0.496114 0.0231045 9.9991E-05
0.0453822 0.143593 9.9991E-05 0.544311 0.128087 0.0758882 0.0626388
0.072241 0.0137893 9.9973E-05 0.240638 0.673032 9.9973E-05 9.9973E-05
0.07425 9.9982E-05 0.0278627 0.614847 0.2631 0.0197409 9.9982E-05
0.0951977 0.0763456 9.9982E-05 0.448859 0.343279 0.0361191 9.9982E-05
0.0068941 0.0510581 0.0411566 0.578714 0.277431 0.0446461 9.9991E-05
0.0512117 0.0349385 0.0579035 0.230079 0.625668 9.9982E-05 9.9982E-05
9.9991E-05 0.0672061 0.0802401 0.584364 0.0961785 0.147358 0.0245528
0.0467724 0.158339 9.9982E-05 0.579037 0.155504 9.9982E-05 0.0601473
9.9964E-05 0.0117262 9.9964E-05 9.9964E-05 0.0149632 0.972911 9.9964E-05
9.9955E-05 9.9955E-05 9.9955E-05 0.106973 9.9955E-05 0.892527 9.9955E-05
0.0409568 9.9982E-05 9.9982E-05 0.263786 0.0682667 0.559362 0.0674289
9.9964E-05 9.9964E-05 0.0711868 0.220831 9.9964E-05 0.707582 9.9964E-05
9.9973E-05 0.0203946 9.9973E-05 0.180567 9.9973E-05 0.79152 0.0072192
9.995E-05 9.995E-05 9.995E-05 9.995E-05 9.995E-05 0.9994 9.995E-05
9.9964E-05 9.9964E-05 0.0483301 9.9964E-05 0.019014 0.932256 9.9964E-05
9.9955E-05 9.9955E-05 9.9955E-05 0.133294 9.9955E-05 0.866206 9.9955E-05
0.00296951 9.9964E-05 0.0180835 9.9964E-05 9.9964E-05 0.978547 9.9964E-05
9.995E-05 9.995E-05 9.995E-05 9.995E-05 9.995E-05 0.9994 9.995E-05
9.995E-05 9.995E-05 9.995E-05 9.995E-05 9.995E-05 0.9994 9.995E-05
0.0625791 9.9982E-05 0.00114326 0.155962 9.9982E-05 0.751271 0.0288455
9.9973E-05 0.0326328 0.0662663 0.0581118 9.9973E-05 0.842689 9.9973E-05
9.9955E-05 0.0440748 9.9955E-05 9.9955E-05 9.9955E-05 0.955425 9.9955E-05
9.9991E-05 0.143798 0.0267705 0.328692 0.00508475 0.364861 0.130694
0.0197649 0.0448657 0.0763424 0.15967 9.9991E-05 0.692185 0.00707247
9.9973E-05 9.9973E-05 0.000748712 0.167622 9.9973E-05 0.755126 0.0762033
0.0828725 9.9964E-05 9.9964E-05 0.0351967 9.9964E-05 0.881531 9.9964E-05
9.9955E-05 9.9955E-05 9.9955E-05 0.0578976 9.9955E-05 0.941603 9.9955E-05
9.9964E-05 9.9964E-05 0.045601 0.0165223 9.9964E-05 0.937477 9.9964E-05
9.995E-05 9.995E-05 9.995E-05 9.995E-05 9.995E-05 0.9994 9.995E-05
0.0376577 9.9991E-05 0.0818937 0.163735 0.00960991 0.695923 0.0110803
9.9982E-05 0.0127685 0.0671808 0.0285055 9.9982E-05 0.873085 0.0182601
0.00105781 9.9973E-05 9.9973E-05 9.9973E-05 0.601599 0.0558967 0.341147
0.0783407 0.0318447 0.11673 0.419049 0.117503 0.0807911 0.155741
9.9991E-05 0.00155567 0.0731261 0.424193 0.229459 0.0823004 0.189266
9.9982E-05 0.0349499 9.9982E-05 0.174314 0.400206 0.118101 0.272229
0.0544715 9.9991E-05 0.0519272 0.408246 0.15681 0.195341 0.133104
0.00168989 0.011354 9.9991E-05 0.220913 0.409547 0.10159 0.254807
0.040413 0.0413389 0.0727697 0.588063 0.103054 9.9991E-05 0.154261
0.00461084 0.035847 9.9991E-05 0.400697 0.293152 0.0761343 0.189459
9.9991E-05 0.00417186 0.00706897 0.452167 0.243432 0.159894 0.133166
9.9973E-05 9.9973E-05 9.9973E-05 0.370961 0.318777 0.115519 0.194443
0.117947 0.000697822 9.9991E-05 0.462035 0.210463 0.0328069 0.17595
9.9973E-05 9.9973E-05 0.0551404 0.0319336 0.113271 9.9973E-05 0.799355
9.9973E-05 9.9973E-05 9.9973E-05 0.0128191 0.0109094 0.0623162 0.913655
0.042696 0.0130406 0.0168071 9.9973E-05 9.9973E-05 9.9973E-05 0.927156
9.9964E-05 9.9964E-05 0.052915 0.0119125 9.9964E-05 9.9964E-05 0.934773
0.0991448 9.9973E-05 9.9973E-05 0.028921 0.00630956 9.9973E-05 0.865325
9.9964E-05 9.9964E-05 9.9964E-05 9.9964E-05 0.0297706 0.0737469 0.896083
9.9973E-05 9.9973E-05 0.014198 0.0435276 9.9973E-05 0.0589834 0.882991
9.9973E-05 0.0626675 9.9973E-05 0.00874674 0.0352856 9.9973E-05 0.893
0.0171204 0.0659443 9.9973E-05 9.9973E-05 9.9973E-05 0.0321089 0.884526
9.9982E-05 9.9982E-05 0.00157801 0.0198286 0.0112727 0.0881128 0.879008
0.207725 0.0540466 0.0859245 9.9982E-05 0.0430511 9.9982E-05 0.609053
0.117987 0.0865376 0.197124 9.9973E-05 9.9973E-05 9.9973E-05 0.598052
0.26523 9.9973E-05 0.0902599 9.9973E-05 0.104373 9.9973E-05 0.539837
0.267502 0.0586777 0.128084 9.9982E-05 0.0464824 9.9982E-05 0.499055
0.0236223 0.402672 0.109852 0.413684 9.9982E-05 9.9982E-05 0.0499703
0.178947 0.236098 0.0875279 0.480769 9.9982E-05 9.9982E-05 0.0164575
0.0919747 0.217275 0.0582904 0.512756 0.0885054 0.0280908 0.00310744
0.158862 0.25718 0.13389 0.364973 0.0764698 9.9991E-05 0.0085256
0.442948 0.126165 0.310901 0.0990674 0.0207186 9.9982E-05 9.9982E-05
9.9991E-05 0.253089 0.0425659 0.607442 0.0228779 0.030348 0.0435767
0.0703357 0.346278 0.0240558 0.50775 0.0357062 0.0157743 9.9991E-05
0.104059 0.304979 0.110192 0.448905 9.9982E-05 0.0316649 9.9982E-05
9.9982E-05 0.520306 0.0184547 0.373455 0.0714473 0.0161367 9.9982E-05
0.0414956 0.127605 0.122045 0.673413 9.9982E-05 9.9982E-05 0.0352407
0.0196716 0.452668 0.0885257 0.375647 0.0361607 9.9991E-05 0.0272266
9.9964E-05 0.700335 0.0144281 9.9964E-05 0.284837 9.9964E-05 9.9964E-05
0.187295 0.108778 0.0985116 0.518652 9.9991E-05 0.0127568 0.0739059
9.9982E-05 0.468833 9.9982E-05 0.254422 0.254578 0.00294822 0.0190189
9.9973E-05 0.463508 9.9973E-05 0.448218 0.0538326 9.9973E-05 0.0341411
0.0712925 0.699269 0.0762144 0.0476411 0.0335904 9.9991E-05 0.0718922
9.9982E-05 0.0116727 0.822168 0.0472431 0.0281683 9.9982E-05 0.0905479
9.9973E-05 9.9973E-05 0.834261 0.0858407 0.0642567 9.9973E-05 0.0153417
9.9964E-05 0.040444 0.904455 9.9964E-05 0.054701 9.9964E-05 9.9964E-05
9.9973E-05 9.9973E-05 0.901794 0.0221412 0.025163 9.9973E-05 0.050602
9.9964E-05 9.9964E-05 0.807294 0.140321 0.051985 9.9964E-05 9.9964E-05
9.9964E-05 9.9964E-05 0.872739 0.0276011 9.9964E-05 0.0992597 9.9964E-05
9.9964E-05 9.9964E-05 9.9964E-05 0.0873109 9.9964E-05 0.0394375 0.872852
0.0177675 9.9991E-05 0.0358784 0.031471 0.00754012 0.09361 0.813633
9.9964E-05 9.9964E-05 9.9964E-05 0.139368 9.9964E-05 0.0799741 0.780258
0.0561264 9.9982E-05 0.0490943 0.0292768 9.9982E-05 0.125567 0.739736
9.9982E-05 9.9982E-05 0.0325167 0.0951068 0.00694925 0.0486435 0.816584
0.0371189 0.0634596 0.55211 9.9973E-05 9.9973E-05 9.9973E-05 0.347012
9.9973E-05 0.0980999 0.430833 9.9973E-05 0.0447168 9.9973E-05 0.42605
9.9973E-05 0.0754327 0.511206 9.9973E-05 0.0171081 9.9973E-05 0.395953
0.0459729 9.9964E-05 9.9964E-05 0.135075 9.9964E-05 9.9964E-05 0.818552
9.9982E-05 0.0475513 0.561137 9.9982E-05 0.0924096 0.00640867 0.292293
9.9973E-05 9.9973E-05 9.9973E-05 0.236564 0.130408 0.394395 0.238333
0.115122 0.015096 9.9991E-05 0.440107 0.00829355 0.294271 0.127011
9.9973E-05 0.00352087 9.9973E-05 0.482699 9.9973E-05 0.330154 0.183326
9.9982E-05 0.144975 9.9982E-05 0.300458 0.0554971 0.272324 0.226545
0.0686611 0.118068 0.0519448 0.45579 9.9991E-05 0.179631 0.125804
9.9964E-05 9.9964E-05 9.9964E-05 9.9964E-05 0.238614 0.319309 0.441677
0.2163 0.103763 0.185485 0.398357 0.087165 0.00882992 9.9991E-05
0.175528 0.0386614 0.12726 0.395793 0.262557 9.9982E-05 9.9982E-05
0.579246 9.9982E-05 0.0760239 0.206248 0.011777 9.9982E-05 0.126505
0.0888754 0.130397 0.0840255 0.464502 0.220594 0.0115057 9.9991E-05
0.183456 0.0816502 0.0413467 9.9973E-05 0.693247 9.9973E-05 9.9973E-05
0.308806 0.0237277 0.00287818 0.437403 0.0971099 0.0367303 0.093344
0.09614 0.143324 0.126774 0.438892 0.174547 0.00581668 0.0145059
0.527366 0.0440015 0.0839826 0.290701 9.9982E-05 9.9982E-05 0.0537496
0.0933559 0.172442 0.14543 0.444265 9.9991E-05 0.114117 0.0302894
0.545762 0.0527668 0.0161408 0.0335697 0.351561 9.9982E-05 9.9982E-05
0.0449928 0.0835204 0.0985451 0.41838 0.300133 0.0543285 9.9991E-05
0.144039 0.179975 0.136963 0.467013 9.9982E-05 0.0718108 9.9982E-05
0.133846 0.135405 0.0256274 0.37506 0.00391297 0.206449 0.119701
0.364361 0.0863289 0.0825766 0.303279 0.163255 9.9982E-05 9.9982E-05
0.230471 0.111766 0.172194 0.356694 0.0476772 0.0810989 9.9991E-05
0.0819842 0.081352 0.102841 0.528418 0.1593 0.0460045 9.9991E-05
0.0886316 0.161371 0.128962 0.503009 0.0752743 9.9991E-05 0.042652
0.0856493 0.0893433 0.0294334 0.65099 0.0716599 0.0109841 0.0619398
0.116235 0.178757 0.0734642 0.47936 0.0381846 0.0404855 0.073514
0.112308 0.0296927 0.112275 0.585387 9.9991E-05 0.0378397 0.122397
9.9964E-05 9.9964E-05 9.9964E-05 0.149429 9.9964E-05 0.0692865 0.780884
9.9973E-05 9.9973E-05 9.9973E-05 0.0927682 0.0563914 0.0367885 0.813752
0.0249755 0.00670508 0.0521145 0.0594069 0.0656111 0.0498715 0.741315
9.9982E-05 0.0767667 0.0657386 9.9982E-05 0.0212791 0.0690529 0.766963
9.9955E-05 9.9955E-05 9.9955E-05 0.15687 9.9955E-05 9.9955E-05 0.842631
0.691508 0.0310688 0.169739 0.0958449 0.00911693 0.00262253 9.9991E-05
0.266241 0.0077115 0.0948298 0.438453 0.0902175 0.0689136 0.033634
9.9991E-05 0.0255808 0.138134 0.379607 0.0402526 0.281542 0.134784
0.105823 0.0144038 0.0561492 0.66553 0.0599461 0.0980484 9.9991E-05
0.201963 0.136594 0.153402 0.447369 9.9982E-05 9.9982E-05 0.0604714
0.374782 9.9991E-05 0.130366 0.200806 0.224941 0.0524681 0.0165368
0.563755 9.9973E-05 0.238379 9.9973E-05 0.0871047 9.9973E-05 0.110462
0.184229 0.0902 0.15363 0.516995 0.0250141 0.0117369 0.0181956
0.440354 9.9991E-05 0.228174 0.103573 0.144538 0.0716468 0.0116137
0.00249332 0.081141 0.134329 0.468495 0.210424 0.0730899 0.0300282
0.484019 0.107262 0.149968 0.0450678 0.0777025 9.9991E-05 0.135881
0.260041 0.00250388 0.0478486 0.52778 9.9991E-05 0.125971 0.0357546
0.516404 0.0690686 0.144273 0.0937214 0.0722454 9.9991E-05 0.104188
0.246935 0.0842725 0.0960557 0.24318 0.171978 0.157479 9.9991E-05
0.0696013 0.102142 0.116036 0.478588 0.13892 0.0168484 0.0778638
0.0567539 9.9973E-05 0.147247 0.346873 0.448826 9.9973E-05 9.9973E-05
0.164618 0.0490372 0.00205667 0.546031 0.183001 9.9991E-05 0.0551558
0.175143 0.0447523 0.0406735 0.472149 0.109167 0.0548528 0.103263
9.9964E-05 9.9964E-05 0.0878345 0.412945 0.49882 9.9964E-05 9.9964E-05
0.0798369 0.14141 0.00502442 0.432252 0.134394 0.0752108 0.131872
9.9973E-05 0.098189 0.0857079 0.536955 0.278848 9.9973E-05 9.9973E-05
9.9973E-05 0.0338711 0.153467 0.161496 0.650866 9.9973E-05 9.9973E-05
9.9964E-05 9.9964E-05 0.0611354 0.313251 0.625214 9.9964E-05 9.9964E-05
9.9964E-05 9.9964E-05 0.0692605 0.559708 0.370631 9.9964E-05 9.9964E-05
9.9973E-05 0.153147 0.0920303 0.199599 0.554924 9.9973E-05 9.9973E-05
0.216416 9.9973E-05 0.034437 0.457778 0.291069 9.9973E-05 9.9973E-05
0.515838 0.104785 0.252046 0.0437665 0.055023 0.00385996 0.0246815
0.284331 0.0912471 0.170887 0.171654 0.281681 9.9982E-05 9.9982E-05
0.347569 0.110592 0.182546 0.286807 9.9982E-05 0.0722861 9.9982E-05
0.205145 0.0138551 0.0558873 0.616408 9.9991E-05 0.0189069 0.0896975
0.400501 0.219754 0.158898 0.167901 0.052746 9.9982E-05 9.9982E-05
0.124713 0.0523951 0.098529 0.452184 0.180058 0.0890596 0.00306126
0.0981383 0.164114 0.0660594 0.57027 9.9991E-05 0.0451236 0.0561954
0.384266 0.0118 0.0524801 0.529228 9.9982E-05 9.9982E-05 0.0220265
0.26614 9.9991E-05 0.136846 0.354298 0.063967 0.154685 0.0239634
0.185305 0.170952 0.193697 0.382225 9.9991E-05 0.0286933 0.0390287
0.395094 0.145605 0.256517 0.106019 9.9982E-05 0.0965644 9.9982E-05
0.165699 0.0671545 0.305438 0.267996 0.0309815 0.162631 9.9991E-05
0.187214 0.0629319 0.0745664 0.627605 0.047483 9.9982E-05 9.9982E-05
0.106138 0.00451365 0.0986906 0.53628 0.0738626 0.157908 0.022607
0.178996 0.0422748 0.113469 0.384022 0.164102 0.0072772 0.109859
0.154117 0.0134627 0.20459 0.490096 0.0539741 0.0836592 9.9991E-05
0.385533 9.9982E-05 0.163822 0.359716 0.0172413 9.9982E-05 0.0734878
0.192257 0.0462976 0.0846659 0.534085 0.110925 0.0316692 9.9991E-05
0.223692 0.0123201 0.0795718 0.566657 0.031254 0.0596896 0.026816
0.189229 0.0664395 0.118342 0.47196 0.0407781 0.0850615 0.0281902
0.126361 0.0582221 9.9982E-05 0.338456 9.9982E-05 0.17313 0.303631
9.9982E-05 0.0726227 9.9982E-05 0.495824 0.0464267 0.199338 0.185589
0.0965292 9.9991E-05 0.0478016 0.572161 0.0169052 0.129287 0.137216
0.069233 0.0943312 0.0461606 0.523546 0.070978 0.142989 0.0527618
0.0517729 0.0887101 9.9991E-05 0.433645 0.0759188 0.175893 0.17396
0.257519 9.9982E-05 0.0277023 0.436964 0.264161 0.0134543 9.9982E-05
0.113667 0.12826 0.0466227 0.428322 0.01148 0.101665 0.169982
0.16635 0.0738506 9.9982E-05 9.9982E-05 0.373845 0.150164 0.235591
0.132335 0.00975596 0.0154937 0.51447 0.0719537 0.123346 0.132646
0.0318677 0.0302311 0.0376023 0.550418 0.0931292 0.157867 0.0988854
0.102697 9.9991E-05 0.0094888 0.37719 0.133665 0.322579 0.0542802
0.242624 9.9982E-05 9.9982E-05 0.267094 0.203872 0.125379 0.160831
9.9982E-05 0.124319 9.9982E-05 0.442064 0.11139 0.134838 0.187189
9.9973E-05 9.9973E-05 9.9973E-05 0.565379 0.162454 0.138918 0.132949
9.9964E-05 9.9964E-05 9.9964E-05 9.9964E-05 0.351121 0.183455 0.465024
9.9982E-05 0.0186991 0.064735 0.460715 9.9982E-05 0.266287 0.189364
0.0667132 9.9982E-05 9.9982E-05 0.552031 0.0440216 0.164593 0.172441
0.00538018 0.0474307 9.9991E-05 0.676522 0.0736239 0.0423613 0.154582
0.00400907 9.9991E-05 0.00902878 0.568051 0.00472588 0.213457 0.200629
9.9991E-05 0.113381 0.0226593 0.483948 0.0873944 0.147876 0.144642
0.0237516 0.0994743 0.0819338 0.496456 0.211821 0.0864633 9.9991E-05
0.106586 0.0212799 0.0370465 0.46415 0.217443 0.0943481 0.0591468
0.0601261 0.260949 0.0304598 0.047271 0.600994 9.9982E-05 9.9982E-05
0.0195032 0.0757396 0.0514349 0.083787 0.769335 9.9982E-05 9.9982E-05
0.164632 0.0678721 0.0267338 0.411725 0.198995 0.091833 0.0382091
0.0224779 9.9991E-05 0.0162397 0.395311 0.176012 0.320012 0.069848
9.9973E-05 9.9973E-05 9.9973E-05 0.35709 0.227348 0.315734 0.0995277
0.0349172 9.9982E-05 9.9982E-05 0.11695 0.337316 0.376656 0.133961
9.9982E-05 9.9982E-05 0.0209903 0.403134 0.172223 0.252543 0.15091
9.9973E-05 9.9973E-05 9.9973E-05 0.19699 0.715223 0.0440824 0.0434045
9.9973E-05 9.9973E-05 9.9973E-05 0.229249 0.597929 0.111973 0.0605494
9.9991E-05 0.118595 0.0256199 0.528253 0.19165 0.113812 0.0219709
0.0276151 0.0751514 0.0362007 0.485229 0.277275 0.0793851 0.019144
9.9973E-05 9.9973E-05 9.9973E-05 0.298594 0.570589 0.100301 0.0302174
9.9982E-05 0.109486 9.9982E-05 0.498507 0.187604 0.143959 0.0602437
9.9964E-05 9.9964E-05 9.9964E-05 0.65611 0.279143 0.0643466 9.9964E-05
0.220707 0.0133017 0.015074 0.41953 0.127068 0.130044 0.0742747
0.0289772 0.11346 0.0919173 0.354796 0.41065 9.9982E-05 9.9982E-05
0.0744617 0.226546 0.00145818 0.330436 0.338298 0.0287005 9.9991E-05
0.0421859 0.0159286 0.0681983 0.449556 0.254179 0.0968537 0.073098
0.0609679 0.0462235 0.129801 0.340159 0.336427 0.0863207 9.9991E-05
0.146742 0.0628807 9.9991E-05 0.504739 0.138944 0.0600659 0.0865278
0.0637326 0.019734 9.9973E-05 0.519839 0.396395 9.9973E-05 9.9973E-05
0.0157184 0.0455792 0.0928129 0.298318 0.547371 9.9982E-05 9.9982E-05
9.9973E-05 0.150127 9.9973E-05 0.612664 0.211139 0.025769 9.9973E-05
0.0488376 0.170288 0.00879186 0.24358 0.528302 9.9982E-05 9.9982E-05
0.0539144 0.106663 0.0198296 0.439402 0.327536 0.0512411 0.00141388
0.00890329 0.170659 0.0350582 0.598187 0.111461 9.9991E-05 0.0756312
0.025941 0.133414 0.0461599 0.524994 0.269291 9.9982E-05 9.9982E-05
9.9982E-05 0.0744197 9.9982E-05 0.607581 0.0701562 0.100282 0.147362
0.0771242 0.0708684 9.9991E-05 0.336135 0.171206 0.201655 0.142911
0.0386602 0.0220416 0.0648073 0.324038 0.12562 0.252833 0.171999
0.0454063 9.9991E-05 0.134846 0.260213 0.169203 0.251753 0.138478
9.9991E-05 0.113065 0.0686267 0.3657 0.105369 0.180589 0.16655
9.9982E-05 0.0689344 9.9982E-05 0.512542 0.199573 0.0769242 0.141827
9.9973E-05 9.9973E-05 0.0547793 9.9973E-05 0.606784 0.182819 0.155318
9.9973E-05 9.9973E-05 0.0934141 0.581826 0.0959771 0.228483 9.9973E-05
9.9964E-05 9.9964E-05 9.9964E-05 9.9964E-05 0.519947 0.124982 0.354671
9.9973E-05 9.9973E-05 9.9973E-05 0.543284 0.204348 0.192286 0.0597815
9.9964E-05 0.276796 9.9964E-05 0.124313 0.598491 9.9964E-05 9.9964E-05
0.039671 0.271808 9.9964E-05 9.9964E-05 0.688121 9.9964E-05 9.9964E-05
0.111284 0.0537444 9.9973E-05 0.511735 0.322936 9.9973E-05 9.9973E-05
0.0296936 0.13042 9.9982E-05 0.588872 0.22602 0.0247947 9.9982E-05
0.0644122 0.0678663 9.9973E-05 0.436591 0.43083 9.9973E-05 9.9973E-05
0.00650511 0.20951 9.9982E-05 0.540789 0.216692 0.0263042 9.9982E-05
0.0262804 0.00834465 9.9973E-05 0.558833 0.406242 9.9973E-05 9.9973E-05
9.9991E-05 0.0553805 0.0128013 0.0489236 0.0134585 0.0471666 0.822169
0.0996384 0.0167608 0.0749837 9.9982E-05 9.9982E-05 0.105424 0.702993
0.0249084 9.9964E-05 9.9964E-05 9.9964E-05 9.9964E-05 0.0679319 0.90676
9.9955E-05 9.9955E-05 9.9955E-05 0.0653948 9.9955E-05 9.9955E-05 0.934105
9.9991E-05 0.358243 0.0140074 0.427295 0.122793 0.0209781 0.0565837
0.111103 0.334464 9.9982E-05 0.471143 9.9982E-05 0.023662 0.059428
0.0827272 0.4545 9.9964E-05 0.462373 9.9964E-05 9.9964E-05 9.9964E-05
0.0435315 0.255297 9.9982E-05 0.49834 9.9982E-05 0.17805 0.0245822
9.9991E-05 0.224987 0.136096 0.460622 0.0918735 0.0389064 0.0474148
0.116735 0.500825 0.082925 0.218343 0.0809728 9.9982E-05 9.9982E-05
0.0623593 0.347645 9.9973E-05 0.571657 9.9973E-05 0.0180395 9.9973E-05
9.9964E-05 0.477357 9.9964E-05 0.292466 0.229777 9.9964E-05 9.9964E-05
0.0610909 9.9982E-05 0.0306335 0.509925 9.9982E-05 0.13851 0.259641
9.9982E-05 0.424798 0.0261961 0.25881 0.106318 0.183678 9.9982E-05
0.110293 0.573648 0.0442989 0.265916 9.9982E-05 9.9982E-05 0.00564391
0.0960443 0.380979 0.0110098 0.483144 0.0253015 0.00342184 9.9991E-05
9.9982E-05 0.612111 0.0302918 0.300702 9.9982E-05 0.05031 0.00638582
9.9964E-05 0.384535 9.9964E-05 0.596413 0.0186521 9.9964E-05 9.9964E-05
0.0618384 0.339205 0.0171536 0.514535 0.0306878 0.0330342 0.00354634
9.9964E-05 0.879042 9.9964E-05 0.0250671 0.0954915 9.9964E-05 9.9964E-05
0.0388966 0.661314 9.9991E-05 0.140316 0.11118 0.0277562 0.0204371
0.0326114 0.606515 9.9982E-05 0.276484 0.0302482 9.9982E-05 0.0539409
9.9955E-05 0.71929 9.9955E-05 9.9955E-05 0.28021 9.9955E-05 9.9955E-05
0.0993676 0.374677 0.064502 0.319159 0.0467705 0.0807081 0.0148154
9.9973E-05 0.591258 0.00508795 0.0720676 0.331286 9.9973E-05 9.9973E-05
0.0121067 0.71775 9.9964E-05 9.9964E-05 0.269743 9.9964E-05 9.9964E-05
9.9982E-05 0.352406 0.0298623 0.515927 0.0496191 0.0519859 9.9982E-05
0.139429 0.718594 9.9973E-05 0.104214 9.9973E-05 0.0374623 9.9973E-05
0.023931 0.558395 0.0343114 0.297699 9.9982E-05 0.085464 9.9982E-05
9.9991E-05 0.204788 0.0248878 0.53157 0.0530009 0.0188194 0.166833
0.0884873 0.409705 0.0374613 0.446608 9.9982E-05 0.0175386 9.9982E-05
0.373015 9.9982E-05 0.0344458 0.317082 0.244034 0.0312226 9.9982E-05
9.9973E-05 0.418123 0.107901 0.441142 9.9973E-05 0.0325338 9.9973E-05
0.11895 0.36861 0.0211081 0.390793 9.9991E-05 0.0249893 0.0754486
9.9964E-05 0.695297 9.9964E-05 0.28151 0.0227934 9.9964E-05 9.9964E-05
0.0268409 0.316631 0.066541 0.442627 9.9991E-05 0.053933 0.0933268
0.079394 0.0455908 0.222395 9.9982E-05 0.0172905 9.9982E-05 0.63513
0.0592771 0.0697731 0.0680061 0.0289528 9.9982E-05 9.9982E-05 0.773791
0.0514433 9.9973E-05 0.0812422 9.9973E-05 0.0428532 9.9973E-05 0.824161
0.00655722 9.9973E-05 0.142645 9.9973E-05 0.026823 9.9973E-05 0.823675
9.9964E-05 9.9964E-05 0.206695 0.0592213 9.9964E-05 9.9964E-05 0.733684
0.0492048 0.76747 0.0811195 9.9982E-05 9.9982E-05 0.0782462 0.0237598
0.11195 0.691029 9.9982E-05 0.0535474 0.0689623 9.9982E-05 0.074312
9.9964E-05 0.73923 9.9964E-05 0.131571 0.128799 9.9964E-05 9.9964E-05
9.9991E-05 0.191161 0.00390216 0.575764 0.0460257 0.0596778 0.123369
0.0143932 0.181496 0.0726563 0.568015 9.9991E-05 0.0366676 0.126672
9.9991E-05 0.540451 0.025161 0.245775 0.101106 0.0480191 0.0393886
0.00613007 0.290119 0.049197 0.500431 0.0424751 0.111548 9.9991E-05
9.9982E-05 0.487268 9.9982E-05 0.308027 0.0541807 0.0628805 0.0874439
0.0286414 0.327499 0.030559 0.522902 0.0901987 9.9982E-05 9.9982E-05
9.9991E-05 0.245804 0.0881462 0.534278 0.0291937 0.0451475 0.0573312
9.9982E-05 0.63991 0.114438 0.179538 0.0578012 0.00811245 9.9982E-05
0.0428746 0.587287 0.0335791 0.316932 9.9982E-05 9.9982E-05 0.0191277
0.126889 0.549599 0.0580483 0.265164 9.9973E-05 9.9973E-05 9.9973E-05
9.9982E-05 0.0546788 0.0811023 0.554786 0.177822 9.9982E-05 0.131411
0.0120642 0.637526 9.9973E-05 0.338416 9.9973E-05 9.9973E-05 0.0116939
0.038223 0.469929 0.0439635 0.365528 0.0086816 0.0613051 0.0123697
9.9982E-05 0.0338654 0.121581 0.349717 9.9982E-05 0.448769 0.0458672
0.0192173 0.0282668 0.00645787 0.330444 0.057829 0.496472 0.0613129
9.9964E-05 9.9964E-05 9.9964E-05 0.509506 9.9964E-05 0.355378 0.134716
0.0152843 0.0404621 9.9991E-05 0.356956 0.0102124 0.400133 0.176852
9.9982E-05 9.9982E-05 0.0546675 0.519114 0.0209557 0.251913 0.15315
0.0715965 0.279659 9.9991E-05 0.486532 0.102671 0.0354637 0.0239783
9.9973E-05 9.9973E-05 9.9973E-05 0.0191048 0.0677493 0.683483 0.229363
9.9982E-05 0.0533634 9.9982E-05 0.271155 0.00691389 0.467162 0.201206
9.9991E-05 0.0388634 0.0792487 0.483199 0.164596 0.134346 0.0996464
0.132387 9.9973E-05 9.9973E-05 0.526934 0.209172 9.9973E-05 0.131207
0.0171958 0.0627872 0.00113132 0.492776 0.295808 9.9991E-05 0.130201
9.9991E-05 0.0807718 0.078023 0.559345 0.124501 0.0649111 0.0923474
0.0711479 0.107184 0.0429646 0.598687 0.0420908 0.0525865 0.0853392
9.9973E-05 9.9973E-05 9.9973E-05 0.415084 0.0126598 0.372028 0.199928
0.0996403 0.0417156 0.0330138 0.406866 9.9991E-05 0.254582 0.164082
9.9973E-05 9.9973E-05 0.0127142 0.497635 9.9973E-05 0.416992 0.0723589
9.9991E-05 0.0426493 0.114071 0.43254 0.0323272 0.271833 0.10648
0.011472 0.00873692 9.9991E-05 0.209388 0.0655015 0.586638 0.118164
9.9991E-05 0.132066 0.0527587 0.31115 0.059798 0.392496 0.0516314
0.0534552 9.9982E-05 0.026128 0.294589 9.9982E-05 0.504586 0.121042
0.00576927 0.00294896 0.0473676 0.332554 0.150208 0.368789 0.0923639
9.9973E-05 0.0246655 9.9973E-05 0.617715 0.314006 9.9973E-05 0.0433136
9.9982E-05 0.0221262 9.9982E-05 0.435665 0.0602537 0.240471 0.241284
9.9973E-05 9.9973E-05 9.9973E-05 0.180587 0.0028916 0.636902 0.179319
9.9973E-05 0.245673 9.9973E-05 0.310823 9.9973E-05 0.314416 0.128789
0.170797 0.0996308 0.119459 0.258218 0.235851 9.9991E-05 0.115945
0.250538 9.9973E-05 9.9973E-05 0.548811 0.0978717 0.102479 9.9973E-05
9.9991E-05 0.00622256 0.0997434 0.390296 0.0591348 0.3112 0.133303
0.0399128 0.00502574 0.00133219 0.683334 0.191189 9.9991E-05 0.0791065
0.0426872 0.105823 0.0333833 0.4772 0.181682 9.9991E-05 0.159124
0.0358199 0.135086 9.9991E-05 0.25315 0.0572633 0.242484 0.276098
0.0646963 9.9982E-05 9.9982E-05 0.372643 0.113971 0.217324 0.231166
0.0553558 0.114503 0.028272 0.54533 0.0843997 0.149398 0.0227424
0.118126 0.0166462 9.9991E-05 0.349846 0.00527324 0.419666 0.0903426
0.0288234 0.0337169 9.9991E-05 0.328073 0.0979484 0.467539 0.0437994
9.9973E-05 9.9973E-05 9.9973E-05 0.14776 0.0372429 0.617692 0.197005
9.9982E-05 9.9982E-05 0.138363 0.590597 0.12545 0.0813693 0.0640202
0.168845 0.111053 0.00758516 0.433882 0.131649 9.9991E-05 0.146886
9.9982E-05 9.9982E-05 0.0237437 0.220793 0.588626 0.0540335 0.112604
9.9982E-05 0.182339 0.0989495 0.454395 9.9982E-05 0.108077 0.156039
0.255728 9.9991E-05 0.046667 0.336212 0.199351 0.0532836 0.108659
0.129627 9.9982E-05 9.9982E-05 0.422237 0.12589 0.134296 0.18775
9.9982E-05 9.9982E-05 0.157833 0.403565 0.269324 0.160597 0.00848118
9.9964E-05 9.9964E-05 9.9964E-05 9.9964E-05 0.442809 0.228088 0.328702
9.9964E-05 9.9964E-05 9.9964E-05 9.9964E-05 0.566346 0.116481 0.316773
0.0486201 9.9991E-05 0.0422236 0.317838 0.323812 0.118706 0.148701
0.0346924 9.9982E-05 9.9982E-05 0.0501866 0.350122 0.202405 0.362394
9.9964E-05 9.9964E-05 9.9964E-05 9.9964E-05 0.320999 0.232826 0.445775
9.9991E-05 0.0478634 0.0356367 0.380995 0.293231 0.0897034 0.15247
0.14292 9.9982E-05 9.9982E-05 0.318226 0.125396 0.13762 0.275637
0.0369325 0.0333905 9.9991E-05 0.122993 0.333377 0.171234 0.301973
9.9973E-05 9.9973E-05 9.9973E-05 0.118793 0.481126 0.109072 0.290709
0.0310967 0.0865917 0.0132366 0.432775 0.172646 0.136815 0.126839
0.147974 0.0492211 9.9991E-05 0.131663 0.318904 0.140742 0.211396
9.9964E-05 9.9964E-05 9.9964E-05 9.9964E-05 0.4788 0.0772875 0.443513
0.238972 0.0607611 9.9991E-05 0.272572 0.084812 0.25122 0.0915633
0.0515053 0.00936639 0.039265 0.34581 0.145949 0.245542 0.162563
0.0799408 9.9982E-05 0.0130617 0.435847 9.9982E-05 0.146342 0.324608
0.0108882 9.9982E-05 9.9982E-05 0.537565 0.00657353 0.282113 0.16266
0.149808 9.9982E-05 9.9982E-05 0.458824 0.0375974 0.201692 0.151879
0.155364 9.9982E-05 9.9982E-05 0.371178 0.0681079 0.280921 0.124229
0.114422 9.9973E-05 9.9973E-05 0.332234 9.9973E-05 0.177002 0.376043
0.165217 9.9982E-05 9.9982E-05 0.433156 0.0441376 0.202905 0.154385
0.029093 9.9973E-05 9.9973E-05 0.4172 9.9973E-05 0.269743 0.283664
0.036277 9.9991E-05 0.00667599 0.326124 0.114495 0.227168 0.28916
0.194295 0.262343 0.0323235 0.195515 0.0318888 0.157371 0.126265
0.194716 0.0836971 0.00472971 0.527436 9.9991E-05 0.102765 0.0865571
0.142066 0.0204871 0.0566105 0.52677 9.9991E-05 0.142232 0.111734
0.0840587 0.0479207 0.0620361 0.614343 0.0124736 9.9991E-05 0.179068
0.0593443 9.9973E-05 9.9973E-05 0.364272 9.9973E-05 0.25068 0.325404
0.048486 0.0587021 0.00337495 0.54066 9.9991E-05 0.122658 0.226018
9.9973E-05 9.9973E-05 9.9973E-05 0.147085 0.246282 0.250109 0.356225
0.0591073 0.13664 9.9991E-05 0.420546 0.0362918 0.164624 0.182691
0.0276743 0.00498187 9.9991E-05 0.218626 0.150638 0.291374 0.306605
9.9982E-05 0.0771213 0.110355 9.9982E-05 0.0150123 0.0131847 0.784127
0.263311 0.0868278 0.507229 0.0647392 0.0571031 9.9991E-05 0.0206897
0.117445 0.0171924 0.864963 9.9964E-05 9.9964E-05 9.9964E-05 9.9964E-05
0.112548 9.9955E-05 0.886952 9.9955E-05 9.9955E-05 9.9955E-05 9.9955E-05
0.102938 9.9964E-05 0.879686 0.0169753 9.9964E-05 9.9964E-05 9.9964E-05
0.106618 9.9973E-05 0.810165 9.9973E-05 9.9973E-05 0.0722446 0.0106722
0.0887338 9.9964E-05 0.838665 0.0722017 9.9964E-05 9.9964E-05 9.9964E-05
0.120751 9.9964E-05 0.866459 9.9964E-05 9.9964E-05 9.9964E-05 0.01239
0.0660331 9.9973E-05 0.77098 9.9973E-05 9.9973E-05 0.00302121 0.159665
9.9973E-05 0.0637484 0.000148182 9.9973E-05 9.9973E-05 0.0409731 0.89483
0.00172055 9.9973E-05 0.1345 0.072671 9.9973E-05 9.9973E-05 0.790808
9.9982E-05 0.0578726 0.0213276 0.0414261 9.9982E-05 0.0090695 0.870104
0.0750166 9.9973E-05 0.0365399 0.0382343 9.9973E-05 9.9973E-05 0.849909
0.0444661 9.9964E-05 9.9964E-05 9.9964E-05 9.9964E-05 0.0684073 0.886727
9.9973E-05 9.9973E-05 0.073792 9.9973E-05 0.0428091 0.0138948 0.869204
0.0151822 9.9991E-05 0.0628864 0.0372885 0.0268063 0.118439 0.739298
9.9973E-05 0.023287 9.9973E-05 0.101342 9.9973E-05 0.00246881 0.872602
0.0309613 0.0546564 0.144416 9.9982E-05 9.9982E-05 0.0791388 0.690627
0.00387413 0.0279618 9.9973E-05 9.9973E-05 9.9973E-05 0.0424083 0.925456
9.9973E-05 0.0173738 0.0286473 9.9973E-05 0.00303954 9.9973E-05 0.950639
9.9991E-05 0.0530749 0.0453986 0.0238415 0.000800127 0.0505914 0.826193
9.9955E-05 9.9955E-05 0.0742854 9.9955E-05 9.9955E-05 9.9955E-05 0.925215
9.9964E-05 9.9964E-05 0.00455374 0.109254 9.9964E-05 9.9964E-05 0.885792
9.9982E-05 0.0282245 0.043356 0.00194845 9.9982E-05 0.0899816 0.836289
9.9964E-05 9.9964E-05 9.9964E-05 0.130774 9.9964E-05 0.0485335 0.820293
9.9964E-05 9.9964E-05 9.9964E-05 0.111732 9.9964E-05 0.135777 0.752091
9.9964E-05 9.9964E-05 9.9964E-05 0.125304 9.9964E-05 0.113482 0.760814
9.9973E-05 0.00280215 9.9973E-05 0.130188 9.9973E-05 0.0531317 0.813578
0.143007 0.0631199 0.0660889 0.369458 0.18927 0.0538349 0.115221
9.9982E-05 0.140573 0.0735474 0.672161 0.036197 9.9982E-05 0.0773216
0.124954 0.149414 9.9991E-05 0.533353 0.0685997 0.0137098 0.109869
9.9982E-05 0.03557 0.0535305 0.208421 0.649827 9.9982E-05 0.0524511
0.0966767 0.0272688 0.128541 0.600002 0.0432708 9.9991E-05 0.104141
9.9973E-05 9.9973E-05 0.0263175 0.197378 0.643899 9.9973E-05 0.132106
9.9964E-05 9.9964E-05 9.9964E-05 0.682031 0.251922 9.9964E-05 0.0656468
0.0801177 0.122919 0.173682 0.402228 0.155584 9.9991E-05 0.0653691
0.154191 9.9991E-05 0.0702548 0.531887 0.179523 0.00334248 0.0607018
0.078857 0.296361 9.9982E-05 0.466176 0.0719379 0.0864681 9.9982E-05
0.0456455 0.0397548 0.126523 0.481609 0.198722 9.9991E-05 0.107645
0.00446986 0.100312 0.0763072 0.637777 0.124111 9.9991E-05 0.0569235
9.9982E-05 0.0397682 0.166283 0.563161 0.140273 9.9982E-05 0.0903149
0.283061 0.110863 0.223383 0.033259 0.330774 0.0185595 9.9991E-05
9.9973E-05 0.0284967 0.152793 9.9973E-05 0.777852 9.9973E-05 0.0405583
9.9973E-05 9.9973E-05 0.0771684 0.216772 0.638442 9.9973E-05 0.0673182
0.0209723 9.9982E-05 0.130096 0.722614 0.0845274 9.9982E-05 0.0415909
0.0346284 0.072026 0.0197781 0.511848 0.245424 0.0273655 0.0889303
9.9973E-05 0.0406743 9.9973E-05 0.541976 0.259167 9.9973E-05 0.157883
9.9991E-05 0.0366081 0.0540895 0.58799 0.0827275 0.162038 0.0764469
0.0809489 0.0628721 9.9991E-05 0.397732 0.0316175 0.197872 0.228857
