0.0618966 0.0223943 9.9973E-05 0.00873818 9.9973E-05 9.9973E-05 0.906671
9.9964E-05 9.9964E-05 9.9964E-05 0.0181223 0.0664859 9.9964E-05 0.914992
0.0137551 0.0188136 9.9982E-05 0.032666 9.9982E-05 0.115097 0.819468
0.117475 0.0760611 9.9973E-05 9.9973E-05 9.9973E-05 0.0326481 0.773515
9.9973E-05 0.0558185 9.9973E-05 9.9973E-05 0.0704313 0.0218643 0.851586
0.0231888 0.0407327 0.0895819 0.0395594 0.0719208 0.0934172 0.641599
0.0491165 9.9973E-05 0.0895263 0.0538309 9.9973E-05 9.9973E-05 0.807226
0.146673 0.0112372 0.0487993 9.9982E-05 0.0557758 9.9982E-05 0.737314
0.0832208 9.99729E-05 0.10673 0.0202489 9.99729E-05 9.99729E-05 0.789501
0.0218769 0.061128 0.0987779 9.9991E-05 0.0739682 0.0826108 0.661538
0.0701464 9.9982E-05 0.12178 0.0378876 9.9982E-05 0.0698838 0.700102
0.506607 0.054015 0.0453926 0.147966 9.9982E-05 0.24582 9.9982E-05
0.261328 0.0225024 0.0372194 0.017399 0.0356909 0.578875 0.0469863
0.438285 0.0582355 0.100038 0.0553395 0.0308715 0.287293 0.0299381
0.398567 0.110799 0.0614824 9.9991E-05 0.0526151 0.341905 0.0345314
0.243191 0.0625405 0.0437599 0.0532746 0.0363716 0.410091 0.150771
0.157883 0.0740446 0.0598931 0.09414 0.0153859 0.538658 0.0599953
0.239453 0.0906683 0.0498386 0.109893 0.0275277 0.464325 0.0182945
0.301003 0.0982262 0.103851 0.139097 9.9991E-05 0.291917 0.0658056
0.601653 0.0264368 0.140486 0.127623 0.0174913 0.0452029 0.0411079
0.294444 0.0229102 0.108313 0.0899872 0.0257112 0.443089 0.0155462
0.162987 9.9982E-05 0.2302 0.0406306 0.00297922 0.563003 9.9982E-05
0.256832 0.00589912 0.0453625 0.0790537 0.00975991 0.549579 0.0535135
0.324916 0.101059 0.17179 0.0731764 9.9982E-05 0.328859 9.9982E-05
0.115643 0.0833785 0.032961 0.0703666 0.00388745 0.615052 0.0787113
0.226491 0.100298 0.0286673 0.0839471 9.9991E-05 0.546181 0.0143158
0.437526 0.0896871 0.0809665 0.192434 9.9991E-05 0.181328 0.0179585
0.395134 0.221169 0.0604573 0.119904 9.9982E-05 0.203135 9.9982E-05
0.41845 9.9991E-05 0.151422 0.138844 0.0207262 0.227046 0.0434123
9.9964E-05 0.0272965 9.9964E-05 9.9964E-05 9.9964E-05 0.123216 0.849087
9.9955E-05 9.9955E-05 9.9955E-05 9.9955E-05 9.9955E-05 0.181803 0.817697
0.0261305 0.0476278 9.9982E-05 0.0372792 9.9982E-05 0.120503 0.76826
9.9973E-05 0.0478531 9.9973E-05 0.104465 9.9973E-05 0.128177 0.719205
0.118577 9.9982E-05 9.9982E-05 0.234766 0.0481468 0.545404 0.0529062
0.0204001 0.0691139 9.9982E-05 0.380162 9.9982E-05 0.447558 0.0825659
9.9973E-05 9.9973E-05 9.9973E-05 0.351743 0.0355271 0.558536 0.0538941
0.55188 0.0313219 9.9991E-05 0.205451 0.00836434 0.1024 0.100483
9.9982E-05 0.0374008 0.0460902 0.581987 0.0833817 0.25094 9.9982E-05
0.168813 0.0232817 9.9991E-05 0.142828 0.028676 0.581389 0.054912
9.999E-05 0.0339851 0.00307256 0.199662 0.0305651 0.66442 0.0681949
9.9973E-05 9.9973E-05 0.0432506 0.225729 9.9973E-05 0.590007 0.140714
0.101145 0.0444989 9.9982E-05 0.0959716 9.9982E-05 0.622987 0.135198
0.109092 9.9982E-05 0.0941641 0.676945 9.9982E-05 0.0885895 0.0310098
0.0203859 0.0334067 0.215375 0.0777152 9.9991E-05 0.631402 0.021616
0.0735039 0.0968617 0.0368512 0.228943 9.9991E-05 0.502774 0.0609666
9.9991E-05 0.0092 0.0780372 0.0989748 0.0287433 0.639548 0.145397
9.9964E-05 9.9964E-05 9.9964E-05 0.588849 0.108674 0.302077 9.9964E-05
0.0245519 0.138853 9.9991E-05 0.311318 0.0537402 0.465749 0.0056878
9.9982E-05 0.0863583 9.9982E-05 0.224915 0.0369298 0.566873 0.084724
9.9973E-05 9.9973E-05 0.199437 0.699792 0.0347362 9.9973E-05 0.0657341
0.410141 9.9982E-05 0.0765359 0.2602 0.0469752 0.205949 9.9982E-05
0.199556 9.9991E-05 0.358832 0.267718 0.0794577 0.0808992 0.0134368
0.103294 0.0901909 0.115808 9.9991E-05 0.106062 0.520625 0.0639195
9.9982E-05 0.0135636 0.157772 9.9982E-05 0.0421964 0.701776 0.0844919
0.0116569 0.0481594 0.0783802 0.0763005 0.0808984 0.598928 0.105676
0.308952 9.9991E-05 0.0846422 0.215749 0.0646948 0.225573 0.10029
0.224001 0.00996314 0.0449473 0.09115 0.07156 0.527826 0.0305521
0.131579 0.0376818 0.177149 0.0509901 9.9991E-05 0.576913 0.025587
0.184762 0.0331653 0.0822502 0.235202 0.0282043 0.337092 0.0993243
0.350635 0.0362916 0.232367 0.0949118 9.9991E-05 0.12703 0.158664
0.178063 9.9982E-05 9.9982E-05 0.0798153 0.11122 0.611563 0.019138
0.304261 0.0302664 0.0801865 0.119984 0.0458349 0.404278 0.0151889
0.513239 9.9991E-05 0.157447 0.244632 0.0153606 0.0228878 0.0463338
0.324195 9.9982E-05 0.0168097 0.0724818 0.0448167 0.541497 9.9982E-05
0.0795907 0.113468 0.0508444 0.0291142 0.15312 0.556609 0.0172537
0.190293 9.9982E-05 0.0613746 9.9982E-05 0.0713724 0.591798 0.0849615
0.274635 0.00759539 0.212144 0.101102 0.06084 0.308156 0.0355262
0.135975 0.012004 0.135424 0.0879982 0.0928206 0.535677 9.9991E-05
0.103538 0.00251674 0.0149556 0.178511 0.0702223 0.533201 0.0970559
0.430242 0.0356133 0.123959 0.16292 0.041773 0.205392 9.9991E-05
0.0169253 0.00832252 9.9973E-05 0.479753 9.9973E-05 0.494699 9.9973E-05
0.067511 0.00413747 9.9982E-05 0.720346 9.9982E-05 0.177242 0.030564
0.0302761 0.118694 0.0786693 0.241833 9.9991E-05 0.467889 0.062538
9.9973E-05 9.9973E-05 0.0794694 0.856837 0.0625143 9.9973E-05 0.00087887
0.0401281 9.9973E-05 0.0847172 0.787258 0.0875973 9.9973E-05 9.9973E-05
0.0217992 0.0141958 9.9982E-05 0.678098 0.0243927 0.261314 9.9982E-05
0.121253 9.9973E-05 0.0154566 0.422309 9.9973E-05 0.440682 9.9973E-05
0.159531 9.9991E-05 0.0909483 0.0626444 0.0160103 0.58147 0.0892958
0.109107 0.0690651 9.9973E-05 0.435502 9.9973E-05 0.386025 9.9973E-05
0.193383 0.0495357 9.9982E-05 0.609133 9.9982E-05 0.107468 0.0402807
0.22406 9.9982E-05 9.9982E-05 0.497724 0.0188017 0.212402 0.0468124
0.0661891 0.0506285 9.9991E-05 0.138577 0.0660146 0.542932 0.135559
0.0179942 0.0398113 9.9991E-05 0.586572 0.0534205 0.246129 0.0559727
0.101937 9.9973E-05 9.9973E-05 0.398814 9.9973E-05 0.451169 0.0477804
9.9973E-05 9.9973E-05 0.0316631 0.544719 0.0376699 0.385648 9.9973E-05
9.9964E-05 9.9964E-05 0.165504 0.752317 0.0817791 9.9964E-05 9.9964E-05
0.0209741 0.0257609 0.107144 0.245678 9.9982E-05 0.600244 9.9982E-05
0.0146762 0.0169876 9.9982E-05 0.0143401 9.9982E-05 0.124852 0.828944
9.9955E-05 9.9955E-05 9.9955E-05 9.9955E-05 9.9955E-05 0.0879532 0.911547
9.9964E-05 0.0158159 9.9964E-05 9.9964E-05 9.9964E-05 0.120483 0.863301
9.9973E-05 0.0352073 0.0568444 9.9973E-05 9.9973E-05 0.0401635 0.867485
9.9982E-05 0.0151246 0.0109252 0.0412054 9.9982E-05 0.0518848 0.88066
9.9973E-05 0.0578743 9.9973E-05 9.9973E-05 0.00901571 0.0655621 0.867248
9.9964E-05 0.0110608 9.9964E-05 9.9964E-05 9.9964E-05 0.0617426 0.926797
0.0461962 0.072799 0.0970142 0.202726 9.9991E-05 0.484429 0.0967354
0.0693477 9.9973E-05 9.9973E-05 0.314716 9.9973E-05 0.533014 0.0826221
0.140949 9.9982E-05 9.9982E-05 0.836268 0.00691541 0.00467563 0.0109916
0.0827875 0.0420951 9.9991E-05 0.163463 0.0210469 0.506352 0.184155
0.0717983 9.9973E-05 9.9973E-05 0.506519 9.9973E-05 0.381058 0.040325
9.9982E-05 0.00300956 9.9982E-05 0.330534 0.00528118 0.570968 0.090007
0.0251284 0.0137006 9.9991E-05 0.262957 0.064239 0.569424 0.0644511
0.0133501 0.141262 9.9973E-05 0.417551 9.9973E-05 0.427536 9.9973E-05
0.154721 9.9964E-05 9.9964E-05 0.77779 9.9964E-05 9.9964E-05 0.0670894
0.102846 9.9991E-05 0.0087783 0.118426 0.0915618 0.468006 0.210282
0.0624007 9.9982E-05 0.0436126 0.190223 9.9982E-05 0.59036 0.113204
0.126291 0.0408309 9.9982E-05 0.156572 9.9982E-05 0.562958 0.113147
9.9991E-05 0.00829932 0.00631866 0.508735 0.13663 0.294599 0.0453178
9.9982E-05 9.9982E-05 0.00697054 0.389669 0.0997794 0.450115 0.0532663
0.0328383 0.00473708 0.00665819 0.482456 9.9991E-05 0.398216 0.074995
9.9964E-05 0.087573 9.9964E-05 0.620017 9.9964E-05 0.29201 9.9964E-05
0.105133 0.0458495 9.9982E-05 0.437155 9.9982E-05 0.37624 0.0354224
0.123262 0.0353988 0.0181164 0.127071 0.10356 0.539958 0.0526339
0.325028 0.0104369 0.240967 0.0124932 0.177214 0.232316 0.00154434
0.376163 0.0864897 0.0544191 9.9982E-05 9.9982E-05 0.374185 0.108543
0.162771 0.1167 9.9991E-05 0.11615 0.126687 0.434303 0.0432898
0.196246 0.082413 0.0468811 0.167407 0.0339301 0.415829 0.0572933
0.298549 0.0162316 9.9982E-05 9.9982E-05 0.105088 0.548633 0.0312984
0.261145 0.00739746 0.0560039 9.9982E-05 0.0892033 0.586051 9.9982E-05
0.384752 0.0455213 9.9991E-05 0.0538582 0.0714806 0.438852 0.00543657
0.157989 0.00839287 0.0560759 0.0140002 0.105384 0.492147 0.166011
0.115515 0.0186699 0.131983 9.9982E-05 9.9982E-05 0.664537 0.0690949
0.147636 0.00864476 0.0034437 0.135827 0.0437689 0.574539 0.0861412
0.401964 0.0062562 0.0345015 0.0463929 0.077402 0.433384 9.9991E-05
0.127032 0.018963 0.0127529 0.166782 0.0292241 0.549286 0.0959602
0.104563 0.0331066 0.159504 9.9991E-05 0.119975 0.525713 0.0570386
0.240359 0.10119 9.9982E-05 0.0292016 0.12898 0.500069 9.9982E-05
0.100058 0.0854941 0.064474 9.9991E-05 0.0800263 0.608021 0.0618258
0.190001 0.0992119 0.0728179 9.9982E-05 0.117488 0.520281 9.9982E-05
0.272488 9.9991E-05 0.173166 0.0301839 0.0368198 0.395311 0.0919316
0.228248 0.120584 0.0354536 0.0379758 0.0367949 0.540844 9.9991E-05
0.0328815 9.9982E-05 0.0628202 9.9982E-05 0.150278 0.72028 0.0335406
0.416123 0.134404 9.9982E-05 0.164994 0.114381 0.169899 9.9982E-05
0.233153 9.9991E-05 0.211651 0.104109 0.21537 0.183944 0.0516738
0.203531 0.104328 0.0668311 0.0916193 9.9991E-05 0.517107 0.0164838
0.352558 0.0301068 0.144798 0.10103 0.328869 0.042538 9.9991E-05
0.424178 0.00256362 0.0475502 0.0502159 0.149704 0.260757 0.0650306
0.364984 9.9973E-05 9.9973E-05 0.119333 0.079416 0.435966 9.9973E-05
0.349425 9.9982E-05 9.9982E-05 0.238967 0.0396366 0.338413 0.0333584
0.429328 0.0152875 0.018345 0.108927 0.111149 0.309774 0.00719014
0.0922594 9.9991E-05 0.0758417 0.0765046 0.0312048 0.65976 0.0643299
0.0962664 0.201379 9.9991E-05 0.132858 0.0923028 0.417929 0.0591651
0.148043 9.9991E-05 0.0129458 0.0486697 0.122544 0.547661 0.120037
0.355442 9.9982E-05 0.256926 0.0405457 0.157237 0.189649 9.9982E-05
0.0369418 9.9991E-05 0.0722999 0.169211 0.075795 0.436661 0.208991
0.11369 0.0537456 0.130704 0.151835 0.0875786 0.462347 9.9991E-05
0.152228 9.9991E-05 0.466827 0.175521 0.122468 0.00395468 0.0789018
0.0134012 0.0297792 0.0863311 0.104186 0.0851467 0.590152 0.0910041
0.0689935 9.9991E-05 0.241951 0.155895 0.0739981 0.40476 0.0543029
0.138197 0.0128169 0.221616 9.9991E-05 0.100011 0.502551 0.0247085
0.130613 9.9982E-05 0.439155 0.198293 9.9982E-05 0.200002 0.0317374
0.148008 9.9991E-05 0.424587 0.140379 0.0666234 0.208881 0.0114209
0.135315 9.9982E-05 0.177292 0.143043 0.109778 0.434372 9.9982E-05
0.142853 0.00323158 0.140636 0.00707822 0.131221 0.507929 0.0670507
0.163195 0.102686 0.140839 0.110549 9.9991E-05 0.412496 0.070136
0.119028 0.171626 0.418404 0.262923 0.0278189 9.9982E-05 9.9982E-05
0.0722019 0.0389012 0.0790001 0.0161995 0.124359 0.581472 0.0878662
0.111062 9.9982E-05 0.306777 0.199818 0.0304031 0.35174 9.9982E-05
0.12626 9.9982E-05 0.195333 0.103303 0.0921289 0.482775 9.9982E-05
0.0689028 0.05093 0.0102515 0.217985 0.0151273 0.50066 0.136143
0.0162252 0.19022 0.271451 0.0266193 9.9991E-05 0.218064 0.277319
9.9964E-05 0.110355 0.418729 9.9964E-05 9.9964E-05 9.9964E-05 0.470516
9.9964E-05 0.130391 0.543507 9.9964E-05 9.9964E-05 9.9964E-05 0.325702
9.9973E-05 0.273914 0.234753 9.9973E-05 9.9973E-05 0.118686 0.372347
9.9973E-05 9.9973E-05 0.161666 0.129222 0.10794 0.600872 9.9973E-05
0.0688998 9.9982E-05 0.150265 9.9982E-05 0.119158 0.582627 0.0788503
0.0191926 0.662642 9.9964E-05 9.9964E-05 9.9964E-05 0.317766 9.9964E-05
0.124831 0.499499 9.9982E-05 0.00513221 9.9982E-05 0.354796 0.015542
0.0886552 0.416949 9.9982E-05 0.105307 9.9982E-05 0.298932 0.0899559
9.9973E-05 9.9973E-05 0.370204 0.0538216 0.22913 0.346545 9.9973E-05
0.0468842 0.000173457 0.0612824 0.201779 0.156815 0.485127 0.0479378
0.0371755 9.9982E-05 0.452437 0.113508 0.193281 0.203398 9.9982E-05
9.9973E-05 9.9973E-05 0.217666 0.0933983 0.11309 0.575545 9.9973E-05
0.09036 9.9982E-05 0.1861 0.0868553 0.200757 0.435727 9.9982E-05
0.0651703 9.9982E-05 0.210957 0.0345265 0.109657 0.579489 9.9982E-05
0.0511254 9.9982E-05 0.457509 0.110469 0.136154 0.244542 9.9982E-05
0.086034 0.128432 0.0558627 0.0876426 0.0949738 0.532226 0.0148285
0.00370949 9.9991E-05 0.218041 0.123783 0.0196586 0.605696 0.0290114
9.9955E-05 0.971728 9.9955E-05 0.0277725 9.9955E-05 9.9955E-05 9.9955E-05
9.9955E-05 0.881883 9.9955E-05 9.9955E-05 9.9955E-05 0.117618 9.9955E-05
9.9982E-05 0.604996 9.9982E-05 0.130734 0.0473222 0.165228 0.05152
9.9955E-05 0.67619 9.9955E-05 9.9955E-05 9.9955E-05 0.32331 9.9955E-05
9.9991E-05 0.817276 0.00789291 0.00862157 0.0214308 0.124637 0.0200408
0.0022078 0.997292 9.9955E-05 9.9955E-05 9.9955E-05 9.9955E-05 9.9955E-05
0.0465121 0.918959 0.0341286 9.9964E-05 9.9964E-05 9.9964E-05 9.9964E-05
9.9964E-05 0.864544 9.9964E-05 0.011224 9.9964E-05 0.123832 9.9964E-05
0.0500212 0.949479 9.9955E-05 9.9955E-05 9.9955E-05 9.9955E-05 9.9955E-05
9.995E-05 0.9994 9.995E-05 9.995E-05 9.995E-05 9.995E-05 9.995E-05
9.9964E-05 0.992971 0.00430887 9.9964E-05 9.9964E-05 9.9964E-05 0.00232054
9.9982E-05 0.766021 0.00634337 9.9982E-05 0.0159546 0.144312 0.067169
0.0530299 0.764886 9.9973E-05 9.9973E-05 9.9973E-05 0.13225 0.0495339
9.9955E-05 0.964737 9.9955E-05 0.0347629 9.9955E-05 9.9955E-05 9.9955E-05
0.0873273 0.456966 0.0351866 0.00146062 0.0932906 0.325668 9.9991E-05
0.0742634 0.679781 0.000607469 0.0886143 0.0103409 0.11458 0.0318135
0.0474242 0.732575 9.9982E-05 0.0467173 9.9982E-05 0.145773 0.0273102
0.0534131 0.848988 9.9964E-05 9.9964E-05 9.9964E-05 0.0971986 9.9964E-05
9.9955E-05 0.980944 9.9955E-05 9.9955E-05 9.9955E-05 0.0185559 9.9955E-05
0.0345283 0.879823 9.9973E-05 9.9973E-05 9.9973E-05 0.0437311 0.0416176
9.995E-05 0.9994 9.995E-05 9.995E-05 9.995E-05 9.995E-05 9.995E-05
0.0440819 0.494032 9.9991E-05 0.0309065 0.0378848 0.317821 0.0751737
0.0544362 0.880888 9.9982E-05 9.9982E-05 0.00498079 0.0434893 0.0160056
9.9982E-05 0.0250849 0.587741 0.0462035 0.0664267 9.9982E-05 0.274344
0.193674 0.0646824 0.226931 9.9991E-05 0.0470379 0.373789 0.0937852
0.0759581 0.0540716 0.211856 0.0267996 0.0484782 0.40822 0.174616
9.9973E-05 9.9973E-05 0.595379 9.9973E-05 0.0203209 0.261094 0.122906
9.9982E-05 0.0980535 0.209072 0.0635755 9.9982E-05 0.4682 0.160899
9.9991E-05 0.117441 0.403034 0.0162876 0.0475376 0.184302 0.231297
0.00209554 0.053106 0.0397165 0.157665 0.0663097 0.442178 0.23893
9.9991E-05 0.168422 0.433914 0.0430204 0.000802341 0.267873 0.0858672
9.9991E-05 0.119332 0.26402 0.0303857 0.0260546 0.419256 0.140852
9.9982E-05 0.220523 0.366057 9.9982E-05 0.0147154 0.321066 0.0774391
9.9991E-05 0.0699235 0.171247 0.0756746 0.0107668 0.447954 0.224334
0.0548324 0.00305951 0.0548558 0.0024619 0.00549286 0.0616653 0.817632
9.9982E-05 0.0462662 0.0330715 9.9982E-05 0.00223661 0.00562088 0.912605
0.0128362 9.9982E-05 0.0282822 0.016854 9.9982E-05 0.00619136 0.935636
0.0252018 9.9973E-05 0.00121506 9.9973E-05 9.9973E-05 0.0285122 0.944771
0.0376908 9.9973E-05 0.0862973 9.9973E-05 9.9973E-05 0.019315 0.856397
9.9973E-05 0.0773862 0.0255744 9.9973E-05 0.0117184 9.9973E-05 0.885021
0.00448533 0.110862 9.9973E-05 0.000600864 9.9973E-05 9.9973E-05 0.883751
9.9973E-05 9.9973E-05 0.0742711 0.0202246 0.028272 9.9973E-05 0.876932
9.9973E-05 0.0469559 9.9973E-05 0.0514476 9.9973E-05 0.00614224 0.895154
9.9973E-05 0.0304372 0.0365333 9.9973E-05 9.9973E-05 0.062735 0.869995
0.17984 0.00577436 9.9982E-05 0.141039 0.0238561 9.9982E-05 0.649291
0.290368 9.9973E-05 9.9973E-05 0.0844756 0.0235614 9.9973E-05 0.601295
0.259542 9.9982E-05 0.0467744 0.088487 0.043019 9.9982E-05 0.561978
0.335095 9.9973E-05 0.012155 0.149135 9.9973E-05 9.9973E-05 0.503315
0.117666 0.00423706 9.9991E-05 0.275207 0.0674378 0.434712 0.10064
0.115732 9.9982E-05 9.9982E-05 0.305438 0.00781082 0.494875 0.0759446
0.144221 0.0793989 0.00314782 0.289771 0.00212139 0.48124 9.9991E-05
0.362896 9.9982E-05 0.0789812 0.135496 9.9982E-05 0.394105 0.0283214
0.585455 0.00368323 9.9982E-05 0.140491 0.104709 0.165462 9.9982E-05
0.0481897 0.0310739 0.0117651 0.0573359 0.124468 0.637589 0.089579
0.0937139 0.00421394 9.9982E-05 0.24015 0.059147 0.602575 9.9982E-05
0.110958 9.9982E-05 0.0633741 0.305819 0.0403389 0.47931 9.9982E-05
9.9982E-05 0.102731 0.0242396 0.607156 0.0157899 0.249884 9.9982E-05
0.101735 0.00787928 0.0864292 0.20344 9.9991E-05 0.555593 0.0448227
0.136988 9.9982E-05 0.0150178 0.354383 0.0406299 0.452781 9.9982E-05
0.041721 9.9982E-05 0.00858144 0.74672 0.194432 9.9982E-05 0.00834501
0.118848 9.9991E-05 0.0280932 0.137643 0.0918715 0.553847 0.0695975
9.9982E-05 0.0302814 0.163421 0.496605 0.103421 0.206073 9.9982E-05
0.00673082 9.9982E-05 0.103923 0.280631 0.0747289 0.533786 9.9982E-05
0.172469 9.9973E-05 9.9973E-05 0.739183 9.9973E-05 0.0472427 0.0408057
0.761377 9.9982E-05 0.111573 0.012783 9.9982E-05 0.020677 0.0933896
0.745014 0.000189401 0.100799 9.9982E-05 9.9982E-05 0.0447655 0.109032
0.869186 9.9982E-05 0.0288745 9.9982E-05 0.0703298 0.00382192 0.0275879
0.820057 9.9973E-05 9.9973E-05 0.0100117 0.0487982 9.9973E-05 0.120833
0.771529 9.9973E-05 0.099433 9.9973E-05 9.9973E-05 0.102124 0.0266147
0.789393 0.0403155 0.0496013 9.9991E-05 0.00524252 0.0521266 0.0632216
9.9964E-05 0.0366458 9.9964E-05 9.9964E-05 9.9964E-05 0.0993924 0.863562
0.101955 0.0169733 9.9973E-05 9.9973E-05 9.9973E-05 0.0629125 0.817859
9.9964E-05 0.0491434 9.9964E-05 9.9964E-05 9.9964E-05 0.174385 0.776072
0.0690803 0.0771816 9.9973E-05 9.9973E-05 9.9973E-05 0.105267 0.748171
0.0175468 0.0849569 0.0281148 9.9982E-05 9.9982E-05 0.085369 0.783813
0.553015 9.9964E-05 0.052543 9.9964E-05 9.9964E-05 9.9964E-05 0.394042
0.385498 9.9973E-05 9.9973E-05 0.0731413 0.0430778 9.9973E-05 0.497983
0.4337 9.9973E-05 9.9973E-05 0.02892 0.073885 9.9973E-05 0.463195
0.0283343 0.0217029 9.9973E-05 9.9973E-05 9.9973E-05 0.132717 0.816946
0.490475 9.9973E-05 0.00291792 0.118814 9.9973E-05 9.9973E-05 0.387493
9.9973E-05 0.339635 0.232652 9.9973E-05 9.9973E-05 0.266399 0.161014
0.0672644 0.215581 0.0913739 9.9982E-05 9.9982E-05 0.562537 0.063044
9.9973E-05 0.211236 0.00209242 9.9973E-05 9.9973E-05 0.575228 0.211143
9.9982E-05 0.230469 0.182782 0.00203328 9.9982E-05 0.386595 0.197921
0.0876909 0.177259 0.0503677 0.0520489 9.9991E-05 0.505306 0.127227
9.9973E-05 0.296746 0.301792 9.9973E-05 0.000331647 9.9973E-05 0.400831
0.291428 9.9991E-05 0.0137574 0.118063 0.0705638 0.475328 0.0307588
0.232351 9.9982E-05 0.1125 0.0501086 0.248076 0.356764 9.9982E-05
0.560773 9.9982E-05 9.9982E-05 0.0255162 0.0283865 0.285981 0.0991431
0.155033 9.9991E-05 0.0309931 0.102571 0.210131 0.4876 0.0135721
0.223799 9.9973E-05 0.300598 0.155856 0.319447 9.9973E-05 9.9973E-05
0.237847 9.9982E-05 9.9982E-05 0.0612976 0.0621424 0.523169 0.115344
0.206037 9.9982E-05 0.109252 0.10001 0.108585 0.475916 9.9982E-05
0.451522 9.9982E-05 0.0478323 0.116286 9.9982E-05 0.337515 0.0466455
0.181347 0.0398203 9.9991E-05 0.13509 0.00253403 0.535873 0.105235
0.336907 9.9982E-05 0.240754 0.204774 0.135108 0.0822573 9.9982E-05
0.187893 0.0549858 0.150477 0.0688602 0.12077 0.416915 9.9991E-05
0.273331 0.046784 0.0906856 0.100298 9.9991E-05 0.485778 0.00302401
0.030147 0.195609 0.0559562 0.202931 9.9991E-05 0.396857 0.118401
0.323971 9.9982E-05 0.0461799 0.0632328 0.240416 0.326 9.9982E-05
0.251457 0.00304884 9.9991E-05 0.0637199 0.173663 0.447963 0.0600489
0.124192 0.131507 0.0774256 0.148862 0.104133 0.413781 9.9991E-05
0.119751 9.9982E-05 0.115554 0.146091 0.0856531 0.532751 9.9982E-05
0.162506 0.0558748 9.9991E-05 0.0202219 0.088096 0.639888 0.0333127
0.0685874 0.0937664 9.9991E-05 0.194988 0.0816322 0.46235 0.098576
0.170924 0.0393116 0.142971 0.0768998 9.9982E-05 0.569694 9.9982E-05
9.9964E-05 0.0766871 9.9964E-05 9.9964E-05 9.9964E-05 0.143096 0.779817
9.9973E-05 0.0300274 9.9973E-05 9.9973E-05 0.0889352 0.0614834 0.819254
0.0749816 9.9991E-05 0.0976519 0.0228391 0.0180323 0.0460201 0.740375
9.9973E-05 0.0450135 9.9973E-05 0.0898637 0.0690696 9.9973E-05 0.795753
9.9955E-05 9.9955E-05 9.9955E-05 9.9955E-05 9.9955E-05 0.153008 0.846493
0.544344 0.0959169 0.0834959 0.0963693 9.9982E-05 0.179674 9.9982E-05
0.156071 0.0459303 0.0893663 0.0424554 0.117727 0.474896 0.0735539
9.9982E-05 0.117383 0.187334 9.9982E-05 0.101283 0.38831 0.205491
0.191361 0.0978751 0.000195796 9.9991E-05 0.0611491 0.629018 0.0203007
0.278208 9.9982E-05 9.9982E-05 0.129994 0.0073778 0.519927 0.0642936
0.29158 0.0712685 0.22228 9.9982E-05 0.198882 0.215789 9.9982E-05
0.553197 9.9982E-05 0.112617 0.18135 9.9982E-05 0.0226685 0.129967
0.312762 9.9991E-05 0.0464357 0.0911109 0.0189226 0.48631 0.044359
0.498823 0.0698112 0.0150224 0.0519938 0.200672 0.125166 0.0385119
0.105918 9.9982E-05 0.106604 0.0616877 0.194261 0.531329 9.9982E-05
0.554631 0.0772704 0.0008252 0.0463401 0.17431 0.0319055 0.114717
0.110314 0.0423165 0.0767245 0.0193596 0.0717308 0.601861 0.0776934
0.516352 0.0190259 0.120806 0.0504723 0.0560813 0.201642 0.0356206
0.324874 0.0753527 0.126841 0.0454578 0.0943923 0.318984 0.0140979
0.0458444 9.9982E-05 0.257614 0.0850889 0.0528535 0.558399 9.9982E-05
0.13214 9.9982E-05 0.356252 0.0771595 0.145391 0.288858 9.9982E-05
0.104024 9.9982E-05 0.223111 0.123055 9.9982E-05 0.52921 0.0203994
9.9991E-05 0.0253129 0.147155 0.024889 0.149345 0.499377 0.153821
0.107253 9.9982E-05 0.378819 0.115587 0.0764944 0.321647 9.9982E-05
0.0372374 9.9991E-05 0.089806 0.156192 0.110321 0.503529 0.102815
9.9982E-05 9.9982E-05 0.167978 0.0865299 0.154381 0.542011 0.0488997
0.0948535 9.9982E-05 0.402954 0.169692 0.224885 0.107416 9.9982E-05
9.9973E-05 9.9973E-05 0.482228 0.154571 0.0897885 0.273112 9.9973E-05
0.0918925 9.9982E-05 0.207727 0.0273807 0.14142 0.53138 9.9982E-05
0.1566 9.9982E-05 0.427494 0.239717 0.0370716 0.138916 9.9982E-05
0.123035 9.9973E-05 0.284179 0.16575 9.9973E-05 0.426735 9.9973E-05
0.590717 0.0351702 0.0513793 0.204857 0.00704549 0.0926106 0.0182202
0.336471 0.0196252 0.00878985 0.120829 0.281827 0.232358 9.9991E-05
0.436631 0.0163419 9.9991E-05 0.0918356 0.0121112 0.359172 0.0838082
0.149517 0.0624449 0.101456 0.0316041 9.9991E-05 0.648753 0.00612512
0.490446 0.00169714 0.0270237 0.245338 9.9982E-05 0.235296 9.9982E-05
0.16218 0.0561168 0.194 0.00898698 0.0429861 0.460712 0.0750183
0.247671 0.0668178 9.9991E-05 0.103399 0.01792 0.536489 0.027603
0.364157 0.0780484 0.0878628 0.0146918 0.00606026 0.44908 9.9991E-05
0.300594 0.122503 0.0423078 0.112751 9.9982E-05 0.421645 9.9982E-05
0.288037 0.0569392 9.9991E-05 0.202758 0.0485936 0.379335 0.0242366
0.495202 0.186579 9.9973E-05 0.210812 9.9973E-05 0.107108 9.9973E-05
0.4406 0.124019 9.9982E-05 0.0546687 0.120829 0.259683 9.9982E-05
0.159042 0.0493991 9.9982E-05 0.0139502 0.166417 0.610992 9.9982E-05
0.226713 0.0203796 0.0914555 0.0433277 9.9982E-05 0.617924 9.9982E-05
0.232177 0.00844097 0.138683 0.0835835 0.120003 0.417013 9.99957E-05
0.261485 0.128173 9.9982E-05 0.00527465 0.184773 0.420095 9.9982E-05
0.393827 9.9982E-05 0.138882 9.9982E-05 0.0552407 0.411169 0.000681016
0.198031 0.0498855 0.0150145 0.125211 9.9982E-05 0.611658 9.9982E-05
0.30172 0.0374009 9.9991E-05 0.0190638 0.0462819 0.552198 0.0432358
0.205794 0.116576 0.0859251 9.9991E-05 0.0618828 0.429201 0.100521
0.0654072 0.101763 0.0450358 0.0262421 9.9991E-05 0.424202 0.337249
9.9991E-05 0.30447 0.071791 0.14884 0.00939964 0.339599 0.1258
0.0388989 0.150727 9.9982E-05 0.179586 9.9982E-05 0.452363 0.178226
0.0405777 0.118514 0.0691035 0.107681 0.0761219 0.562418 0.0255829
9.9991E-05 0.201473 0.0607639 0.100546 0.0237661 0.418708 0.194643
0.250394 0.00732315 0.119575 9.9982E-05 0.162438 0.46007 9.9982E-05
9.9982E-05 0.15734 9.9982E-05 0.143014 0.0640095 0.454798 0.180638
0.00814967 0.122587 0.501206 0.121205 0.0201404 0.0638317 0.16288
0.125084 0.136178 0.0458662 0.0291755 0.037722 0.510168 0.115807
0.00637712 0.197484 0.111455 0.0606685 0.0723569 0.46384 0.0878186
0.0412442 0.202887 0.0765202 0.0356953 0.0714627 0.478614 0.0935758
0.0764598 0.141854 0.298798 0.0495815 9.9991E-05 0.271749 0.161458
0.0766872 0.0963623 0.163564 0.0183434 9.9991E-05 0.544472 0.100471
0.0520129 0.191083 0.0376422 9.9991E-05 0.0392714 0.557954 0.121936
9.9973E-05 0.184904 0.401023 9.9973E-05 0.00546035 9.9973E-05 0.408313
0.0612774 0.218285 0.0173725 0.0301358 0.0221737 0.478908 0.171848
0.128129 0.254878 0.0185604 9.9991E-05 0.0302654 0.483737 0.08433
0.0336972 0.065705 0.126077 0.0575102 0.00594456 0.610893 0.100173
9.9973E-05 0.172072 0.117296 9.9973E-05 9.9973E-05 0.525196 0.185135
0.018002 0.130379 0.0675088 0.0253959 0.058597 0.492696 0.207421
0.0285125 0.00495545 9.9991E-05 0.123185 0.410449 0.41661 0.016188
9.9982E-05 0.0637616 0.0693825 9.9982E-05 0.276338 0.525424 0.0648938
0.130316 9.9964E-05 9.9964E-05 0.0831724 0.786112 9.9964E-05 9.9964E-05
0.0371958 9.9973E-05 9.9973E-05 0.0180599 0.930159 9.9973E-05 0.0142855
0.0330485 0.126593 9.9991E-05 0.113534 0.242364 0.43639 0.0479698
0.0278448 0.301181 0.148656 9.9991E-05 0.0747158 0.380511 0.0669913
9.9982E-05 0.338781 0.0400518 9.9982E-05 0.243905 0.234468 0.142594
9.9982E-05 0.183217 0.230143 9.9982E-05 0.0953992 0.244982 0.246059
9.9982E-05 0.269254 0.0872395 9.9982E-05 0.136788 0.361301 0.145217
9.9973E-05 0.118701 0.177393 9.9973E-05 0.647534 9.9973E-05 0.0560715
9.9982E-05 0.104576 0.00231949 9.9982E-05 0.677434 0.109621 0.105849
9.9973E-05 0.181067 9.9973E-05 9.9973E-05 0.419563 0.393861 0.00520832
9.9973E-05 0.0809262 9.9973E-05 9.9973E-05 0.441476 0.436788 0.0405098
9.9973E-05 0.0865461 9.9973E-05 9.9973E-05 0.684734 0.147915 0.0805045
0.00480945 0.0907635 9.9982E-05 9.9982E-05 0.356194 0.465242 0.0827911
0.0421063 0.16388 9.9973E-05 9.9973E-05 0.369101 0.424613 9.9973E-05
9.9991E-05 0.13543 0.0480126 0.0890458 0.238383 0.329454 0.159574
0.037374 9.9982E-05 9.9982E-05 0.031324 0.574585 0.341121 0.0153956
0.0761798 0.0202898 0.000193772 0.131686 0.499638 0.26558 0.00643206
0.0591356 0.0582659 0.0446141 0.0150314 0.290689 0.468461 0.0638034
0.101548 0.0362478 9.9982E-05 9.9982E-05 0.489082 0.291084 0.0818379
0.0871515 0.0960922 0.0998974 0.142578 0.143735 0.336337 0.0942083
9.9973E-05 9.9973E-05 0.1267 0.00297881 0.496641 0.37338 9.9973E-05
0.0951631 9.9973E-05 0.0125485 9.9973E-05 0.751061 0.140927 9.9973E-05
9.9982E-05 0.0342819 9.9982E-05 0.00800529 0.42116 0.521594 0.0147592
0.0653408 9.9964E-05 9.9964E-05 9.9964E-05 0.728094 0.206166 9.9964E-05
9.9982E-05 0.00231505 9.9982E-05 0.0192766 0.515457 0.395778 0.0669727
0.0649343 9.9982E-05 9.9982E-05 0.075961 0.204504 0.587105 0.0672958
0.103916 0.0199581 0.0535762 0.0704279 0.311558 0.41176 0.028804
9.9991E-05 0.19497 0.122152 0.00133025 0.0753479 0.437756 0.168344
0.0303339 0.161262 0.0807453 9.9991E-05 0.135301 0.447119 0.145139
0.00580747 0.192419 0.153544 0.0639105 0.016361 0.400847 0.167111
0.0878493 0.237662 0.0516274 9.9991E-05 0.139095 0.298279 0.185387
0.133463 0.143252 9.9991E-05 0.0399414 0.0839383 0.435188 0.164117
9.9982E-05 0.183965 9.9982E-05 0.060166 0.195631 0.402465 0.157573
9.9973E-05 0.107507 0.0063815 9.9973E-05 0.670194 9.9973E-05 0.215618
0.0075451 0.170775 0.000741554 9.9991E-05 0.19128 0.55078 0.078778
9.9973E-05 0.116417 0.224584 9.9973E-05 0.346698 9.9973E-05 0.312001
9.9973E-05 0.238244 9.9973E-05 9.9973E-05 0.276967 0.445345 0.0391433
9.9955E-05 9.9955E-05 9.9955E-05 0.142194 0.857306 9.9955E-05 9.9955E-05
0.0363784 9.9964E-05 9.9964E-05 0.0789956 0.884226 9.9964E-05 9.9964E-05
9.9964E-05 9.9964E-05 9.9964E-05 0.0350078 0.554836 0.409757 9.9964E-05
9.9973E-05 0.00546757 9.9973E-05 9.9973E-05 0.370338 0.57483 0.0490644
0.0511081 9.9964E-05 9.9964E-05 9.9964E-05 0.571104 0.377388 9.9964E-05
9.9973E-05 9.9973E-05 9.9973E-05 0.0531387 0.526481 0.38003 0.0400498
9.9955E-05 9.9955E-05 9.9955E-05 9.9955E-05 0.546789 0.452711 9.9955E-05
9.9991E-05 0.0312962 0.0363571 0.0237579 0.0354085 0.0916257 0.781455
0.132387 0.109763 0.0177031 9.9982E-05 0.0132577 9.9982E-05 0.726689
0.0488357 0.0761515 9.9964E-05 9.9964E-05 9.9964E-05 9.9964E-05 0.874613
9.9973E-05 9.9973E-05 0.0041785 9.9973E-05 0.00701146 0.076451 0.912059
0.0781043 9.9991E-05 0.0569343 0.345488 0.0110081 0.463273 0.0450926
0.0983045 0.0897463 9.9982E-05 0.406435 9.9982E-05 0.376266 0.0290483
9.9973E-05 9.9973E-05 9.9973E-05 0.570578 0.00826587 0.382286 0.0385709
0.0123005 0.000266079 0.00922219 0.231299 0.0215513 0.595752 0.129609
0.0819778 9.9982E-05 0.105372 0.250468 9.9982E-05 0.517779 0.0442037
0.115377 9.9982E-05 0.0926138 0.579923 9.9982E-05 0.21127 0.000615765
9.9955E-05 9.9955E-05 9.9955E-05 0.404103 9.9955E-05 0.595397 9.9955E-05
9.9973E-05 9.9973E-05 0.0774199 0.513731 0.111204 0.297345 9.9973E-05
0.0499214 0.148844 9.9982E-05 9.9982E-05 0.0527837 0.491581 0.25667
0.0655243 0.0472184 0.030992 0.384383 0.0787608 0.393022 9.9991E-05
0.121105 0.0144666 9.9973E-05 0.588426 9.9973E-05 0.275703 9.9973E-05
0.00707124 9.9973E-05 9.9973E-05 0.345629 0.089832 0.557168 9.9973E-05
0.0700125 0.00743291 9.9991E-05 0.503064 0.0467268 0.343091 0.0295728
9.9982E-05 9.9982E-05 0.0574732 0.401309 0.000596436 0.51159 0.028832
9.9982E-05 0.0646222 9.9982E-05 0.350952 0.0206391 0.492439 0.0711481
9.9964E-05 9.9964E-05 9.9964E-05 0.932611 0.0305319 0.0364572 9.9964E-05
0.0894607 0.0569341 0.048689 0.579946 0.0296513 0.182339 0.0129791
0.0610456 9.9991E-05 0.0377204 0.55446 0.0417996 0.264299 0.0405753
9.9964E-05 9.9964E-05 0.115702 0.811613 0.0722857 9.9964E-05 9.9964E-05
0.0715084 0.0689177 9.9973E-05 0.540238 9.9973E-05 0.319036 9.9973E-05
9.9973E-05 9.9973E-05 0.206931 0.614324 0.119169 0.059276 9.9973E-05
9.9964E-05 9.9964E-05 0.196958 0.663242 0.1394 9.9964E-05 9.9964E-05
9.9982E-05 0.0693375 9.9982E-05 0.374735 0.0333665 0.48346 0.0389013
0.178871 9.9973E-05 9.9973E-05 0.630349 9.9973E-05 0.15776 0.03272
0.120461 0.0431887 0.0339917 0.378182 9.9982E-05 0.423977 9.9982E-05
9.9991E-05 0.0121012 0.0160759 0.211098 0.0872897 0.546636 0.1267
0.0814803 0.0503669 0.0113806 0.377422 9.9982E-05 0.47915 9.9982E-05
0.263024 0.0152943 0.134989 0.0603034 0.172788 0.353502 9.9991E-05
0.122377 0.0841764 0.0275878 0.255178 0.0540417 0.456539 9.9991E-05
0.0728916 0.0112541 9.9982E-05 0.3822 9.9982E-05 0.45069 0.0827638
9.9964E-05 9.9964E-05 0.0347842 0.633106 9.9964E-05 0.33171 9.9964E-05
9.9991E-05 0.0766311 0.0768322 0.267118 0.0234186 0.457714 0.0981862
0.259527 9.9982E-05 0.0445785 0.0531405 9.9982E-05 0.0163096 0.626244
0.0740328 9.9982E-05 0.0557726 0.0694679 9.9982E-05 0.0720737 0.728453
0.131862 9.9964E-05 0.0769278 9.9964E-05 9.9964E-05 9.9964E-05 0.79081
0.109751 9.9973E-05 0.0911009 9.9973E-05 0.0214713 9.9973E-05 0.777377
0.228856 9.9973E-05 0.0155525 0.0308621 9.9973E-05 9.9973E-05 0.72443
0.104993 0.0597302 9.9982E-05 0.704677 9.9982E-05 0.0732406 0.0571589
0.133678 9.9982E-05 0.0297039 0.699181 9.9982E-05 0.123337 0.0139005
9.9973E-05 9.9973E-05 0.0326349 0.766273 0.0728628 0.127929 9.9973E-05
0.044684 0.0766922 9.9991E-05 0.21242 0.114827 0.485807 0.0654701
0.0265199 9.9991E-05 0.0262577 0.171485 0.0230128 0.565228 0.187396
9.9982E-05 9.9982E-05 0.038511 0.535326 0.0642853 0.331414 0.0302636
9.9982E-05 0.0837117 9.9982E-05 0.331467 0.0862132 0.495353 0.00305512
9.9982E-05 0.149155 0.080371 0.438881 9.9982E-05 0.326407 0.00498612
0.0323967 9.9982E-05 9.9982E-05 0.307478 0.132844 0.517911 0.00917133
0.0690152 0.0818856 0.0301261 0.284027 0.0113862 0.516633 0.00692635
0.159217 0.0370129 9.9982E-05 0.610258 0.0019459 0.191366 9.9982E-05
0.0591723 9.9973E-05 9.9973E-05 0.559082 9.9973E-05 0.344617 0.0368295
0.169088 0.0186803 9.9973E-05 0.566431 9.9973E-05 0.2455 9.9973E-05
0.0914411 9.9982E-05 0.244555 0.0450498 9.9982E-05 0.580444 0.0383094
0.083666 9.9982E-05 9.9982E-05 0.482335 0.00124502 0.412761 0.0197937
0.0218748 0.0127524 9.9991E-05 0.420954 0.041525 0.427506 0.0752878
0.0548936 0.507024 0.0649278 0.00517148 0.0463699 0.321513 9.9991E-05
9.9982E-05 0.499351 9.9982E-05 0.041493 0.0838564 0.281361 0.0937384
9.9973E-05 0.417627 9.9973E-05 9.9973E-05 0.0425632 0.435145 0.104365
9.9991E-05 0.437273 0.0864809 0.00526337 0.0515646 0.26053 0.158788
0.00304718 0.320933 0.0149064 0.0769311 0.0117712 0.444168 0.128243
9.9991E-05 0.0239133 0.140978 0.347723 0.0148211 0.428782 0.0436826
9.9964E-05 0.698311 0.108855 9.9964E-05 9.9964E-05 9.9964E-05 0.192434
9.9973E-05 0.456277 9.9973E-05 9.9973E-05 0.0145373 0.351154 0.177732
0.00244259 0.0969158 0.214013 0.115378 0.0288641 0.46432 0.0780668
0.00988571 9.9982E-05 0.17747 0.0746098 9.9982E-05 0.582242 0.155592
0.0334256 9.9991E-05 0.295 0.0516009 0.0617054 0.447368 0.1108
0.124386 9.9982E-05 0.192552 0.0399483 9.9982E-05 0.570273 0.0726406
0.00374245 0.0105851 0.133501 0.159673 9.9991E-05 0.591344 0.101054
0.0161545 0.392841 9.9973E-05 9.9973E-05 9.9973E-05 0.422796 0.167909
0.0656772 0.373866 9.9991E-05 0.0287287 0.0133244 0.333375 0.184928
9.9973E-05 0.465844 0.0509037 9.9973E-05 9.9973E-05 0.416677 0.0662754
0.0389828 0.338144 9.9991E-05 0.0956074 0.00708139 0.389998 0.130087
9.9973E-05 0.440871 9.9973E-05 0.0436175 9.9973E-05 0.333873 0.181339
0.110662 0.338242 0.00115581 0.0407765 0.0570231 0.316959 0.135182
9.9973E-05 0.568102 9.9973E-05 9.9973E-05 0.119234 0.230609 0.0817549
0.0451693 0.465102 9.9982E-05 9.9982E-05 0.0513639 0.338974 0.0991903
0.0163543 0.0630675 0.346247 0.0277967 9.9991E-05 0.512592 0.0338421
0.101872 0.372225 9.9982E-05 9.9982E-05 0.0166593 0.309014 0.20003
9.9973E-05 0.60895 0.0822657 9.9973E-05 9.9973E-05 0.162452 0.146032
0.0459527 0.343071 9.9991E-05 0.107309 0.0551364 0.325424 0.123007
0.218599 9.9982E-05 0.284805 0.163511 9.9982E-05 0.207551 0.125335
0.0410146 0.0217796 0.34066 9.9973E-05 9.9973E-05 0.596245 9.9973E-05
9.9982E-05 0.274281 9.9982E-05 0.141752 0.0229991 0.402811 0.157957
0.0716497 9.9982E-05 0.169785 0.00868272 9.9982E-05 0.623944 0.125739
0.0627095 9.9982E-05 0.200192 0.135293 9.9982E-05 0.489548 0.112057
0.00975106 0.22493 0.0454971 0.122769 0.0853453 0.298774 0.212933
9.9991E-05 0.275462 0.019341 0.0367096 0.109465 0.331073 0.22785
0.102388 0.0932086 0.10736 0.0511655 0.0298813 0.54573 0.0702664
9.9991E-05 0.35625 0.0577871 0.103267 0.0148926 0.346341 0.121363
0.0099174 0.462497 0.0439331 9.9982E-05 9.9982E-05 0.396519 0.0869334
9.9973E-05 0.599237 0.0769766 9.9973E-05 9.9973E-05 0.113607 0.20988
0.026743 0.0214549 0.122219 9.9991E-05 0.0773369 0.615667 0.136479
0.161936 9.9982E-05 0.210436 0.057185 9.9982E-05 0.488989 0.0812543
0.0371272 9.9982E-05 0.662863 9.9982E-05 0.0397745 0.239499 0.0205369
0.179118 0.0223857 0.158338 9.9982E-05 9.9982E-05 0.551019 0.0889393
0.26394 0.0354683 0.100468 0.05624 0.0482201 0.405389 0.0902753
9.9982E-05 0.108662 0.213569 0.00704648 9.9982E-05 0.513782 0.15674
0.0702377 0.0401662 0.10736 0.0267227 0.125079 0.480236 0.150198
9.9964E-05 0.176459 0.641489 9.9964E-05 9.9964E-05 9.9964E-05 0.181652
9.9964E-05 0.0453147 0.762053 9.9964E-05 9.9964E-05 9.9964E-05 0.192233
0.0334468 0.046079 0.423519 9.9991E-05 0.0128486 0.364868 0.119138
9.9982E-05 0.160906 0.498363 0.0159798 9.9982E-05 0.0544491 0.270102
9.9964E-05 0.226305 0.492764 9.9964E-05 9.9964E-05 9.9964E-05 0.280532
0.0475624 0.0715489 0.287798 0.0312812 0.100846 0.339601 0.121362
9.9991E-05 0.194314 0.194056 0.0719427 0.0276854 0.370697 0.141205
9.9982E-05 0.138528 0.374063 0.041943 9.9982E-05 0.235936 0.20933
9.9973E-05 0.128619 0.56505 9.9973E-05 9.9973E-05 0.1267 0.179332
0.0334496 0.122167 0.294749 9.9982E-05 9.9982E-05 0.503948 0.0454867
9.9982E-05 0.0728753 0.515335 0.0524611 9.9982E-05 0.223279 0.135849
9.9955E-05 9.9955E-05 0.751822 9.9955E-05 9.9955E-05 9.9955E-05 0.247678
0.0192362 0.055083 0.217446 9.9991E-05 0.00273501 0.601036 0.104363
9.9982E-05 0.236844 0.304545 9.9982E-05 0.00901722 0.328004 0.12139
0.0156699 0.195194 9.9982E-05 0.0846791 9.9982E-05 0.400214 0.304042
9.9982E-05 0.166376 0.00429599 0.0379124 9.9982E-05 0.595275 0.195941
0.0947315 0.18818 0.107711 9.9982E-05 9.9982E-05 0.531202 0.0779764
9.9982E-05 0.221801 0.129456 0.0269819 9.9982E-05 0.527247 0.0943136
0.0119579 0.218302 0.0920135 9.9982E-05 9.9982E-05 0.359198 0.31833
0.0965534 0.130694 0.000961995 9.9991E-05 0.0138435 0.58449 0.173357
0.0312162 0.210234 0.0232007 0.0720942 9.9991E-05 0.429598 0.233557
9.9991E-05 0.267368 0.0789192 0.10691 0.0213253 0.2656 0.259778
0.130549 0.136788 0.0755326 0.241297 9.9991E-05 0.280489 0.135244
9.9982E-05 0.149078 0.0178584 0.210004 9.9982E-05 0.447613 0.175246
0.00457638 0.0655534 0.0655797 0.00974825 0.0546213 0.620361 0.17956
0.0295763 0.0324467 9.9982E-05 0.247794 9.9982E-05 0.51389 0.176093
9.9973E-05 0.203099 0.0666832 9.9973E-05 9.9973E-05 0.416306 0.313611
0.00515425 0.149701 0.0371494 0.0306611 0.0302545 0.555876 0.191204
9.9991E-05 0.186715 0.272348 0.0121214 0.0336551 0.185361 0.309699
0.0273297 0.256995 9.9982E-05 9.9982E-05 0.0747001 0.461963 0.178813
9.9982E-05 0.301931 0.225631 9.9982E-05 0.0201815 0.213317 0.23874
0.0990868 9.9973E-05 0.0317565 0.0795244 9.9973E-05 9.9973E-05 0.789332
0.692727 9.9982E-05 9.9982E-05 0.0597509 0.0386537 0.104457 0.104211
0.932447 0.0091409 9.9973E-05 9.9973E-05 0.0341216 9.9973E-05 0.0239903
0.957762 9.9955E-05 9.9955E-05 9.9955E-05 9.9955E-05 9.9955E-05 0.0417378
0.962239 0.00360182 9.9964E-05 9.9964E-05 0.0337593 9.9964E-05 9.9964E-05
0.957964 0.0201862 9.9973E-05 9.9973E-05 9.9973E-05 0.0174802 0.00406952
0.931575 9.9955E-05 9.9955E-05 9.9955E-05 9.9955E-05 0.067925 9.9955E-05
0.972313 9.9955E-05 9.9955E-05 9.9955E-05 9.9955E-05 9.9955E-05 0.0271873
0.746063 9.9964E-05 9.9964E-05 9.9964E-05 9.9964E-05 0.0280811 0.225457
0.0582602 0.0172604 0.00968152 9.9982E-05 9.9982E-05 0.00654792 0.90805
0.152084 0.00209236 0.00442992 0.00738693 0.0148901 0.0130801 0.806037
9.9973E-05 0.0676805 0.0363989 0.0310768 9.9973E-05 9.9973E-05 0.864544
0.112319 9.9982E-05 0.0361465 9.9982E-05 0.0343834 0.0437424 0.773208
0.0525526 0.0775067 0.0574441 0.0178548 9.9982E-05 9.9982E-05 0.794442
0.0801989 0.0272747 0.00898326 0.00772431 9.9982E-05 9.9982E-05 0.875619
0.0418242 0.184852 0.0211317 0.037248 0.0330131 0.00803971 0.673891
9.9973E-05 0.0689443 9.9973E-05 0.0889262 9.9973E-05 0.0145831 0.827246
0.0818665 0.0527137 0.0503714 0.0686636 9.9991E-05 0.0640245 0.68226
9.9964E-05 0.0783917 9.9964E-05 9.9964E-05 0.0155079 9.9964E-05 0.905701
0.0295135 9.9964E-05 9.9964E-05 9.9964E-05 0.0394573 9.9964E-05 0.930629
0.0347809 0.0460776 9.9991E-05 0.0315402 0.0174571 0.0432639 0.82678
0.0340082 0.0133706 0.0320937 9.9973E-05 9.9973E-05 9.9973E-05 0.920228
9.9973E-05 0.0131 0.0222642 9.9973E-05 9.9973E-05 0.0744565 0.889879
0.0139347 0.0277247 9.9991E-05 0.0123915 0.00228107 0.106056 0.837512
9.9955E-05 9.9955E-05 9.9955E-05 9.9955E-05 9.9955E-05 0.144775 0.854725
9.9964E-05 0.103218 9.9964E-05 9.9964E-05 9.9964E-05 0.108871 0.78751
9.9964E-05 0.110242 9.9964E-05 9.9964E-05 9.9964E-05 0.122802 0.766556
9.9964E-05 0.0511934 9.9964E-05 9.9964E-05 9.9964E-05 0.148154 0.800252
0.0667334 0.0115913 0.213979 0.12152 0.045393 0.433969 0.106815
9.9982E-05 9.9982E-05 0.0669275 0.180632 0.0201378 0.690035 0.042068
0.0955995 0.0923251 9.9991E-05 0.101089 0.0224298 0.542038 0.146419
9.9982E-05 0.0132448 0.540044 0.340002 0.00972703 0.0967828 9.9982E-05
0.0577327 9.9991E-05 0.191624 0.0492577 0.0346026 0.572027 0.0946566
9.9982E-05 9.9982E-05 0.653608 0.126186 0.0290634 0.148356 0.0425872
9.9973E-05 9.9973E-05 0.319831 0.0263282 9.9973E-05 0.630207 0.0233347
0.0982829 9.9982E-05 0.240459 0.205893 9.9982E-05 0.421068 0.0340973
0.0657806 9.9982E-05 0.162728 0.23286 9.9982E-05 0.469011 0.069421
0.0269389 0.00418386 0.0546934 0.400248 0.0143068 0.467362 0.0322667
0.0921184 9.9982E-05 0.268037 0.092657 9.9982E-05 0.500067 0.0469212
9.9982E-05 9.9982E-05 0.319736 0.0511233 0.0042714 0.596514 0.0281549
0.153776 9.9982E-05 0.184114 0.109151 9.9982E-05 0.517412 0.0353477
0.499656 0.0356709 0.122162 0.137706 0.137697 0.0670088 9.9991E-05
0.134877 9.9973E-05 0.620588 0.114076 0.130159 9.9973E-05 9.9973E-05
0.0947441 9.9973E-05 0.655609 0.057654 9.9973E-05 0.191693 9.9973E-05
0.0836043 0.0560009 0.133107 0.0703062 9.9991E-05 0.598159 0.0587233
0.12316 9.9973E-05 0.25251 9.9973E-05 9.9973E-05 0.572602 0.0514279
0.0121841 9.9982E-05 0.268471 0.0992344 9.9982E-05 0.546005 0.073905
9.9991E-05 0.10314 0.102922 0.101741 0.0970422 0.511964 0.0830909
9.9973E-05 0.0758988 0.107993 9.9973E-05 9.9973E-05 0.653946 0.161863
