9.9964E-05 0.0403777 9.9964E-05 9.9964E-05 0.763316 0.0174625 9.9964E-05 0.0300953 0.148349
9.9955E-05 0.0580739 9.9955E-05 9.9955E-05 0.759385 9.9955E-05 0.0241032 9.9955E-05 0.157938
9.9973E-05 0.0988823 0.057302 9.9973E-05 0.658876 0.040388 9.9973E-05 0.00542412 0.138828
9.9973E-05 0.0723996 0.0781728 9.9973E-05 0.607114 0.03875 9.9973E-05 0.0649091 0.138354
9.9955E-05 9.9955E-05 9.9955E-05 9.9955E-05 0.695466 0.0650864 0.04702 9.9955E-05 0.191928
9.9946E-05 9.9946E-05 9.9946E-05 0.0857731 9.9946E-05 0.0158416 9.9946E-05 9.9946E-05 0.897786
9.993E-05 9.993E-05 9.993E-05 9.993E-05 9.993E-05 9.993E-05 9.993E-05 9.993E-05 0.999201
9.9937E-05 9.9937E-05 9.9937E-05 9.9937E-05 9.9937E-05 9.9937E-05 9.9937E-05 0.00551238 0.993788
0.0249214 0.0504717 9.99729E-05 0.0312455 0.705115 9.99729E-05 9.99729E-05 0.0858144 0.102132
9.9964E-05 0.0386407 0.00562843 9.9964E-05 0.0178702 0.0382174 9.9964E-05 9.9964E-05 0.899243
0.012064 9.9955E-05 9.9955E-05 9.9955E-05 0.115339 9.9955E-05 9.9955E-05 0.00521371 0.866883
9.9964E-05 9.9964E-05 0.259684 0.239511 9.9964E-05 0.0585619 9.9964E-05 0.367568 0.0742757
0.05417 0.00411518 0.559872 9.9982E-05 0.0255116 0.0154327 0.0363644 0.304334 9.9982E-05
0.0258861 0.040285 0.225741 0.0724937 0.0676382 0.0519478 0.118255 0.395666 0.00208658
9.9973E-05 9.9973E-05 0.338505 0.0623831 0.0825496 0.118209 0.012292 0.385762 9.9973E-05
0.0277344 0.0111483 0.284247 0.110151 0.129526 0.148119 0.0502851 0.188335 0.0504536
0.103165 0.00635384 0.514433 0.0721781 0.0432544 0.111248 9.9991E-05 0.10467 0.0445986
0.108376 0.00831917 0.459567 0.100775 9.9973E-05 0.0384709 9.9973E-05 0.284192 9.9973E-05
9.9982E-05 0.00585974 0.21103 0.214366 0.125888 0.13261 9.9982E-05 0.279745 0.0303008
0.0846546 0.0183732 0.031084 0.129136 9.9982E-05 0.0593225 9.9982E-05 0.619248 0.0579813
0.114562 0.0251878 0.45935 0.0846935 9.9982E-05 0.0542346 0.0112506 0.250522 9.9982E-05
0.210229 0.00216315 0.488507 0.10221 9.9973E-05 0.0327448 9.9973E-05 0.163846 9.9973E-05
0.0304139 9.9973E-05 0.583009 0.0796447 9.9973E-05 0.063479 0.0241608 0.218993 9.9973E-05
0.0463912 9.9982E-05 0.312865 0.207369 9.9982E-05 0.0632703 0.0149884 0.272155 0.0827612
0.035838 0.0168905 0.642864 0.109163 9.9991E-05 0.0206913 0.0280623 0.106994 0.0393971
0.0269592 0.0184865 0.555795 0.0213928 9.9982E-05 0.101399 9.9982E-05 0.269651 0.00611615
0.00262 9.9982E-05 0.194851 0.154914 0.0527987 0.113201 9.9982E-05 0.462945 0.0184706
9.9964E-05 9.9964E-05 0.156896 0.24316 9.9964E-05 0.186498 9.9964E-05 0.306589 0.106457
0.0798319 9.9973E-05 0.207854 0.169294 9.9973E-05 0.0226601 0.0505604 0.469499 9.9973E-05
9.993E-05 0.999201 9.993E-05 9.993E-05 9.993E-05 9.993E-05 9.993E-05 9.993E-05 9.993E-05
9.993E-05 0.999201 9.993E-05 9.993E-05 9.993E-05 9.993E-05 9.993E-05 9.993E-05 9.993E-05
9.9964E-05 0.379373 0.0673347 0.0288017 0.507594 0.0164972 9.9964E-05 9.9964E-05 9.9964E-05
9.9973E-05 0.241584 0.116214 0.0311992 0.394635 0.00637537 9.9973E-05 9.9973E-05 0.209692
0.0484074 0.0442587 0.527199 0.133561 0.00107867 9.9991E-05 0.128793 0.0870323 0.0295702
0.0142941 0.0243984 0.46968 0.275779 0.0305329 0.0301676 0.00203131 0.0749584 0.0781584
9.9955E-05 9.9955E-05 0.495069 0.339599 9.9955E-05 9.9955E-05 0.0808401 9.9955E-05 0.0839923
9.999E-05 0.0240831 0.114898 0.132642 0.0750892 0.0204912 0.0288238 0.532612 0.0712607
0.0310185 0.0552755 0.282937 0.532578 0.0385219 9.9973E-05 0.0593686 9.9973E-05 9.9973E-05
9.9973E-05 0.0175622 0.541025 0.148688 0.0751918 9.9973E-05 0.0603566 0.156876 9.9973E-05
0.0330866 0.0503316 0.724545 0.156223 0.0330237 0.00248973 9.9973E-05 9.9973E-05 9.9973E-05
0.114613 0.032486 0.56864 0.12818 0.0997847 9.9991E-05 0.0161223 0.0298185 0.0102557
0.0646039 0.0487026 0.575932 0.150948 0.0959375 9.9973E-05 9.9973E-05 0.0635757 9.9973E-05
0.0342124 0.00977586 0.128146 0.706368 0.00261428 9.9982E-05 9.9982E-05 0.0933969 0.0252867
0.256334 0.00168615 0.60182 0.0157529 9.9973E-05 0.0460071 9.9973E-05 9.9973E-05 0.0780997
0.00617852 0.0367463 0.467807 0.302475 9.9982E-05 0.0776689 0.0169104 9.9982E-05 0.0920143
0.0603056 0.0352445 0.556109 0.0803215 0.0949084 0.0706874 0.029517 0.0354348 0.0374712
9.9946E-05 9.9946E-05 0.315292 0.629318 9.9946E-05 9.9946E-05 0.0547905 9.9946E-05 9.9946E-05
0.0719317 0.0453352 0.597973 0.237631 9.9964E-05 0.0467294 9.9964E-05 9.9964E-05 9.9964E-05
0.0212253 0.0450862 0.503857 0.20551 0.0199465 0.0589978 0.0666962 0.0554852 0.0231948
0.234668 9.9946E-05 9.9946E-05 0.698124 0.066608 9.9946E-05 9.9946E-05 9.9946E-05 9.9946E-05
0.10871 9.9964E-05 0.164778 0.250968 9.9964E-05 9.9964E-05 0.0395429 0.435601 9.9964E-05
0.240257 9.9982E-05 0.0571636 0.261841 9.9982E-05 0.00894663 0.121515 0.240074 0.0700029
0.0855801 0.0220905 0.50213 9.9982E-05 9.9982E-05 0.0483277 0.12261 0.177243 0.0418195
0.0640187 9.9982E-05 0.555656 9.9982E-05 0.0824375 0.03662 0.154236 0.00252856 0.104303
0.127215 0.0209088 0.539155 0.047045 0.0337422 0.0805873 0.032776 0.118471 9.9991E-05
0.124314 0.027039 0.129838 0.326745 0.0730413 9.9982E-05 0.00680275 0.31202 9.9982E-05
0.0705202 0.0225707 0.511893 9.9973E-05 0.00383456 9.9973E-05 0.112553 0.278328 9.9973E-05
0.142343 9.9982E-05 0.446408 0.167973 9.9982E-05 0.168589 0.00225503 0.0596362 0.0125966
0.09026 0.0323411 0.320175 0.233741 9.9982E-05 9.9982E-05 0.0184959 0.132475 0.172312
0.134751 0.00186322 0.0607164 0.154669 0.213746 0.0503053 0.080216 0.303632 9.9991E-05
0.0672029 0.0464322 0.502522 0.233998 0.0330107 0.05456 9.9991E-05 0.0359212 0.0262527
9.9973E-05 9.9973E-05 0.392033 9.9973E-05 0.0439189 0.0672373 0.129792 0.286371 0.0803488
0.106345 0.0507693 0.0368424 0.272322 0.0090477 9.9991E-05 0.0100153 0.472722 0.0418359
0.125982 9.9973E-05 0.496474 0.118362 9.9973E-05 0.0210396 0.0119195 0.225922 9.9973E-05
0.0312603 9.9991E-05 0.478248 0.0524367 0.014218 0.169552 0.200362 0.00985426 0.0439683
0.0677128 0.0530119 0.547087 9.9991E-05 0.0339069 0.00855542 0.0260907 0.192051 0.0714847
0.0821726 0.0265318 0.20847 0.225285 9.9991E-05 0.105778 0.00862288 0.290465 0.0525744
0.13921 0.0231449 0.429072 0.145418 9.9991E-05 0.0881286 0.0313912 0.125692 0.0178429
9.9991E-05 0.0353663 0.602363 0.0775132 0.0734352 0.0110373 0.0585293 0.137245 0.00441027
0.108645 0.0569908 0.199235 0.124575 0.00467933 9.9982E-05 0.0918303 0.413845 9.9982E-05
0.0443174 0.0165792 0.524298 0.38209 9.9964E-05 9.9964E-05 9.9964E-05 0.0323157 9.9964E-05
9.9955E-05 0.0507056 0.12519 0.739258 9.9955E-05 9.9955E-05 9.9955E-05 0.0843464 9.9955E-05
0.0290061 0.0522503 0.457611 0.249781 0.0303453 0.0626383 0.0252376 0.074409 0.018722
0.107393 9.9946E-05 9.9946E-05 0.886331 9.9946E-05 9.9946E-05 0.00567603 9.9946E-05 9.9946E-05
0.128322 9.9937E-05 9.9937E-05 0.870978 9.9937E-05 9.9937E-05 9.9937E-05 9.9937E-05 9.9937E-05
0.014451 9.9955E-05 0.288517 0.680699 9.9955E-05 0.0158328 9.9955E-05 9.9955E-05 9.9955E-05
0.0176683 9.9964E-05 0.404822 0.439826 9.9964E-05 9.9964E-05 9.9964E-05 0.111982 0.0253015
0.0622607 0.0308416 0.62354 0.120792 0.0683627 0.0373939 9.9982E-05 0.0566091 9.9982E-05
9.9973E-05 0.0398372 0.362887 0.510665 9.9973E-05 0.0338583 9.9973E-05 0.0416469 0.0108049
9.9964E-05 9.9964E-05 0.0944543 0.667171 9.9964E-05 0.0468414 9.9964E-05 0.129808 0.0613262
9.9973E-05 0.00812131 0.197176 0.499354 9.9973E-05 0.0201497 9.9973E-05 0.206951 0.0679477
9.9982E-05 0.0294742 0.427165 0.180324 0.0968365 0.0647402 0.172134 0.0291262 9.9982E-05
9.9973E-05 0.0175192 0.200237 0.687125 0.004171 0.0451153 9.9973E-05 9.9973E-05 0.0455331
9.9964E-05 0.0127174 0.368673 0.539699 0.00828433 9.9964E-05 9.9964E-05 9.9964E-05 0.070226
9.9946E-05 9.9946E-05 0.372546 0.589506 9.9946E-05 9.9946E-05 0.0373486 9.9946E-05 9.9946E-05
0.212549 9.9955E-05 9.9955E-05 0.671934 9.9955E-05 0.00494499 0.110072 9.9955E-05 9.9955E-05
0.0144704 0.0152082 0.507786 0.255625 9.9973E-05 0.109552 9.9973E-05 0.0970584 9.9973E-05
9.9982E-05 0.0598309 0.0767428 0.000132282 0.665241 0.00185584 9.9982E-05 0.0640491 0.131948
9.9946E-05 0.118622 0.076544 9.9946E-05 0.804234 9.9946E-05 9.9946E-05 9.9946E-05 9.9946E-05
9.9955E-05 0.107662 0.0990802 9.9955E-05 0.789085 0.00367287 9.9955E-05 9.9955E-05 9.9955E-05
0.061641 0.14552 0.039502 9.9955E-05 0.752837 9.9955E-05 9.9955E-05 9.9955E-05 9.9955E-05
0.01955 0.115217 0.0835876 0.00245291 0.72907 9.9973E-05 9.9973E-05 9.9973E-05 0.0498224
0.0174091 0.0685757 0.0228483 9.9973E-05 0.810131 0.0308372 9.9973E-05 9.9973E-05 0.0498989
9.9964E-05 0.0711054 0.0320712 9.9964E-05 0.760488 0.0232107 9.9964E-05 9.9964E-05 0.112725
0.0854406 0.0343287 0.47508 0.25902 0.0145487 0.080376 9.9982E-05 0.0510061 9.9982E-05
0.0205055 0.050691 0.585738 0.0779868 0.0776791 0.0610337 9.9982E-05 0.126166 9.9982E-05
9.9973E-05 9.9973E-05 0.0069786 0.907263 0.0140772 9.9973E-05 0.0225839 0.0189991 0.0297985
0.0779249 9.9991E-05 0.548655 0.175949 0.09399 0.00218376 0.078947 0.0047219 0.0175287
9.9955E-05 9.9955E-05 0.420939 0.464864 0.0697562 9.9955E-05 9.9955E-05 0.0439418 9.9955E-05
9.9982E-05 0.0298559 0.542437 0.347808 0.0215256 0.0105284 0.0186729 9.9982E-05 0.0289714
0.0629435 0.0251488 0.595234 0.184445 0.0861693 9.9973E-05 0.0457594 9.9973E-05 9.9973E-05
9.9955E-05 0.0247967 0.321504 0.479137 9.9955E-05 0.174063 9.9955E-05 9.9955E-05 9.9955E-05
9.9946E-05 9.9946E-05 9.9946E-05 0.767712 0.0584792 9.9946E-05 9.9946E-05 0.17321 9.9946E-05
0.0394314 9.9973E-05 0.520123 0.160308 0.16584 9.9973E-05 0.0191355 9.9973E-05 0.0948616
9.9973E-05 0.00173256 0.606999 0.228329 0.102929 9.9973E-05 0.0264079 0.0333025 9.9973E-05
9.9982E-05 0.015079 0.562944 0.0476921 0.11908 0.0489909 9.9982E-05 0.157747 0.0482668
0.177462 0.00662833 0.285453 0.491165 9.9964E-05 9.9964E-05 0.0388918 9.9964E-05 9.9964E-05
0.0105027 9.9982E-05 0.470931 0.385719 0.00664974 0.026348 0.0326615 9.9982E-05 0.0669879
0.0692381 0.00370955 0.3835 0.416203 0.0438464 9.9973E-05 9.9973E-05 0.0832025 9.9973E-05
9.9973E-05 0.00235779 0.294995 0.552179 9.9973E-05 0.0801289 0.0662053 9.9973E-05 0.00383409
9.9973E-05 0.00534582 0.409538 0.459372 0.0219756 9.9973E-05 9.9973E-05 0.038534 0.0649345
0.0226882 0.00683141 0.531224 0.0878839 0.110252 0.0272043 0.0765137 0.137303 9.9991E-05
0.0939861 0.0478485 0.216223 0.100394 9.9991E-05 0.013861 0.17156 0.33399 0.0220368
0.0150301 0.00953837 0.465591 9.9982E-05 0.104062 0.0318126 0.0650892 0.308676 9.9982E-05
9.9973E-05 9.9973E-05 0.522326 0.0326556 0.162882 0.00994132 0.0723045 0.19959 9.9973E-05
0.0154729 0.0677151 0.469448 0.0933271 9.9991E-05 0.137547 0.0534165 0.144404 0.0185693
9.9973E-05 0.0566066 0.45134 0.0602482 9.9973E-05 9.9973E-05 0.0651994 0.298939 0.0673669
0.05186 9.9982E-05 0.574791 0.011765 9.9982E-05 0.0437259 0.0169448 0.269995 0.0307174
9.9964E-05 9.9964E-05 0.517793 0.00724837 0.0427982 9.9964E-05 0.0600946 0.371666 9.9964E-05
0.0306109 0.064637 0.476455 0.0911706 0.0340106 0.0176069 0.122185 0.163224 9.9991E-05
0.0422198 9.9982E-05 0.6184 0.0234241 0.0886818 9.9982E-05 0.0052062 0.191626 0.0302413
0.0467605 0.0175011 0.581895 0.14483 0.0131189 9.9982E-05 0.0534406 0.142253 9.9982E-05
0.0116885 9.9964E-05 0.487933 9.9964E-05 0.00617636 9.9964E-05 0.0792991 0.414503 9.9964E-05
0.133193 0.0287543 0.511776 0.0469706 9.9982E-05 0.0939482 0.0383298 0.146828 9.9982E-05
0.0717238 9.9982E-05 0.583696 0.174913 0.0501511 0.0199274 0.0514773 9.9982E-05 0.0479112
9.9964E-05 9.9964E-05 0.527285 0.103422 9.9964E-05 0.0668158 0.0934623 0.208615 9.9964E-05
0.173071 9.9991E-05 0.544197 0.0111377 0.0075115 0.0484972 0.121299 0.0309992 0.0631873
0.0495895 0.00580321 0.528767 0.0343216 9.9991E-05 0.0703359 0.121995 0.181882 0.00720612
0.174233 0.0022362 0.408758 9.9982E-05 0.127362 0.0132124 0.0299653 0.244032 9.9982E-05
0.0428825 9.9973E-05 0.607899 9.9973E-05 0.0305354 0.0434803 0.0343338 0.240569 9.9973E-05
0.0145286 9.9973E-05 0.634667 9.9973E-05 0.0843633 0.0281651 0.0541979 0.183778 9.9973E-05
9.9973E-05 9.9973E-05 0.128654 0.196408 9.9973E-05 0.115476 0.170011 0.38144 0.00771189
0.219225 9.9973E-05 0.199458 0.00300143 0.0408014 9.9973E-05 0.209313 0.327901 9.9973E-05
0.0412568 0.0368431 0.522761 0.0164291 9.9982E-05 0.0789937 0.0590014 0.244514 9.9982E-05
0.180222 0.00262972 0.0749938 0.106981 9.9982E-05 0.0303478 0.265278 0.339348 9.9982E-05
0.0243792 9.9973E-05 0.32165 0.120238 0.0595824 9.9973E-05 0.0271162 0.446734 9.9973E-05
0.0219828 9.9982E-05 0.44578 0.183398 0.0167105 9.9982E-05 0.00880962 0.321094 0.00202539
9.9973E-05 0.0236271 0.242637 0.260705 0.0122322 9.9973E-05 0.0402799 0.420219 9.9973E-05
0.000629438 9.9973E-05 0.343456 0.1522 0.0259013 0.00671253 9.9973E-05 0.470801 9.9973E-05
0.0662549 0.0055507 0.678633 0.0101806 0.0697627 0.0411614 0.0485347 0.0798222 9.9991E-05
0.0550364 9.9991E-05 0.575681 0.0451211 0.0548185 0.0512195 0.0266805 0.13675 0.0545937
9.9982E-05 9.9982E-05 0.525121 0.126521 0.0901598 0.0686919 0.0488867 0.129885 0.0105351
0.279827 0.013934 0.167488 0.0991103 9.9982E-05 0.0439905 0.0492254 0.346224 9.9982E-05
0.124878 9.9982E-05 0.499104 0.192859 0.0832773 9.9982E-05 0.00683643 0.05175 0.0410949
0.212417 0.0253828 0.525355 0.0805231 0.0723564 0.0317789 9.9982E-05 0.051987 9.9982E-05
0.393902 0.0132865 9.9973E-05 0.20749 0.102059 9.9973E-05 0.15731 0.125653 9.9973E-05
0.0670862 0.0319909 0.514816 0.143898 0.0324681 0.0815577 0.127983 9.9982E-05 9.9982E-05
0.181469 9.9973E-05 0.342876 0.219555 0.0909299 9.9973E-05 0.0989944 0.0658758 9.9973E-05
0.0760126 0.0371211 0.47762 0.0933764 0.075374 0.0800303 0.12047 0.0262475 0.0137486
0.368828 0.0478031 0.189436 0.159423 0.0221929 9.9991E-05 0.0405469 0.118789 0.0528812
0.39663 0.0504497 0.211558 0.0673964 0.022629 9.9991E-05 0.128496 0.0961889 0.0265518
0.166981 0.0143749 0.459068 0.126629 0.0158113 9.9982E-05 0.0907217 0.126213 9.9982E-05
0.104839 0.0181542 0.392207 0.037923 0.0158584 0.105261 0.158422 0.143001 0.0243343
0.214177 9.9991E-05 0.410504 0.00876612 0.131979 0.0492244 0.0196586 0.132421 0.0331696
0.32177 0.0201553 0.0201106 0.294015 0.0358962 0.146043 0.0778097 0.0446405 0.0395598
0.0655291 0.0166613 0.469331 0.129851 0.0431187 0.0832072 0.113355 0.0327051 0.046242
0.310775 9.9955E-05 0.341344 0.24924 9.9955E-05 9.9955E-05 9.9955E-05 0.0981414 9.9955E-05
0.137122 9.9982E-05 0.48412 0.244876 0.0062161 9.9982E-05 0.00337218 0.0847325 0.0393617
0.0712943 0.0720556 0.527288 0.128323 0.0163481 9.9991E-05 0.0869216 0.0645826 0.0330866
0.284552 0.0696609 0.126004 9.9982E-05 0.192504 0.269696 9.9982E-05 0.010595 0.0467885
0.374999 0.00439129 9.9964E-05 9.9964E-05 0.428824 0.138161 9.9964E-05 9.9964E-05 0.0532253
0.410403 0.0505786 9.9964E-05 9.9964E-05 0.383014 0.140275 0.0153289 9.9964E-05 9.9964E-05
0.168609 0.0179357 0.0571971 0.018648 0.358445 0.303607 9.9991E-05 0.030504 0.0449533
0.232582 9.9964E-05 0.691552 0.0529819 9.9964E-05 9.9964E-05 0.012774 0.00971086 9.9964E-05
0.100549 0.0362094 0.620617 0.145118 0.0386988 0.00229083 0.0238999 0.0325175 9.9991E-05
9.9946E-05 9.9946E-05 0.250756 9.9946E-05 9.9946E-05 0.691157 9.9946E-05 0.0574882 9.9946E-05
9.9982E-05 0.0413572 0.235987 0.116904 0.0417653 0.449881 0.0445809 0.0693244 9.9982E-05
9.9982E-05 9.9982E-05 0.35339 0.0800793 0.0377354 0.33 0.0707454 0.0269311 0.100919
0.358673 9.9964E-05 0.326692 0.0728453 9.9964E-05 9.9964E-05 0.175037 9.9964E-05 0.0663535
0.171618 0.0512211 0.492233 0.0521206 0.0411109 0.0941077 0.0476072 0.0418366 0.0081448
0.456235 9.9964E-05 0.197136 0.0794173 9.9964E-05 9.9964E-05 0.239813 0.0269979 9.9964E-05
0.242139 9.9964E-05 0.623048 9.9964E-05 9.9964E-05 9.9964E-05 0.0250718 0.0136009 0.0957413
0.257142 9.9982E-05 0.404169 0.0781726 9.9982E-05 0.0546489 0.117545 0.0191575 0.0689649
0.205952 9.9973E-05 0.623633 0.0340635 9.9973E-05 9.9973E-05 0.0146939 0.0752248 0.0461322
0.455256 9.9964E-05 0.180521 0.224915 9.9964E-05 9.9964E-05 0.107321 0.0315867 9.9964E-05
0.0990536 0.0217976 0.63278 0.145 0.0922696 9.9982E-05 0.00165205 9.9982E-05 0.00724646
0.168296 9.9982E-05 0.499783 0.122776 9.9982E-05 0.0348148 0.0697414 0.071232 0.0331561
9.9937E-05 9.9937E-05 0.0567135 9.9937E-05 9.9937E-05 0.942587 9.9937E-05 9.9937E-05 9.9937E-05
9.9946E-05 9.9946E-05 0.15784 9.9946E-05 9.9946E-05 0.823673 9.9946E-05 0.0178867 9.9946E-05
9.9973E-05 0.0154246 0.237693 0.0361604 9.9973E-05 0.559046 9.9973E-05 0.055034 0.0963411
9.9964E-05 9.9964E-05 0.283246 9.9964E-05 0.00349249 0.669833 0.0193875 0.0236413 9.9964E-05
0.0289884 9.9955E-05 0.170421 9.9955E-05 0.0343377 0.765753 9.9955E-05 9.9955E-05 9.9955E-05
9.993E-05 9.993E-05 9.993E-05 9.993E-05 9.993E-05 0.999201 9.993E-05 9.993E-05 9.993E-05
0.0149063 0.0019317 9.9955E-05 9.9955E-05 9.9955E-05 0.980399 9.9955E-05 0.0022628 9.9955E-05
9.9946E-05 9.9946E-05 0.141837 9.9946E-05 9.9946E-05 0.84934 0.00822333 9.9946E-05 9.9946E-05
9.9946E-05 9.9946E-05 0.0256241 9.9946E-05 9.9946E-05 0.957521 9.9946E-05 0.016255 9.9946E-05
9.993E-05 9.993E-05 9.993E-05 9.993E-05 9.993E-05 0.999201 9.993E-05 9.993E-05 9.993E-05
9.9937E-05 0.0060297 9.9937E-05 9.9937E-05 9.9937E-05 0.993271 9.9937E-05 9.9937E-05 9.9937E-05
9.9955E-05 0.0771758 0.185464 9.9955E-05 9.9955E-05 0.734602 9.9955E-05 0.00225866 9.9955E-05
9.9964E-05 0.00194477 0.144777 9.9964E-05 0.0882663 0.762475 9.9964E-05 0.0021372 9.9964E-05
9.9955E-05 0.0035104 9.9955E-05 0.0224621 9.9955E-05 0.972607 9.9955E-05 0.000921067 9.9955E-05
9.9982E-05 0.0263577 0.263946 0.169031 0.0128119 0.363585 9.9982E-05 0.146526 0.0175429
9.9955E-05 0.0208156 0.233237 0.0489183 9.9955E-05 0.69653 9.9955E-05 9.9955E-05 9.9955E-05
9.9973E-05 0.0434357 0.169711 0.00682389 0.0355696 0.723797 9.9973E-05 9.9973E-05 0.0203629
9.9964E-05 0.0158919 0.075983 9.9964E-05 0.0414473 0.862788 9.9964E-05 0.00349008 9.9964E-05
9.9946E-05 9.9946E-05 0.0360927 9.9946E-05 0.00286095 0.960447 9.9946E-05 9.9946E-05 9.9946E-05
9.9964E-05 0.0107474 0.0637066 9.9964E-05 0.0233449 0.884121 9.9964E-05 0.0176802 9.9964E-05
9.9946E-05 0.026962 9.9946E-05 9.9946E-05 9.9946E-05 0.926634 9.9946E-05 9.9946E-05 0.0458043
9.9973E-05 0.00526498 0.251363 0.0474063 0.0336844 0.57185 0.0901316 9.9973E-05 9.9973E-05
0.0134663 9.9982E-05 0.00257428 0.0256489 9.9982E-05 0.913685 0.00624133 0.0232728 0.0149111
0.49587 9.9973E-05 9.9973E-05 0.0293855 0.269695 0.0398544 0.0946256 9.9973E-05 0.0702699
0.174671 9.9991E-05 0.329916 0.00910499 0.125882 0.117615 0.0575955 0.128994 0.0561206
0.171936 9.9991E-05 0.44339 0.00699026 0.160646 0.0634412 0.0235096 0.0645632 0.065424
0.435021 0.0462515 0.206605 9.9982E-05 0.0857434 0.0630591 0.0528068 9.9982E-05 0.110313
0.241196 9.9982E-05 0.418581 0.0155174 0.109807 0.117925 0.0272789 9.9982E-05 0.0694955
0.349586 0.0329243 0.180919 0.0301134 0.171493 0.104084 0.0772904 9.9991E-05 0.0534905
0.136833 9.9991E-05 0.384213 0.0226324 0.0922734 0.0937637 0.00531767 0.146697 0.11817
0.394404 9.9964E-05 0.281038 9.9964E-05 0.0148271 0.165916 9.9964E-05 9.9964E-05 0.143416
0.188094 0.0138818 0.444634 0.0117261 0.0721391 0.130138 0.00421391 9.9991E-05 0.135073
0.328024 0.0436647 0.335798 9.9982E-05 0.112336 0.157911 0.0162915 9.9982E-05 0.00577332
0.136338 0.0152146 0.508385 9.9982E-05 0.125313 0.0867552 0.0338829 9.9982E-05 0.0939112
0.0433275 9.9973E-05 0.0518043 0.00649457 0.793102 9.9973E-05 9.9973E-05 0.0200855 0.0848864
9.9964E-05 0.0505314 9.9964E-05 9.9964E-05 0.856594 0.0840014 0.00709691 9.9964E-05 0.00137655
9.9955E-05 0.0296379 9.9955E-05 0.0156791 0.954019 9.9955E-05 9.9955E-05 0.00016408 9.9955E-05
9.9955E-05 0.0146411 0.0106722 9.9955E-05 0.926255 9.9955E-05 9.9955E-05 0.0479315 9.9955E-05
0.0294834 0.113075 9.9973E-05 9.9973E-05 0.767729 0.0143024 9.9973E-05 0.0561249 0.0189857
9.9964E-05 0.0740002 9.9964E-05 0.00438429 0.835984 0.0536225 0.0316087 9.9964E-05 9.9964E-05
9.9964E-05 0.0727743 9.9964E-05 0.00780795 0.73148 0.054476 9.9964E-05 9.9964E-05 0.133062
0.052465 0.0470827 0.035265 9.9973E-05 0.785537 9.9973E-05 9.9973E-05 0.00229477 0.0770553
9.9973E-05 0.0299283 0.0392626 0.0169958 0.870914 0.00499039 9.9973E-05 9.9973E-05 0.0376091
0.0282923 9.9955E-05 0.0217765 9.9955E-05 0.872769 0.0766627 9.9955E-05 9.9955E-05 9.9955E-05
9.9964E-05 9.9964E-05 9.9964E-05 0.128588 0.581033 9.9964E-05 0.0422214 0.188626 0.059132
0.0120069 0.0228167 9.9982E-05 0.0559548 0.514912 9.9982E-05 0.00247454 0.297988 0.093647
0.103797 0.0290008 9.9973E-05 0.0476179 0.47772 9.9973E-05 9.9973E-05 0.331299 0.0102653
9.9964E-05 9.9964E-05 9.9964E-05 0.110152 0.397366 9.9964E-05 0.0377129 0.30581 0.14856
9.9982E-05 0.0305727 0.528325 0.232644 0.0249022 0.021325 9.9982E-05 0.11855 0.0434819
9.9982E-05 0.0246146 0.468924 0.281637 0.0477216 9.9982E-05 0.0430137 0.0954046 0.038484
0.0311306 0.0160847 0.581707 0.172373 0.00397525 0.0243936 9.9982E-05 0.170135 9.9982E-05
0.0485497 9.9964E-05 0.331782 0.353213 0.0274256 9.9964E-05 9.9964E-05 0.23863 9.9964E-05
9.9964E-05 9.9964E-05 0.134341 0.180486 9.9964E-05 9.9964E-05 0.0685502 0.593347 0.0228763
9.9973E-05 9.9973E-05 0.526768 0.194559 9.9973E-05 0.0605603 0.13663 0.0254279 0.055754
0.0327501 0.0214671 0.55234 0.272037 9.9982E-05 0.0153209 0.0847495 0.0211347 9.9982E-05
0.0391679 9.9973E-05 0.509625 0.343646 9.9973E-05 9.9973E-05 0.0741949 0.0274093 0.00565774
0.037867 9.9964E-05 0.325372 0.564224 9.9964E-05 0.0339204 0.0382169 9.9964E-05 9.9964E-05
0.0331003 9.9991E-05 0.558453 0.188142 0.0815732 0.0319631 0.0248494 0.0736976 0.00812217
9.9964E-05 9.9964E-05 0.403272 0.316179 9.9964E-05 9.9964E-05 0.15314 0.111513 0.0154966
9.9946E-05 9.9946E-05 9.9946E-05 0.73227 9.9946E-05 9.9946E-05 0.245546 0.0215842 9.9946E-05
9.9982E-05 9.9982E-05 0.451179 0.187875 0.0519261 0.085667 0.029363 0.177739 0.0160511
0.150851 9.9964E-05 0.246339 0.486083 0.0130305 9.9964E-05 0.103296 9.9964E-05 9.9964E-05
0.0022768 0.0285444 0.475458 0.346047 0.00826095 9.9973E-05 0.139113 9.9973E-05 9.9973E-05
9.9973E-05 9.9973E-05 0.0402905 0.726949 0.0185955 0.0130593 9.9973E-05 0.177189 0.0236174
0.13186 0.0216628 9.9964E-05 9.9964E-05 0.0182291 9.9964E-05 9.9964E-05 0.693196 0.134652
0.12243 9.9964E-05 0.00299439 9.9964E-05 0.00282631 9.9964E-05 9.9964E-05 0.736454 0.134895
0.117124 9.9946E-05 9.9946E-05 9.9946E-05 9.9946E-05 9.9946E-05 9.9946E-05 0.779164 0.103112
0.0400382 9.9973E-05 9.9973E-05 0.0260264 0.01245 9.9973E-05 0.0116164 0.797206 0.112363
0.147655 0.00836465 0.0440338 9.9964E-05 9.9964E-05 9.9964E-05 9.9964E-05 0.720102 0.079445
0.07567 9.9955E-05 0.105307 9.9955E-05 9.9955E-05 9.9955E-05 9.9955E-05 0.734198 0.0843259
9.9973E-05 0.0675026 0.0540319 0.0301335 0.792552 0.0493043 0.00617569 9.9973E-05 9.9973E-05
9.9964E-05 9.9964E-05 0.102847 9.9964E-05 0.768283 0.0123264 9.9964E-05 0.0395288 0.0766143
9.9964E-05 0.0432688 0.1473 9.9964E-05 0.735856 0.0697278 9.9964E-05 9.9964E-05 0.00344742
9.9955E-05 9.9955E-05 0.095211 9.9955E-05 0.803812 0.0729843 9.9955E-05 0.0274933 9.9955E-05
0.0224643 9.9964E-05 0.14595 9.9964E-05 0.756026 0.0210299 9.9964E-05 9.9964E-05 0.0541302
0.0303769 0.0129646 9.9973E-05 0.0334471 0.334926 9.9973E-05 9.9973E-05 0.539606 0.0483794
9.9973E-05 0.0402165 9.9973E-05 0.0369617 0.210643 9.9973E-05 0.0673421 0.404372 0.240165
9.9982E-05 0.0547059 9.9982E-05 0.0243453 0.327578 0.00498106 0.1089 0.424113 0.0551761
9.993E-05 0.999201 9.993E-05 9.993E-05 9.993E-05 9.993E-05 9.993E-05 9.993E-05 9.993E-05
0.0456497 0.0372374 9.9973E-05 0.0960537 0.292586 9.9973E-05 9.9973E-05 0.463078 0.065095
0.173725 9.9964E-05 0.210673 9.9964E-05 0.218998 0.389008 0.00719621 9.9964E-05 9.9964E-05
0.0276324 9.9973E-05 0.544019 9.9973E-05 0.212847 0.178262 9.9973E-05 0.0248506 0.0120893
9.9955E-05 0.0267508 0.53216 9.9955E-05 0.17756 0.263029 9.9955E-05 9.9955E-05 9.9955E-05
0.0942807 9.9973E-05 0.326117 0.0825963 0.168425 0.232467 9.9973E-05 9.9973E-05 0.0958144
9.9982E-05 9.9982E-05 0.397908 0.0352792 0.0862262 0.227844 0.103658 0.0553431 0.0935424
0.231094 9.9955E-05 9.9955E-05 9.9955E-05 0.417075 0.315941 9.9955E-05 9.9955E-05 0.0353904
0.0688115 9.9973E-05 0.431414 0.128134 9.9973E-05 9.9973E-05 0.0916238 0.235549 0.0441669
0.118361 0.0103425 0.358636 0.0523261 9.9973E-05 9.9973E-05 0.222147 0.237888 9.9973E-05
9.9973E-05 0.0211624 0.291662 0.0445529 9.9973E-05 9.9973E-05 0.0073713 0.49859 0.136361
0.101082 9.9973E-05 0.526529 0.0984765 0.010084 9.9973E-05 0.173593 0.0899356 9.9973E-05
0.383142 9.9955E-05 9.9955E-05 0.199198 9.9955E-05 9.9955E-05 0.246314 0.170845 9.9955E-05
0.0843084 0.0335967 0.627024 9.9964E-05 0.0681145 9.9964E-05 9.9964E-05 0.186556 9.9964E-05
0.0680544 0.0302613 0.481453 9.9973E-05 0.012112 9.9973E-05 0.222978 0.184841 9.9973E-05
0.0872736 0.0225678 0.349851 0.0636968 9.9982E-05 9.9982E-05 0.0397456 0.405415 0.0312503
9.9964E-05 9.9964E-05 0.578464 0.0981719 0.0418391 9.9964E-05 9.9964E-05 0.223287 0.0578386
0.308157 9.9964E-05 0.122 0.182911 9.9964E-05 9.9964E-05 0.0903599 0.296173 9.9964E-05
0.158971 9.9973E-05 0.461644 0.171693 9.9973E-05 0.0179148 0.0465064 0.142971 9.9973E-05
0.100432 9.9973E-05 0.578957 0.0417438 9.9973E-05 0.0222364 0.0155899 0.240741 9.9973E-05
0.0463258 0.014151 0.451137 0.106792 0.0852039 0.143884 9.9991E-05 0.0666607 0.0857451
0.13076 9.9955E-05 0.43418 9.9955E-05 9.9955E-05 9.9955E-05 0.163068 0.271492 9.9955E-05
0.0179365 0.0359102 0.434534 0.0631317 0.00719022 9.9982E-05 0.168645 0.272452 9.9982E-05
9.9973E-05 9.9973E-05 0.449547 0.198796 9.9973E-05 0.111519 0.172029 0.0248874 0.0429214
0.00114711 9.9973E-05 0.590864 0.0737759 9.9973E-05 9.9973E-05 0.117332 0.143922 0.0726597
0.0605069 0.00602738 0.668471 9.99861E-05 9.99861E-05 0.0392811 0.0363456 0.0878948 0.101274
0.0420582 0.0216278 0.497029 0.13865 0.053295 0.0676847 0.0171641 0.157706 0.00478477
0.0493704 0.0392065 0.576032 0.0699904 0.101642 0.0429092 9.9991E-05 0.0995174 0.0212326
9.9946E-05 9.9946E-05 0.121963 9.9946E-05 0.759296 0.118142 9.9946E-05 9.9946E-05 9.9946E-05
9.9973E-05 0.0285431 0.10802 9.9973E-05 0.812718 0.016275 0.0226346 9.9973E-05 0.0115097
9.9982E-05 9.9982E-05 0.0168084 0.0529975 0.780756 0.0369164 0.0798156 0.0164996 0.0160062
9.9982E-05 0.0236324 0.0192616 0.0873519 0.821994 0.0338286 0.0016265 0.0121046 9.9982E-05
9.9964E-05 0.0548494 0.13957 9.9964E-05 0.768145 0.00589298 9.9964E-05 9.9964E-05 0.0311424
0.0219383 9.9964E-05 0.159847 0.102359 9.9964E-05 0.0797871 9.9964E-05 0.63567 9.9964E-05
0.0279875 0.0509822 0.371898 0.0580385 0.0536491 0.109761 0.147457 0.180127 9.9991E-05
0.0566555 0.0122481 0.464956 0.0307458 0.267481 0.0838082 0.0691853 9.9991E-05 0.01482
0.109881 0.0479005 0.611178 0.0119386 9.9991E-05 0.0744529 0.00663857 0.137263 0.000647475
9.9964E-05 0.0115184 0.542853 0.129069 0.07917 9.9964E-05 9.9964E-05 0.23699 9.9964E-05
0.164079 0.016898 0.263075 9.9973E-05 9.9973E-05 0.0576732 0.110417 0.387558 9.9973E-05
0.106875 0.053107 9.9964E-05 0.182191 0.130696 9.9964E-05 9.9964E-05 0.526731 9.9964E-05
9.9982E-05 9.9982E-05 0.461002 0.0509612 0.0070423 0.0813585 0.0773118 0.297423 0.0247011
0.00398905 0.0083043 0.0665167 0.107436 0.044006 0.130786 0.130313 0.493822 0.0148281
0.221239 9.9991E-05 0.43388 0.0376427 0.0675009 0.0154972 0.0478688 0.139537 0.0367342
0.0370711 0.0171048 0.134341 0.00994347 0.13588 9.99859E-05 0.0987199 0.566739 9.99859E-05
9.9991E-05 0.0528368 0.422391 0.0406897 0.0361549 0.139363 0.0918353 0.182551 0.0340783
9.9982E-05 0.0265858 0.197586 0.157243 0.0268495 9.9982E-05 0.0491827 0.516087 0.0262658
0.0996282 9.9982E-05 0.358323 0.0288469 0.0405201 0.0664049 0.113396 0.292681 9.9982E-05
0.164586 0.0416266 0.473412 0.0838292 9.9991E-05 0.0034529 0.0318866 0.160781 0.0403262
0.469147 0.00614964 0.286119 9.9973E-05 0.0067046 9.9973E-05 0.0736871 0.157893 9.9973E-05
0.196313 0.00882787 0.573812 0.134569 0.00386272 0.0130048 9.9991E-05 0.0649693 0.00454152
0.0886259 0.0384781 0.603156 0.0568052 0.0853419 9.9991E-05 0.0487371 0.0508318 0.0279238
0.396028 9.9964E-05 0.394693 0.0805129 9.9964E-05 9.9964E-05 0.0294239 0.0989428 9.9964E-05
0.155217 0.000194223 0.459346 0.0198063 9.9982E-05 0.0704199 9.9982E-05 0.174721 0.120095
0.263015 0.00717314 0.553265 0.0400489 0.00177058 9.9973E-05 0.134428 9.9973E-05 9.9973E-05
0.470278 9.9964E-05 0.101836 0.188774 9.9964E-05 9.9964E-05 0.147558 0.0911538 9.9964E-05
0.585982 9.9946E-05 0.282324 0.131094 9.9946E-05 9.9946E-05 9.9946E-05 9.9946E-05 9.9946E-05
0.346219 0.0131494 0.494644 9.9973E-05 0.00700972 9.9973E-05 0.0592278 0.07945 9.9973E-05
0.403295 9.9973E-05 0.11001 0.234309 9.9973E-05 9.9973E-05 0.105169 0.115221 0.0316964
0.234232 9.9955E-05 0.514269 0.112262 9.9955E-05 9.9955E-05 9.9955E-05 0.138737 9.9955E-05
9.9973E-05 0.024188 0.0858986 0.174054 9.9973E-05 0.0645064 0.0888471 0.562206 9.9973E-05
0.0793689 9.9964E-05 0.241456 0.0225541 9.9964E-05 9.9964E-05 0.260649 0.395572 9.9964E-05
9.9982E-05 0.0221992 0.401832 0.0350005 0.0142639 0.081338 0.0385203 0.406646 9.9982E-05
9.9991E-05 0.0267802 0.679896 0.0416026 0.00844525 0.0064628 0.0510443 0.136156 0.0495131
9.9982E-05 0.0153354 0.181149 0.215757 9.9982E-05 0.0679994 0.0311169 0.480851 0.00759129
0.037469 0.069007 0.321055 0.00418137 9.9982E-05 0.234374 0.198901 0.134812 9.9982E-05
0.0384984 0.0618113 0.561192 0.106028 0.0589464 0.0129633 0.033023 0.116088 0.0114499
0.0263278 9.9982E-05 0.513311 0.078348 0.0596882 0.0692845 0.000515716 0.252324 9.9982E-05
9.9982E-05 0.052415 0.445748 0.0348584 9.9982E-05 0.0537776 0.135283 0.17311 0.104609
9.9982E-05 0.026875 0.426166 0.198346 0.0375309 0.0192865 9.9982E-05 0.260523 0.0310728
9.9964E-05 9.9964E-05 0.194856 0.161577 9.9964E-05 0.0671106 0.0398202 0.536237 9.9964E-05
9.9973E-05 9.9973E-05 0.304906 0.0385475 9.9973E-05 0.0660837 0.0915279 0.395278 0.103358
0.0626907 9.9973E-05 0.641041 9.9973E-05 9.9973E-05 0.00218063 0.0932622 0.143362 0.0571638
0.0340423 0.0208072 0.558186 0.0370867 0.0108041 0.0670487 0.070217 0.129895 0.0719125
0.0515836 0.0422436 0.388368 0.0195942 0.0317356 9.9982E-05 0.241015 0.225259 9.9982E-05
0.0115688 9.99641E-05 0.472572 9.99641E-05 9.99641E-05 0.109174 0.16566 0.240625 9.99641E-05
0.0722546 0.0229755 0.336357 0.0591269 0.0962037 0.089999 9.9982E-05 0.322883 9.9982E-05
0.0116011 9.9964E-05 0.598062 0.0189416 9.9964E-05 0.0691279 9.9964E-05 0.301867 9.9964E-05
0.0359393 0.012747 0.481043 0.0638319 9.9991E-05 0.0664993 0.0448935 0.193839 0.101107
9.9991E-05 0.0144939 0.543539 0.0118912 0.109607 0.0744359 0.0956493 0.098529 0.0517548
0.0108141 0.0261647 0.384878 0.0957385 0.271154 0.144245 9.9982E-05 9.9982E-05 0.0668062
0.0483143 0.0359399 0.407245 0.11872 0.0872173 0.228644 0.0364151 9.9991E-05 0.0374047
0.0570492 9.9973E-05 0.508461 0.0665703 9.9973E-05 0.174892 9.9973E-05 0.0129674 0.17976
0.0218507 0.0962834 0.50178 0.0788513 9.9991E-05 0.107044 0.132619 0.0432997 0.018172
9.9982E-05 0.0182826 0.439988 9.9982E-05 0.189396 0.227546 0.0646309 0.0395409 0.0204155
0.169324 9.9964E-05 0.468617 9.9964E-05 9.9964E-05 0.0130941 0.197428 0.151137 9.9964E-05
0.0377797 0.0746942 0.483608 9.9973E-05 0.136269 0.142882 9.9973E-05 0.124466 9.9973E-05
0.399642 9.9964E-05 0.0657401 0.179074 0.229105 0.126039 9.9964E-05 9.9964E-05 9.9964E-05
0.0340264 9.9991E-05 0.494423 0.0467473 0.140357 0.140278 0.0348249 0.0825225 0.0267208
9.9991E-05 0.0595466 0.50796 0.00763448 0.0615147 0.186171 0.0483988 0.106725 0.0219502
9.9973E-05 9.9973E-05 0.445267 9.9973E-05 0.100822 0.176014 0.158688 0.11129 0.00761832
0.106019 0.0418355 0.226868 0.0608397 0.0277136 0.171976 0.1093 0.090597 0.16485
0.105 0.0251108 0.454575 0.0386798 0.146997 0.144661 0.0502571 0.023912 0.010808
0.0572515 0.0818579 0.539423 9.9973E-05 0.145769 0.121672 0.0537273 9.9973E-05 9.9973E-05
0.315795 0.0572242 9.9964E-05 0.0131065 0.383304 0.23017 9.9964E-05 9.9964E-05 9.9964E-05
0.01018 0.0231811 0.407585 9.9973E-05 0.244935 0.193649 9.9973E-05 0.12017 9.9973E-05
0.0173172 0.0159172 0.540615 9.9982E-05 0.136762 0.21846 9.9982E-05 0.0501144 0.0206146
0.0317114 0.0382847 0.626417 0.0216801 0.0284758 0.0992681 0.00583835 9.9991E-05 0.148225
0.0422318 0.01198 0.564614 9.9982E-05 0.227401 0.104124 0.031571 0.0178784 9.9982E-05
0.0709684 9.9982E-05 0.546362 9.9982E-05 0.164286 0.0844041 0.0732831 0.0145078 0.0459886
0.000752623 0.0411645 0.432482 0.0493015 9.9982E-05 0.0228599 0.402108 9.9982E-05 0.0511312
0.0242862 0.0447456 0.437615 0.0932059 9.9982E-05 0.106329 0.198108 9.9982E-05 0.0955099
0.00678364 9.9955E-05 9.9955E-05 0.0823285 9.9955E-05 9.9955E-05 0.832051 0.0783369 9.9955E-05
9.9937E-05 9.9937E-05 9.9937E-05 9.9937E-05 9.9937E-05 9.9937E-05 0.92873 0.0705706 9.9937E-05
9.9982E-05 0.0551373 0.366072 0.0475548 0.0211097 0.090576 0.326963 0.0923872 9.9982E-05
0.0702549 9.9964E-05 0.389728 9.9964E-05 0.170639 0.277571 0.0914078 9.9964E-05 9.9964E-05
9.9973E-05 0.011947 0.303251 9.9973E-05 0.111481 0.280041 0.252857 9.9973E-05 0.0401229
0.204205 9.9982E-05 0.137213 0.00733555 0.196707 0.322236 0.131321 9.9982E-05 0.000782841
9.9982E-05 0.0682279 0.286085 0.006651 0.132623 0.271568 0.228562 0.00608313 9.9982E-05
0.0875036 9.9955E-05 9.9955E-05 9.9955E-05 9.9955E-05 0.139483 0.693456 9.9955E-05 0.0790576
0.0123967 0.0440324 0.116195 9.9973E-05 0.0360067 0.0976842 0.693385 9.9973E-05 9.9973E-05
9.9964E-05 9.9964E-05 0.44385 0.0603511 9.9964E-05 0.089851 0.302095 9.9964E-05 0.103454
9.9955E-05 9.9955E-05 0.357483 9.9955E-05 9.9955E-05 0.0719807 0.447203 9.9955E-05 0.122833
9.9964E-05 0.0576744 0.0900665 9.9964E-05 0.0268251 0.105848 0.719186 9.9964E-05 9.9964E-05
9.9973E-05 0.00335098 0.45503 9.9973E-05 0.0286697 0.125224 0.306805 9.9973E-05 0.0806195
9.9955E-05 9.9955E-05 0.405012 9.9955E-05 9.9955E-05 0.131372 0.389294 9.9955E-05 0.0738228
9.9991E-05 0.00120833 0.336127 0.0981531 0.0601666 0.191313 0.195983 0.038788 0.0781615
0.0294257 9.9964E-05 0.27757 9.9964E-05 0.0360059 9.9964E-05 0.579514 0.0770854 9.9964E-05
9.9982E-05 0.0337838 0.339576 0.0845162 9.9982E-05 0.041444 0.470107 0.00494529 0.0254286
0.0388047 0.00896059 0.540188 0.0576621 0.0512049 9.9991E-05 0.284291 0.0118179 0.00697122
0.0905597 0.0438156 0.371307 0.00360576 0.0222238 9.9991E-05 0.339027 0.0937899 0.0355714
9.9982E-05 0.0350751 0.40325 0.0756319 0.154884 0.0671896 0.260263 9.9982E-05 0.00350642
0.0826774 9.9964E-05 0.422586 9.9964E-05 9.9964E-05 9.9964E-05 0.461856 0.0193199 0.0131611
0.0344754 9.9964E-05 0.205478 9.9964E-05 9.9964E-05 9.9964E-05 0.677078 0.0703053 0.0122635
9.9973E-05 9.9973E-05 0.548921 0.0169153 0.0245847 0.0105941 0.323635 9.9973E-05 0.0750495
9.99549E-05 9.99549E-05 0.190248 0.00335446 9.99549E-05 9.99549E-05 0.750835 0.0550632 9.99549E-05
0.0479702 0.0493123 0.40905 9.9964E-05 0.0126086 9.9964E-05 0.480659 9.9964E-05 9.9964E-05
0.0136567 0.0774119 0.507737 0.0930003 9.9973E-05 9.9973E-05 0.208186 9.9973E-05 0.0997088
9.9964E-05 0.0262582 0.395525 0.1503 0.0106194 9.9964E-05 0.416897 9.9964E-05 9.9964E-05
0.0950984 0.00198399 0.538221 9.9982E-05 0.109614 0.094684 0.0933695 9.9982E-05 0.0668293
9.9982E-05 0.0204791 0.432018 9.9982E-05 0.0954561 0.0905667 0.191528 0.0809562 0.088795
0.231048 0.0167593 0.330949 9.9991E-05 0.163072 0.203292 0.000962384 0.0332081 0.0206095
0.0625831 0.0593033 0.336126 9.9991E-05 0.135784 0.156402 0.130619 0.0547632 0.0643191
0.0522394 9.9982E-05 0.461912 0.0443385 0.0986628 0.122234 9.9982E-05 0.111467 0.108946
0.0153466 0.0231852 0.348064 9.9991E-05 0.0952726 0.208823 0.229309 0.0323854 0.0475141
0.0997714 0.0168729 9.9982E-05 9.9982E-05 0.0557655 0.126175 0.580153 0.0179561 0.103106
9.9973E-05 0.0612393 0.515091 9.9973E-05 0.0159701 0.213314 0.0985781 9.9973E-05 0.0955075
0.110004 9.9964E-05 9.9964E-05 9.9964E-05 0.232088 0.0833678 0.402129 9.9964E-05 0.172012
9.9955E-05 9.9955E-05 0.393774 9.9955E-05 0.115836 0.19149 0.298401 9.9955E-05 9.9955E-05
0.0439809 0.0117683 0.048448 0.173586 9.9964E-05 9.9964E-05 0.721817 9.9964E-05 9.9964E-05
9.9937E-05 9.9937E-05 9.9937E-05 0.0695993 9.9937E-05 9.9937E-05 0.929701 9.9937E-05 9.9937E-05
0.0389555 9.9955E-05 0.428463 0.100781 9.9955E-05 9.9955E-05 0.4313 9.9955E-05 9.9955E-05
9.9955E-05 0.0272937 0.58115 9.9955E-05 9.9955E-05 9.9955E-05 0.388964 9.9955E-05 0.00209189
0.0303606 9.9955E-05 0.392425 0.0696578 9.9955E-05 9.9955E-05 0.507057 9.9955E-05 9.9955E-05
9.9946E-05 9.9946E-05 0.477019 0.134451 9.9946E-05 9.9946E-05 0.38793 9.9946E-05 9.9946E-05
9.9946E-05 9.9946E-05 0.53854 0.00320225 9.9946E-05 9.9946E-05 0.457658 9.9946E-05 9.9946E-05
9.9973E-05 0.0493455 0.0649578 9.9973E-05 0.758697 0.054592 0.0665061 9.9973E-05 0.00560178
9.9973E-05 0.0243083 9.9973E-05 9.9973E-05 0.642068 0.0995729 0.0486493 0.0809452 0.104157
9.9964E-05 0.0132172 9.9964E-05 9.9964E-05 0.830024 0.0681267 9.9964E-05 0.0345421 0.0536905
9.99572E-05 0.128219 0.0522496 9.99572E-05 0.818361 9.99572E-05 0.000671121 9.99572E-05 9.99572E-05
0.00656872 0.0587201 0.385528 0.360803 0.0470715 0.0734658 0.0363556 0.0313876 9.9991E-05
9.9973E-05 0.0225026 0.487356 0.330155 0.0805093 0.0660247 9.9973E-05 0.0131531 9.9973E-05
9.9964E-05 0.0852497 0.385333 0.498894 9.9964E-05 9.9964E-05 0.0243352 0.00578841 9.9964E-05
0.036285 0.0263972 0.61081 0.15238 0.104586 9.9973E-05 9.9973E-05 9.9973E-05 0.0692419
0.118341 9.9991E-05 0.519142 0.051127 0.0297131 0.00285914 0.121644 0.0671244 0.0899491
9.9973E-05 0.000158553 0.198728 0.594191 0.0651683 9.9973E-05 0.0832957 0.0581587 9.9973E-05
9.9964E-05 0.00761956 0.565236 0.356407 9.9964E-05 0.0513613 0.0189762 9.9964E-05 9.9964E-05
0.188358 0.00237019 0.298364 0.473892 9.9964E-05 9.9964E-05 0.036616 9.9964E-05 9.9964E-05
0.0363941 9.9982E-05 0.409805 9.9982E-05 0.174574 0.152376 0.074962 0.0703948 0.0812945
0.0462121 9.9973E-05 0.374534 0.412475 9.9973E-05 0.0264445 0.061651 0.0783831 9.9973E-05
0.0139425 0.018769 0.262975 0.560508 9.9982E-05 9.9982E-05 0.00548446 0.107173 0.0309473
9.9955E-05 9.9955E-05 0.514261 0.388447 9.9955E-05 0.0257322 0.0710598 9.9955E-05 9.9955E-05
9.9964E-05 0.0194933 0.387733 0.366257 9.9964E-05 9.9964E-05 0.113318 0.112799 9.9964E-05
9.9955E-05 0.0231695 0.473769 0.448611 9.9955E-05 0.053951 9.9955E-05 9.9955E-05 9.9955E-05
9.9964E-05 0.0722913 0.558059 0.338219 0.0206194 9.9964E-05 0.0104114 9.9964E-05 9.9964E-05
9.9946E-05 9.9946E-05 0.0736667 0.802577 9.9946E-05 9.9946E-05 0.123157 9.9946E-05 9.9946E-05
0.12466 9.9982E-05 0.268169 0.551548 0.000765509 0.0163925 9.9982E-05 0.00315153 0.0351133
9.9991E-05 0.0118568 0.297639 0.595011 0.00728177 0.0082608 0.0523384 0.0255908 0.00192128
0.125748 9.9946E-05 9.9946E-05 0.839387 9.9946E-05 9.9946E-05 0.0342662 9.9946E-05 9.9946E-05
0.0608636 9.9991E-05 0.389425 0.409028 0.0460921 0.0238016 0.0107206 0.0576634 0.00230571
0.284692 9.9955E-05 0.0643348 0.630488 9.9955E-05 9.9955E-05 0.0199851 9.9955E-05 9.9955E-05
0.162384 9.9946E-05 9.9946E-05 0.717154 9.9946E-05 9.9946E-05 0.119862 9.9946E-05 9.9946E-05
0.0641929 0.0326938 0.625613 0.204158 9.9964E-05 9.9964E-05 0.0729424 9.9964E-05 9.9964E-05
9.9964E-05 9.9964E-05 0.160623 0.670317 9.9964E-05 9.9964E-05 0.0225685 0.0252221 0.12087
0.0737388 9.9973E-05 0.27874 0.497531 9.9973E-05 0.102884 9.9973E-05 0.0339684 0.0128385
0.0468248 0.0273825 0.510852 0.169533 9.9991E-05 0.113962 0.00742527 0.0155426 0.108378
9.9964E-05 9.9964E-05 0.533767 0.323223 0.0130887 9.9964E-05 9.9964E-05 0.0982832 0.0312386
0.176565 0.0233439 0.318202 0.0176304 9.9991E-05 0.0537692 0.137494 0.270718 0.00217821
9.9973E-05 9.9973E-05 0.472192 0.382201 0.0328168 9.9973E-05 0.0330752 0.0536407 0.0257745
9.9982E-05 0.0152569 0.48734 0.350238 0.0187485 0.00341841 9.9982E-05 0.0541391 0.0706595
0.0255098 9.9946E-05 0.303792 0.670098 9.9946E-05 9.9946E-05 9.9946E-05 9.9946E-05 9.9946E-05
0.0290083 0.0602155 0.461042 0.277098 0.0296341 0.00747452 0.0978651 0.00720062 0.0304613
0.0602076 0.0761417 9.9973E-05 9.9973E-05 0.536169 9.9973E-05 0.0186323 0.260651 0.0478983
0.080093 0.0735225 0.0285907 0.0727642 0.708806 9.9973E-05 9.9973E-05 0.0359236 9.9973E-05
0.0392576 0.131125 9.9955E-05 9.9955E-05 0.699836 9.9955E-05 9.9955E-05 0.129281 9.9955E-05
0.108487 0.0680817 9.9955E-05 9.9955E-05 0.722137 9.9955E-05 9.9955E-05 0.100795 9.9955E-05
0.0776482 0.0471766 0.00734819 9.9973E-05 0.690153 9.9973E-05 9.9973E-05 0.175419 0.00195545
9.9964E-05 9.9964E-05 0.0658246 0.743794 0.016518 9.9964E-05 9.9964E-05 0.104133 0.0693299
0.0281166 0.0441716 0.111228 0.658746 0.0411838 9.9982E-05 0.0327776 0.0835764 9.9982E-05
