0.0267622 0.0282581 0.017538 9.9964E-05 9.9964E-05 0.0572586 9.9964E-05 0.869783 9.9964E-05
0.0156095 9.9964E-05 9.9964E-05 0.00700724 9.9964E-05 0.0035645 9.9964E-05 0.920213 0.0532055
0.0298408 0.01182 9.9973E-05 9.9973E-05 0.131003 0.0348557 0.012752 0.779428 9.9973E-05
9.9964E-05 0.0676877 0.0223822 9.9964E-05 0.0872935 0.0505926 9.9964E-05 0.771644 9.9964E-05
9.9964E-05 0.0325361 9.9964E-05 9.9964E-05 0.0506861 0.0761829 9.9964E-05 0.821838 0.018357
9.9955E-05 0.0867222 9.9955E-05 0.332309 9.9955E-05 0.0356873 9.9955E-05 0.544781 9.9955E-05
9.9946E-05 9.9946E-05 0.0212552 0.19189 9.9946E-05 9.9946E-05 9.9946E-05 0.786255 9.9946E-05
9.9955E-05 0.0119506 9.9955E-05 0.220656 9.9955E-05 0.0608162 9.9955E-05 0.706077 9.9955E-05
0.0795985 9.99549E-05 9.99549E-05 9.99549E-05 9.99549E-05 0.0401565 0.0923589 0.787386 9.99549E-05
9.9964E-05 0.110627 9.9964E-05 0.243782 0.00054578 9.9964E-05 9.9964E-05 0.638916 0.00572936
9.9946E-05 9.9946E-05 9.9946E-05 0.271619 9.9946E-05 0.0166588 9.9946E-05 0.711122 9.9946E-05
9.9955E-05 0.0797666 0.730816 0.0927822 0.0961356 9.9955E-05 9.9955E-05 9.9955E-05 9.9955E-05
0.0198552 0.0171342 0.389144 0.0201194 0.553348 9.9964E-05 9.9964E-05 9.9964E-05 9.9964E-05
0.0605848 0.0469195 0.621547 9.9982E-05 0.17565 0.0227325 9.9982E-05 0.0179237 0.0544427
9.9955E-05 0.133954 0.610814 9.9955E-05 0.193354 9.9955E-05 9.9955E-05 0.0613784 9.9955E-05
0.0345338 0.150248 0.318971 0.0286626 0.259584 9.9991E-05 0.0892034 0.102087 0.0166085
9.9973E-05 0.0120238 0.243352 0.0276238 0.57145 9.9973E-05 9.9973E-05 0.100434 0.0448163
9.9973E-05 0.0874316 0.39246 0.102939 0.306816 9.9973E-05 0.0831078 9.9973E-05 0.0269462
9.9955E-05 0.124366 0.559779 9.9955E-05 0.200465 9.9955E-05 9.9955E-05 0.114889 9.9955E-05
9.9964E-05 0.00873432 0.796061 0.0855014 9.9964E-05 0.0473809 9.9964E-05 0.061923 9.9964E-05
0.034642 9.9982E-05 0.37676 9.9982E-05 0.36343 0.0627313 0.0568668 0.0141125 0.0912574
0.115528 0.0482809 0.237269 0.0426522 0.405195 9.9991E-05 0.0645923 0.0154686 0.0709144
9.9982E-05 0.03383 0.375135 0.0528821 0.456497 9.9982E-05 0.0144132 0.0145874 0.0524559
9.9973E-05 0.146975 0.562497 0.135212 0.0772453 9.9973E-05 0.0567869 9.9973E-05 0.0209835
0.0381433 0.0198621 0.00431757 9.9982E-05 0.658892 9.9982E-05 0.171048 0.104502 0.00303514
0.0870562 0.0251272 0.437603 9.9964E-05 0.41228 9.9964E-05 9.9964E-05 0.0375338 9.9964E-05
9.9973E-05 0.0899972 0.811276 0.00543953 0.0328383 9.9973E-05 9.9973E-05 0.0381682 0.0219806
9.9955E-05 0.178968 0.744958 0.0135898 0.0619845 9.9955E-05 9.9955E-05 9.9955E-05 9.9955E-05
0.0301813 9.9964E-05 0.745161 0.0504785 0.139394 9.9964E-05 9.9964E-05 0.0343854 9.9964E-05
9.9955E-05 0.016878 0.0112398 9.9955E-05 0.155911 9.9955E-05 9.9955E-05 0.815471 9.9955E-05
9.9946E-05 9.9946E-05 0.0313319 9.9946E-05 0.153236 9.9946E-05 9.9946E-05 0.814832 9.9946E-05
9.9964E-05 0.0371099 0.0347775 9.9964E-05 0.129151 9.9964E-05 0.0243982 0.774164 9.9964E-05
9.9955E-05 0.0757977 9.9955E-05 9.9955E-05 0.112102 9.9955E-05 0.0956459 0.715955 9.9955E-05
9.9973E-05 9.9973E-05 0.0480165 0.107361 0.492655 0.0208731 0.244466 0.0863288 9.9973E-05
9.9982E-05 0.0234208 0.0854965 0.012748 0.451672 0.0799264 0.214376 0.13216 9.9982E-05
9.9964E-05 9.9964E-05 9.9964E-05 0.0212048 0.589693 0.0379405 0.314704 9.9964E-05 0.0360578
9.9982E-05 0.0307927 0.712097 0.0076173 0.0346759 0.0632989 0.0562375 0.0950802 9.9982E-05
0.0663041 0.0266636 9.9964E-05 9.9964E-05 0.249585 9.9964E-05 0.55988 9.9964E-05 0.0971672
9.9964E-05 9.9964E-05 0.0880678 9.9964E-05 0.539061 0.0765771 0.204941 0.0909537 9.9964E-05
0.0195806 0.0689245 9.9982E-05 0.0592964 0.669081 0.00537994 0.155096 9.9982E-05 0.0224422
9.9973E-05 9.9973E-05 0.0125175 0.31941 0.517738 0.0206006 0.0381501 0.0912829 9.9973E-05
9.9982E-05 0.0546294 0.171986 0.0844717 0.481948 0.00160162 0.105164 0.0999995 9.9982E-05
0.0749801 9.9964E-05 0.309841 9.9964E-05 0.0823998 9.9964E-05 0.527422 0.00495781 9.9964E-05
0.0671687 0.0371891 9.9973E-05 0.308384 0.553757 0.0263831 0.00681885 9.9973E-05 9.9973E-05
9.9973E-05 0.13314 9.9973E-05 0.0537317 0.428474 9.9973E-05 0.28289 0.052741 0.0487242
0.0874458 0.0292422 0.0579238 0.0673282 0.632052 9.9982E-05 9.9982E-05 0.0842655 0.0415425
0.0425807 9.9964E-05 9.9964E-05 9.9964E-05 0.323124 0.00686799 0.611727 0.0153004 9.9964E-05
0.136624 9.9955E-05 9.9955E-05 9.9955E-05 0.565137 0.056751 0.240988 9.9955E-05 9.9955E-05
9.9973E-05 0.0475348 0.0991529 0.102378 0.498572 9.9973E-05 0.07842 0.173643 9.9973E-05
0.269381 9.9946E-05 9.9946E-05 9.9946E-05 9.9946E-05 9.9946E-05 0.65825 9.9946E-05 0.0717694
0.0262335 0.02815 0.499099 0.0778842 0.0345026 0.114017 0.187366 9.9991E-05 0.0326475
0.153763 0.0175185 0.331844 0.213414 0.00114396 0.0468034 0.146498 9.9991E-05 0.0889143
0.0325749 0.00559408 0.182129 9.9991E-05 0.608626 0.0612149 0.0494605 0.0263648 0.0339361
0.0096426 0.0252323 0.123521 0.0690151 0.513755 9.9991E-05 0.00160736 0.155303 0.101824
0.110544 0.0569953 0.167612 0.0227476 0.543991 0.0328989 0.052851 0.0100095 0.0023508
9.9982E-05 9.9982E-05 0.18814 0.0220123 0.0995269 0.257373 0.187388 0.101353 0.144008
0.0917908 9.9973E-05 0.264579 0.00573354 0.512046 0.0848085 9.9973E-05 9.9973E-05 0.0407418
0.027329 0.120494 0.17324 0.174599 0.436458 9.9982E-05 9.9982E-05 0.055579 0.0121009
9.9982E-05 0.0564094 0.282213 0.139536 0.207891 9.9982E-05 0.0935912 0.131919 0.0882405
0.134905 9.9991E-05 0.464704 0.0639924 0.0284415 0.0579603 0.0697931 0.176886 0.00321735
0.121151 0.0139111 0.0753334 9.9991E-05 0.510549 0.0943944 0.0931063 0.000440333 0.0910137
0.105934 9.9982E-05 0.335277 9.9982E-05 0.415216 0.0820048 0.00653956 0.0258031 0.0290249
0.0291711 9.9973E-05 0.741172 0.0356415 9.9973E-05 0.0564369 0.0741244 0.0631539 9.9973E-05
0.112141 9.9955E-05 0.415155 9.9955E-05 0.466275 0.00592884 9.9955E-05 9.9955E-05 9.9955E-05
0.119133 9.9973E-05 0.0949944 0.0220686 0.584421 9.9973E-05 0.0799765 9.9973E-05 0.0991068
9.999E-05 0.0984719 0.144571 0.0383615 0.455742 0.0456171 0.0735509 0.0965667 0.0470192
0.0550852 9.9973E-05 0.356088 9.9973E-05 0.267535 9.9973E-05 0.164156 0.0642427 0.0925939
0.0819373 0.0462989 0.318972 9.9982E-05 0.387983 0.0243274 0.0832501 9.9982E-05 0.0570306
0.0603424 0.000590863 0.134025 9.9982E-05 0.506457 0.188777 9.9982E-05 0.00300933 0.106599
0.0033119 9.9982E-05 0.655573 0.0298428 0.120998 9.9982E-05 0.0201532 0.0723345 0.0975863
9.9964E-05 9.9964E-05 0.0432454 0.0113419 0.505213 0.0480434 0.391757 9.9964E-05 9.9964E-05
9.9964E-05 0.00969844 0.210117 9.9964E-05 0.16107 9.9964E-05 0.607647 0.0110673 9.9964E-05
0.0515864 0.0243423 0.0740953 9.9991E-05 0.498515 0.0645042 0.209305 0.0696499 0.00790219
0.0889231 9.9955E-05 9.9955E-05 0.0511308 9.9955E-05 9.9955E-05 0.838665 9.9955E-05 0.0207809
9.9955E-05 9.9955E-05 0.115612 9.9955E-05 9.9955E-05 9.9955E-05 0.716115 0.0200851 0.147688
0.0178529 9.9946E-05 9.9946E-05 9.9946E-05 0.279198 9.9946E-05 0.702349 9.9946E-05 9.9946E-05
9.9964E-05 9.9964E-05 9.9964E-05 0.0423021 0.407917 0.0615343 0.461911 0.0259357 9.9964E-05
0.0122209 0.133599 0.0461453 0.0712984 0.529713 9.9982E-05 0.136722 0.0701005 9.9982E-05
0.0162731 0.0208246 0.0396957 0.0326818 0.378766 0.0711508 0.440408 9.9982E-05 9.9982E-05
9.9973E-05 0.0887191 0.0854807 9.9973E-05 0.127158 0.131078 0.56298 0.0042839 9.9973E-05
9.9973E-05 0.0226359 0.0366356 9.9973E-05 0.228949 0.246923 0.422571 0.0419861 9.9973E-05
0.0010581 0.164753 9.9982E-05 0.00901872 0.374279 0.108127 0.305007 0.0375564 9.9982E-05
9.9964E-05 0.0606896 0.147607 9.9964E-05 0.207272 9.9964E-05 0.578292 0.00573925 9.9964E-05
9.9982E-05 9.9982E-05 0.116797 0.0321746 0.365121 0.0241033 0.364775 0.0575143 0.0393153
0.0229856 9.9955E-05 9.9955E-05 9.9955E-05 0.354728 9.9955E-05 0.521822 9.9955E-05 0.0999645
0.152303 9.9964E-05 0.0153471 9.9964E-05 9.9964E-05 0.00896328 0.730611 9.9964E-05 0.0923753
0.0608302 9.9982E-05 0.0132491 0.00982475 0.564943 0.0497107 0.245219 0.0560232 9.9982E-05
9.9964E-05 0.0156172 0.0797667 9.9964E-05 0.0897519 9.9964E-05 9.9964E-05 0.786772 0.0276928
9.99371E-05 9.99371E-05 9.99371E-05 9.99371E-05 0.0900728 9.99371E-05 9.99371E-05 0.909228 9.99371E-05
9.9946E-05 0.0351675 9.9946E-05 9.9946E-05 0.118746 9.9946E-05 9.9946E-05 0.845487 9.9946E-05
0.0765346 9.9946E-05 9.9946E-05 9.9946E-05 0.0809115 9.9946E-05 9.9946E-05 0.841954 9.9946E-05
0.0288069 9.9955E-05 9.9955E-05 9.9955E-05 0.122036 9.9955E-05 9.9955E-05 0.844543 0.00411477
0.0827916 0.0174261 9.9982E-05 0.00681283 0.059762 0.0116888 9.9982E-05 0.812809 0.00850989
9.99371E-05 9.99371E-05 9.99371E-05 9.99371E-05 0.103873 9.99371E-05 9.99371E-05 0.895428 9.99371E-05
9.9991E-05 0.0302623 0.0154404 0.0675422 0.418603 0.0890217 0.229296 0.121211 0.0285246
9.9991E-05 0.0865135 0.032421 0.0379951 0.549251 0.0599799 0.111934 0.0833356 0.0384698
0.0112438 9.9964E-05 0.196723 9.9964E-05 9.9964E-05 9.9964E-05 0.751798 0.0296481 0.0101872
9.9991E-05 0.0299596 0.0833145 0.119031 0.502813 0.0279897 0.0776298 0.148739 0.0104232
9.9964E-05 9.9964E-05 0.210985 0.0792542 0.408856 9.9964E-05 0.257853 0.042651 9.9964E-05
9.9964E-05 9.9964E-05 9.9964E-05 9.9964E-05 0.605774 0.0294509 0.245299 0.0574017 0.0616748
9.9964E-05 0.0400149 9.9964E-05 0.0527383 0.460474 9.9964E-05 0.215566 9.9964E-05 0.230807
9.9955E-05 0.0469278 9.9955E-05 9.9955E-05 0.459777 9.9955E-05 0.43228 0.0605148 9.9955E-05
9.9955E-05 9.9955E-05 0.183509 9.9955E-05 9.9955E-05 0.0537968 0.680818 0.0813766 9.9955E-05
0.00165814 0.0229454 0.219132 0.0656316 0.459998 0.0233373 0.0239719 0.0915167 0.0918086
9.9964E-05 9.9964E-05 9.9964E-05 0.0834439 0.630831 0.057129 0.129581 0.0986145 9.9964E-05
0.0404733 0.0677517 9.9973E-05 0.150274 0.519193 0.0672576 0.154751 9.9973E-05 9.9973E-05
0.0925841 0.011909 9.9964E-05 0.0537611 0.281332 9.9964E-05 0.560014 9.9964E-05 9.9964E-05
0.0272665 9.9973E-05 9.9973E-05 0.074184 0.527196 0.00216203 0.304588 9.9973E-05 0.0643028
9.9982E-05 0.000470511 0.153805 0.00466139 0.447563 0.0285911 0.330877 0.0338325 9.9982E-05
9.9946E-05 0.138759 9.9946E-05 9.9946E-05 0.216141 9.9946E-05 0.6445 9.9946E-05 9.9946E-05
9.9955E-05 9.9955E-05 9.9955E-05 9.9955E-05 0.394767 0.109532 0.408534 0.0866677 9.9955E-05
9.9982E-05 0.00440664 0.182734 0.0263512 0.432502 9.9982E-05 0.197705 0.136887 0.0192133
0.140377 9.9973E-05 0.38304 9.9973E-05 0.224539 0.0839602 0.0453936 9.9973E-05 0.122391
0.0666203 0.0401235 0.229501 0.00948742 0.40548 0.152555 9.9982E-05 0.096034 9.9982E-05
9.9973E-05 9.9973E-05 0.167114 0.0486495 0.465037 0.132926 9.9973E-05 0.135202 0.0507717
9.9991E-05 0.0616027 0.0730858 0.0923828 0.460716 0.0131966 0.0802883 0.107273 0.111354
0.00494128 9.9964E-05 0.425081 9.9964E-05 0.432449 0.0592359 9.9964E-05 0.0778935 9.9964E-05
0.0190435 0.060022 0.330862 9.9973E-05 0.492759 0.0962297 0.000784699 9.9973E-05 9.9973E-05
0.0191996 9.9973E-05 0.236417 9.9973E-05 0.452638 0.215116 9.9973E-05 0.00672941 0.0695988
0.0793735 0.0137222 9.9982E-05 9.9982E-05 0.517143 0.189144 0.14626 0.016762 0.0373959
0.0877149 0.0736869 0.0346925 0.0834834 0.552281 0.132741 0.00600098 0.0292997 9.9991E-05
9.9982E-05 9.9982E-05 0.282996 0.0225567 0.567593 0.0331519 0.00846 0.0454584 0.0395842
9.9955E-05 9.9955E-05 0.25272 9.9955E-05 0.436439 0.234069 0.0762719 9.9955E-05 9.9955E-05
0.00213614 0.011126 0.000303644 0.123752 0.600669 0.117059 0.00941587 0.0651647 0.070373
0.0897188 0.0637375 0.08951 9.9991E-05 0.465092 0.0148203 0.0469685 0.0899936 0.14006
9.9982E-05 0.0740654 0.254368 9.9982E-05 0.451777 0.072268 0.0118694 0.00939832 0.126054
0.107368 9.9964E-05 0.0454026 0.106837 0.587841 0.15215 9.9964E-05 9.9964E-05 9.9964E-05
0.104556 0.0389174 0.10705 9.9982E-05 0.585503 0.129737 0.0298391 9.9982E-05 0.0041983
0.0654257 9.9982E-05 0.247505 0.0951149 0.350955 0.0695805 9.9982E-05 0.0675396 0.103679
0.0503546 9.9964E-05 0.235291 9.9964E-05 0.660376 0.0377741 0.0158047 9.9964E-05 9.9964E-05
0.0817936 9.9973E-05 0.0313376 9.9973E-05 0.72228 0.0502547 0.0479208 9.9973E-05 0.0661132
9.9982E-05 0.0810045 0.400723 9.9982E-05 0.211963 0.142783 0.07213 0.040468 0.0507282
0.134583 9.9973E-05 0.403544 0.220552 0.129134 0.0326348 9.9973E-05 9.9973E-05 0.0792511
0.0243367 0.0451114 0.161475 0.125592 0.472066 0.0757879 0.00698858 0.00234677 0.0862957
0.14643 9.9982E-05 0.217259 0.0479175 0.115555 0.107056 0.117114 9.9982E-05 0.24847
9.9982E-05 9.9982E-05 0.500615 0.0148093 0.200476 0.0682879 0.0710125 0.0332463 0.111353
9.9982E-05 9.9982E-05 0.363088 0.037954 0.355361 0.0913168 0.0925534 0.0265319 0.0329955
9.9982E-05 9.9982E-05 0.459985 0.00331646 0.23984 0.03833 0.134043 0.108941 0.0153444
9.9982E-05 0.0301268 0.529211 0.108317 0.216124 0.076161 0.00614534 9.9982E-05 0.0337152
0.0234847 9.9991E-05 0.191154 0.0658219 0.590199 0.0120962 0.0385656 0.0751631 0.0034156
0.0159727 9.9982E-05 0.0436515 0.0735704 0.556454 0.14116 0.0696842 0.0993076 9.9982E-05
9.9973E-05 9.9973E-05 0.311033 0.0112181 0.455874 0.0446023 0.083379 0.093594 9.9973E-05
0.244976 9.9982E-05 0.404046 0.0189086 0.13015 0.0482073 0.0885994 9.9982E-05 0.0649126
0.0162055 9.9982E-05 9.9982E-05 0.170091 0.511171 0.0876695 0.027505 0.0942017 0.0929558
0.0973802 0.033647 0.163745 0.128858 0.445321 9.9991E-05 0.0423196 0.0273425 0.0612871
0.253723 9.9982E-05 0.0490146 0.191216 9.9982E-05 0.124487 0.158118 0.0366615 0.18658
0.0846175 9.9982E-05 0.0483337 9.9982E-05 0.644488 0.0064067 0.0871584 0.0957696 0.0330258
0.244197 9.9973E-05 9.9973E-05 0.024225 0.387972 0.082203 0.158844 9.9973E-05 0.102259
0.262962 9.9982E-05 0.0996398 0.0200072 0.494096 0.0217225 0.101229 9.9982E-05 0.000143932
0.172489 9.9991E-05 0.12954 0.277669 0.215621 0.095617 0.0581981 0.0312871 0.0194782
0.0298423 9.9991E-05 0.128887 0.432521 0.0947325 0.0687926 0.0168853 0.0599978 0.168242
0.0899594 9.9982E-05 9.9982E-05 0.0387272 0.390645 0.160238 0.0663798 0.0175751 0.236275
0.155378 0.00468817 0.0585418 0.169818 0.403011 9.9982E-05 9.9982E-05 0.117288 0.0910749
9.9991E-05 0.025506 0.13255 0.0922199 0.411963 0.0528192 0.0239072 0.142004 0.118931
0.199319 0.106223 0.222807 0.210242 9.9982E-05 9.9982E-05 0.208144 0.00261616 0.0504492
0.0714568 0.0169899 0.0668979 0.131653 0.473239 0.0252135 0.0577101 0.0300816 0.126758
0.00188232 9.9973E-05 0.179951 0.339009 0.255126 9.9973E-05 0.195324 9.9973E-05 0.0284082
0.0295851 9.9982E-05 0.0989136 0.212108 0.340009 0.0546028 0.0915727 9.9982E-05 0.173009
0.115157 9.9973E-05 9.9973E-05 0.0370472 0.608723 0.114213 0.0743229 9.9973E-05 0.0502372
0.161624 0.230099 0.0303339 0.203202 0.1263 9.9973E-05 9.9973E-05 0.248141 9.9973E-05
0.514583 0.0742094 9.9964E-05 0.0309053 9.9964E-05 0.0241339 9.9964E-05 0.355769 9.9964E-05
0.540177 0.0955554 9.9964E-05 0.0670845 9.9964E-05 9.9964E-05 9.9964E-05 0.280567 0.0162165
0.273522 0.290739 0.02394 0.0261293 0.0803645 0.0553583 9.9982E-05 0.249747 9.9982E-05
9.9964E-05 0.0136087 9.9964E-05 0.323889 0.533675 9.9964E-05 0.0109276 9.9964E-05 0.117501
9.9973E-05 9.9973E-05 0.0733752 0.100826 0.593603 0.0802934 9.9973E-05 0.0403468 0.111256
9.9964E-05 0.64044 0.0117218 9.9964E-05 0.309264 9.9964E-05 0.0260747 9.9964E-05 0.0120992
9.9964E-05 0.415651 0.0482785 9.9964E-05 0.394136 0.0735805 0.0679536 9.9964E-05 9.9964E-05
0.0412188 0.522469 0.0688021 0.0035533 0.194778 0.0276613 0.0823974 0.0198658 0.0392542
0.0538538 9.9973E-05 0.00808914 0.477739 0.247883 9.9973E-05 0.0805169 9.9973E-05 0.131618
0.0774933 0.0127411 0.0405903 0.0551321 0.52955 0.0561189 0.0539999 0.0462804 0.128094
0.0295734 0.00900221 0.112691 0.538027 0.0490828 9.9982E-05 0.030612 9.9982E-05 0.230812
9.9955E-05 9.9955E-05 9.9955E-05 0.23 0.545452 9.9955E-05 0.122313 9.9955E-05 0.101735
9.9964E-05 9.9964E-05 0.156462 0.198335 0.379777 9.9964E-05 0.0799899 9.9964E-05 0.185036
0.0825086 0.0062287 9.9982E-05 0.191251 0.499513 0.0347387 0.0712876 9.9982E-05 0.114273
0.120061 9.9982E-05 0.0992193 0.403363 0.113683 0.0122684 0.0866976 9.9982E-05 0.164508
9.9982E-05 0.0153581 9.9982E-05 0.140468 0.592626 0.0239603 0.115499 0.108037 0.0038518
0.0178748 0.0780076 0.0130321 0.267446 0.519139 9.9991E-05 0.0134954 0.0578547 0.0330501
9.9946E-05 0.960966 9.9946E-05 9.9946E-05 9.9946E-05 9.9946E-05 9.9946E-05 0.00323433 0.0352004
9.9955E-05 0.916917 9.9955E-05 0.0195532 0.0200299 9.9955E-05 9.9955E-05 9.9955E-05 0.0430003
9.9964E-05 0.54897 0.0159186 0.077091 0.300815 9.9964E-05 9.9964E-05 0.0568055 9.9964E-05
9.9955E-05 0.584049 9.9955E-05 9.9955E-05 0.275198 0.0924367 9.9955E-05 9.9955E-05 0.0478159
0.00262327 0.830044 0.0245215 0.0409247 0.0273839 0.0287715 0.0455312 9.9982E-05 9.9982E-05
9.993E-05 0.999201 9.993E-05 9.993E-05 9.993E-05 9.993E-05 9.993E-05 9.993E-05 9.993E-05
9.9937E-05 0.961236 9.9937E-05 9.9937E-05 9.9937E-05 0.0380644 9.9937E-05 9.9937E-05 9.9937E-05
9.9937E-05 0.870284 9.9937E-05 9.9937E-05 0.129017 9.9937E-05 9.9937E-05 9.9937E-05 9.9937E-05
9.9955E-05 0.972179 0.0162691 9.9955E-05 9.9955E-05 0.000716394 0.0103353 9.9955E-05 9.9955E-05
9.993E-05 0.999201 9.993E-05 9.993E-05 9.993E-05 9.993E-05 9.993E-05 9.993E-05 9.993E-05
9.993E-05 0.999201 9.993E-05 9.993E-05 9.993E-05 9.993E-05 9.993E-05 9.993E-05 9.993E-05
9.9973E-05 0.774478 0.0113684 0.0556043 0.0875768 9.9973E-05 9.9973E-05 0.0354815 0.035191
9.9964E-05 0.814386 9.9964E-05 9.9964E-05 0.0653176 0.0704513 0.0252688 0.024176 9.9964E-05
9.9946E-05 0.981566 9.9946E-05 0.00285911 9.9946E-05 9.9946E-05 0.014975 9.9946E-05 9.9946E-05
9.9973E-05 0.379822 0.0885377 0.152087 0.256931 0.0204224 9.9973E-05 0.1019 9.9973E-05
9.9955E-05 0.601145 9.9955E-05 9.9955E-05 0.213849 0.0720338 0.112472 9.9955E-05 9.9955E-05
0.0283731 0.722479 0.0445613 9.9955E-05 0.204087 9.9955E-05 9.9955E-05 9.9955E-05 9.9955E-05
9.9964E-05 0.877427 0.0281419 9.9964E-05 0.0512644 9.9964E-05 0.0301362 0.0126305 9.9964E-05
0.033495 0.93552 9.9955E-05 9.9955E-05 0.0286972 0.00178825 9.9955E-05 9.9955E-05 9.9955E-05
9.9955E-05 0.888947 0.0422155 9.9955E-05 0.0620165 9.9955E-05 9.9955E-05 0.00632155 9.9955E-05
9.9937E-05 0.993573 9.9937E-05 9.9937E-05 9.9937E-05 0.00572741 9.9937E-05 9.9937E-05 9.9937E-05
9.9982E-05 0.614781 0.0659857 0.0121993 0.226111 0.0223691 0.0239469 0.0344067 9.9982E-05
9.9946E-05 0.930794 0.0377425 0.0308641 9.9946E-05 9.9946E-05 9.9946E-05 9.9946E-05 9.9946E-05
0.279024 9.9955E-05 9.9955E-05 0.394058 9.9955E-05 9.9955E-05 9.9955E-05 0.207026 0.119392
0.144154 0.0531187 9.9991E-05 0.178302 0.418465 0.0856655 0.0118523 0.107245 0.00109749
0.144415 0.088296 9.9982E-05 0.199522 0.361216 0.067199 0.00801209 0.131139 9.9982E-05
0.259 0.0499201 9.9991E-05 0.286071 0.167464 0.0493665 0.0205441 0.138302 0.0292313
0.137664 0.102818 0.0315542 0.111823 0.436556 0.0263884 9.9991E-05 0.0612935 0.0918032
0.184374 0.121282 0.0229444 0.332548 0.0873908 9.9991E-05 0.0810187 0.157366 0.0129768
0.0251113 0.105804 0.136596 0.133108 0.361196 0.0150801 9.9991E-05 0.162458 0.0605453
0.0851003 0.216446 9.9973E-05 0.439927 0.168772 9.9973E-05 0.0434249 0.0460299 9.9973E-05
0.159026 0.0886207 9.9973E-05 0.188566 0.46855 9.9973E-05 9.9973E-05 0.0574835 0.0374545
0.125371 0.20016 9.9982E-05 0.307714 0.235492 0.0305818 9.9982E-05 0.0586679 0.0418128
0.0433939 0.091771 0.0108146 0.213477 0.431644 0.0167216 0.0148676 0.138372 0.038938
0.0211098 9.9973E-05 9.9973E-05 0.0560821 0.00621515 0.0510346 9.9973E-05 0.822321 0.042937
0.0276054 0.0433026 9.9955E-05 9.9955E-05 9.9955E-05 9.9955E-05 9.9955E-05 0.870714 0.0578786
0.0815098 9.9964E-05 0.0162414 9.9964E-05 0.0282131 0.00629991 9.9964E-05 0.867336 9.9964E-05
9.9955E-05 9.9955E-05 9.9955E-05 0.0086689 0.0567388 0.023059 9.9955E-05 0.911033 9.9955E-05
0.0455294 0.00191678 0.073713 0.00493835 0.0480352 0.0132495 9.9982E-05 0.812418 9.9982E-05
0.0955453 0.043761 9.9955E-05 9.9955E-05 9.9955E-05 9.9955E-05 9.9955E-05 0.828039 0.032155
9.9946E-05 0.0951647 9.9946E-05 9.9946E-05 9.9946E-05 9.9946E-05 0.04732 0.856916 9.9946E-05
0.0537884 0.00693936 9.9973E-05 9.9973E-05 0.0263022 9.9973E-05 0.0134576 0.825278 0.0739344
0.0461512 9.9964E-05 0.0111946 9.9964E-05 0.0481415 9.9964E-05 0.0219821 0.872131 9.9964E-05
0.102374 0.0316065 9.9955E-05 9.9955E-05 0.0613218 9.9955E-05 9.9955E-05 0.804198 9.9955E-05
9.9964E-05 9.9964E-05 0.164306 9.9964E-05 9.9964E-05 0.0708049 0.13343 0.605428 0.0256309
0.0410292 9.9973E-05 0.138539 9.9973E-05 9.9973E-05 0.150248 0.0814167 0.58622 0.00224734
0.074454 9.9964E-05 0.297833 9.9964E-05 9.9964E-05 0.0877486 0.0253955 0.514169 9.9964E-05
9.9973E-05 9.9973E-05 0.317605 0.0954726 9.9973E-05 0.0479116 0.0263672 0.502461 0.00988185
0.0354357 9.9973E-05 0.20617 9.9973E-05 0.362692 0.00413847 0.34438 0.0468838 9.9973E-05
0.00872096 9.9973E-05 0.120405 9.9973E-05 0.537954 0.0554551 0.220418 9.9973E-05 0.056748
0.0654013 9.9982E-05 0.0850009 9.9982E-05 0.505844 0.102819 0.136394 0.0145657 0.0897762
0.0781811 9.9964E-05 0.320836 9.9964E-05 0.330493 0.0807291 0.189361 9.9964E-05 9.9964E-05
9.9973E-05 0.000604673 0.522572 0.0667253 0.0768763 0.232862 0.100059 9.9973E-05 9.9973E-05
9.9991E-05 0.04065 0.0119426 0.00188585 0.595417 0.00879302 0.213792 0.079151 0.0482692
0.0781428 9.9964E-05 0.0583797 9.9964E-05 0.535517 0.0231902 0.304371 9.9964E-05 9.9964E-05
0.0146269 9.9982E-05 0.0361424 0.0861006 0.48257 0.0518111 0.322223 9.9982E-05 0.00632576
9.9955E-05 9.9955E-05 9.9955E-05 0.0634393 0.365911 9.9955E-05 0.500789 9.9955E-05 0.0693607
0.00868562 9.9973E-05 0.0621918 0.0783207 0.640157 0.0955369 0.114808 9.9973E-05 9.9973E-05
9.9973E-05 9.9973E-05 0.130368 9.9973E-05 0.392917 0.0446675 0.354246 0.0113107 0.0661915
9.9955E-05 9.9955E-05 0.103438 9.9955E-05 9.9955E-05 0.0110223 0.687517 9.9955E-05 0.197522
0.106129 0.0304156 0.0104301 9.99902E-05 0.532881 0.126057 0.0717035 0.0879756 0.0343081
0.139054 9.9973E-05 9.9973E-05 0.108829 0.233123 0.0102589 0.465051 9.9973E-05 0.043384
0.0283316 9.9955E-05 9.9955E-05 9.9955E-05 0.494473 9.9955E-05 0.405074 9.9955E-05 0.0716223
9.9973E-05 9.9973E-05 0.137319 9.9973E-05 0.0661786 0.0410677 0.677037 0.076061 0.00203667
0.00762773 9.9973E-05 9.9973E-05 0.100751 0.00483341 0.844778 0.000300431 0.0414098 9.9973E-05
0.080464 0.0131373 9.9973E-05 0.0451042 0.0627904 0.795934 9.9973E-05 0.00227001 9.9973E-05
9.9946E-05 9.9946E-05 9.9946E-05 0.0422809 9.9946E-05 0.926768 9.9946E-05 9.9946E-05 0.0303509
9.9955E-05 9.9955E-05 9.9955E-05 0.0905443 9.9955E-05 0.779948 0.0594658 0.0695417 9.9955E-05
9.9955E-05 0.0311764 9.9955E-05 0.0981629 0.0856927 0.784468 9.9955E-05 9.9955E-05 9.9955E-05
0.0285473 0.00701665 9.9964E-05 9.9964E-05 0.116617 0.845241 9.9964E-05 0.00217875 9.9964E-05
0.0221993 9.9955E-05 9.9955E-05 9.9955E-05 0.113876 9.9955E-05 0.0152711 0.848154 9.9955E-05
0.0208036 9.99551E-05 0.0228593 9.99551E-05 0.12777 9.99551E-05 9.99551E-05 0.828067 9.99551E-05
9.9964E-05 0.0837842 0.00239654 0.0778422 0.0831998 9.9964E-05 9.9964E-05 0.752377 9.9964E-05
0.0558461 0.0755613 0.0382373 9.9973E-05 0.0643993 0.0312162 9.9973E-05 0.73444 9.9973E-05
0.00261685 0.0681217 0.00139205 0.0610299 0.07361 0.00800936 9.9982E-05 0.78502 9.9982E-05
0.00618878 9.9964E-05 0.0627776 9.9964E-05 9.9964E-05 0.485771 0.0873756 0.357487 9.9964E-05
0.0979166 9.9982E-05 0.0159947 0.0478461 9.9982E-05 0.341917 0.0957827 0.379639 0.020704
9.9964E-05 9.9964E-05 0.000817181 9.9964E-05 9.9964E-05 0.421119 0.0423231 0.407923 0.127418
9.9946E-05 9.9946E-05 0.0799008 9.9946E-05 0.137755 9.9946E-05 9.9946E-05 0.781744 9.9946E-05
0.0258817 9.9964E-05 9.9964E-05 9.9964E-05 9.9964E-05 0.519301 0.100963 0.309965 0.043489
0.28621 0.281183 9.9964E-05 9.9964E-05 0.301836 0.0325085 9.9964E-05 0.0978624 9.9964E-05
0.0165133 0.175663 0.0694919 0.0303636 0.567242 9.9991E-05 0.00210088 0.106373 0.0321514
9.9946E-05 0.24962 9.9946E-05 9.9946E-05 0.553525 9.9946E-05 9.9946E-05 0.196255 9.9946E-05
0.221912 0.13297 9.9982E-05 0.0146474 0.449185 0.0348936 0.0113842 0.134808 9.9982E-05
0.0412013 0.0896472 9.9982E-05 9.9982E-05 0.534367 0.126731 0.0304291 0.149301 0.0281232
0.368818 0.267975 9.9955E-05 0.0704594 9.9955E-05 9.9955E-05 9.9955E-05 0.292248 9.9955E-05
9.9973E-05 0.00382308 0.364216 0.112487 0.365101 0.1086 0.0454742 9.9973E-05 9.9973E-05
0.138403 9.9982E-05 0.14516 0.0600724 0.286162 0.0989857 0.0804251 9.9982E-05 0.190592
9.9964E-05 9.9964E-05 0.665998 9.9964E-05 0.179457 0.0492816 9.9964E-05 0.0775133 0.0273503
0.0296066 0.00633285 0.124148 0.0466604 0.402964 0.101441 0.0763121 9.9991E-05 0.212436
0.281741 9.9973E-05 0.123425 0.00426822 9.9973E-05 0.0566323 0.215636 9.9973E-05 0.317998
9.9973E-05 9.9973E-05 0.212196 0.107044 0.480291 0.0300696 9.9973E-05 0.129428 0.0406714
0.0703297 9.9982E-05 0.160644 0.00971749 0.504643 0.110898 0.0317071 9.9982E-05 0.11186
9.9973E-05 9.9973E-05 0.551642 9.9973E-05 0.268944 0.0251896 0.0592157 0.0809198 0.013789
0.0711057 0.0575973 0.0147174 0.0634179 0.478547 9.9991E-05 0.152016 0.0480357 0.114463
0.202599 9.9973E-05 0.476344 0.10775 0.00485562 9.9973E-05 0.116849 9.9973E-05 0.091303
0.118652 9.9982E-05 0.102645 0.0250008 0.453707 0.122264 0.0475426 9.9982E-05 0.129988
0.0531609 9.9991E-05 0.146831 0.0642186 0.487968 0.138214 0.0927178 0.013146 0.0036444
0.0915338 0.0957934 0.0573964 0.102848 0.371913 9.9982E-05 0.138299 0.142016 9.9982E-05
0.0518237 9.9973E-05 0.304202 0.00944786 0.315329 0.104562 9.9973E-05 9.9973E-05 0.214336
0.00116586 9.9982E-05 0.313234 9.9982E-05 0.401569 0.0829253 0.109014 0.0344723 0.0574189
9.9973E-05 0.0526454 0.259531 0.13352 0.435713 9.9973E-05 0.0769658 9.9973E-05 0.0413249
0.0155663 9.9991E-05 0.222679 0.13264 0.387465 0.071601 0.0783223 0.0191049 0.0725212
0.024907 0.0776752 0.00836436 9.9973E-05 0.633323 0.101975 0.153455 9.9973E-05 9.9973E-05
0.0463171 0.0587375 0.160024 9.9982E-05 0.507543 9.9982E-05 0.0654656 0.0121916 0.149522
0.0984406 9.9964E-05 9.9964E-05 9.9964E-05 0.57727 0.159896 0.0952984 0.0686952 9.9964E-05
0.029409 0.114697 9.9964E-05 0.0170754 0.110378 9.9964E-05 9.9964E-05 0.728041 9.9964E-05
9.9964E-05 0.0805556 9.9964E-05 0.0468056 0.0774115 9.9964E-05 0.0252605 0.769567 9.9964E-05
0.028526 0.00891887 9.9982E-05 0.0616066 0.0500834 0.0713481 9.9982E-05 0.751757 0.0275602
9.9973E-05 0.0358797 9.9973E-05 9.9973E-05 0.0473539 0.0663053 0.0525384 0.774963 0.0226594
9.9955E-05 0.0560284 9.9955E-05 0.0334486 0.100411 9.9955E-05 9.9955E-05 0.809613 9.9955E-05
0.106113 9.9964E-05 0.640923 9.9964E-05 0.129346 0.109865 9.9964E-05 0.0133532 9.9964E-05
0.0710282 9.9982E-05 0.103709 9.9982E-05 0.539748 0.0351808 0.102624 0.0268607 0.120649
0.141131 0.130124 0.0565798 0.045824 0.467201 9.9982E-05 9.9982E-05 0.104768 0.0541721
0.0174 9.9991E-05 0.140781 0.0375997 0.664708 0.0605446 0.00703327 0.0191253 0.0527082
9.9973E-05 9.9973E-05 0.277314 9.9973E-05 0.471808 0.126059 0.0157238 0.0705564 0.0382393
0.202484 9.9964E-05 0.368626 9.9964E-05 0.232902 0.0511359 9.9964E-05 9.9964E-05 0.144452
0.137582 9.9964E-05 0.633077 9.9964E-05 9.9964E-05 0.131676 0.00845709 0.0888085 9.9964E-05
9.9982E-05 0.018909 0.297313 0.00168529 0.467637 0.132453 0.000764976 0.0810374 9.9982E-05
0.0238173 0.0522715 0.505529 0.0374113 0.0401965 0.173105 9.9991E-05 0.0599082 0.107662
0.0357271 0.0754929 0.0764584 0.117903 0.353976 0.1125 0.077734 0.0501141 0.100095
0.00284268 9.9982E-05 0.566515 9.9982E-05 0.0280597 0.109521 0.0186772 0.170583 0.103601
0.0217747 0.0471956 0.194122 0.0406287 0.554037 0.0102493 9.9991E-05 0.113033 0.0188602
9.9982E-05 0.0194747 0.598322 9.9982E-05 0.0807631 0.0894576 0.0361687 0.0869372 0.0886764
0.0722025 0.0379493 0.339074 0.0352344 0.288116 0.00264216 9.9991E-05 0.0581278 0.166554
9.9973E-05 0.0544927 0.0309198 0.26696 0.477091 0.110688 0.0595486 9.9973E-05 9.9973E-05
9.9982E-05 0.0151583 0.0441037 0.504785 0.11728 0.0961774 9.9982E-05 0.00673805 0.215558
0.0416945 0.0582328 0.0862377 0.363367 0.42943 0.00168008 9.9991E-05 0.0086803 0.0105775
0.0364996 9.9982E-05 0.0258231 0.225143 0.496729 0.0654459 9.9982E-05 0.0649096 0.0852496
0.0210975 9.9982E-05 0.0806787 0.524611 0.247385 0.0523503 0.00506681 9.9982E-05 0.0686115
9.9982E-05 0.0443646 0.164213 0.249585 0.360978 0.0319767 0.0688461 0.0798358 9.9982E-05
0.0427232 9.9982E-05 0.0100417 0.17881 0.527591 0.0292312 0.0289009 9.9982E-05 0.182502
0.0171638 9.9964E-05 9.9964E-05 0.595084 9.9964E-05 0.0822537 0.138439 9.9964E-05 0.166659
0.0799213 9.9973E-05 9.9973E-05 0.563356 0.120585 0.0412452 0.106138 9.9973E-05 0.0884543
0.059606 9.9973E-05 9.9973E-05 0.390538 0.4136 0.0603281 0.0453494 9.9973E-05 0.030278
0.0748025 9.9973E-05 0.0555109 0.556912 0.0654496 9.9973E-05 0.140988 9.9973E-05 0.106037
0.0252598 9.9964E-05 0.142714 0.404552 0.382198 9.9964E-05 0.0448761 9.9964E-05 9.9964E-05
0.0306061 0.0507231 0.623325 0.00930774 0.0469423 0.123115 0.0863203 0.0295608 9.9991E-05
0.10212 9.9973E-05 0.273565 9.9973E-05 0.195269 0.109898 0.104462 9.9973E-05 0.214386
9.9982E-05 0.0449373 0.398719 9.9982E-05 0.33646 0.0902199 0.0614846 0.0202215 0.0477584
0.0276991 0.100333 0.246825 9.9964E-05 0.589902 0.0348414 9.9964E-05 9.9964E-05 9.9964E-05
9.9964E-05 9.9964E-05 0.472918 0.104455 0.167501 0.13862 0.116105 9.9964E-05 9.9964E-05
0.105993 0.0484315 0.0884107 9.9982E-05 0.470494 0.0888307 0.0451564 9.9982E-05 0.152483
0.0353119 9.9982E-05 0.131625 9.9982E-05 0.641339 0.061895 0.0155536 0.0563947 0.0576811
0.0264988 0.00612402 0.30724 9.9991E-05 0.50703 0.0529831 0.0363359 0.037111 0.0265773
0.0324085 0.0887581 0.264572 9.9982E-05 0.418519 0.095954 0.0188785 9.9982E-05 0.0807099
9.9973E-05 0.0951604 0.288154 0.00163186 0.327331 0.135629 0.151794 9.9973E-05 9.9973E-05
9.9964E-05 0.0906074 0.491041 9.9964E-05 0.151132 0.168752 0.0980671 9.9964E-05 9.9964E-05
9.9973E-05 0.126991 0.395578 9.9973E-05 0.19731 0.160165 0.0628383 9.9973E-05 0.0568181
9.9964E-05 0.0408666 0.262682 9.9964E-05 0.530847 9.9964E-05 0.0934042 9.9964E-05 0.0718007
0.129591 0.00413662 0.127576 0.0166986 0.578659 0.0581421 9.9991E-05 0.0165199 0.0685778
0.0882991 9.9982E-05 0.220056 9.9982E-05 0.413082 0.102604 0.0610139 0.0139018 0.100844
0.0415057 0.0424843 0.227494 9.9982E-05 0.481722 0.118095 0.0127829 9.9982E-05 0.0757158
0.0767527 9.9964E-05 0.464182 9.9964E-05 0.284458 0.104318 9.9964E-05 0.0698894 9.9964E-05
0.0953688 9.9973E-05 0.187984 9.9973E-05 0.553868 0.010943 0.135414 9.9973E-05 0.0161228
9.9991E-05 0.0741685 0.167551 0.0369003 0.484379 0.0914528 0.0433332 0.0631864 0.0389283
0.0304212 0.087932 0.180501 9.9991E-05 0.39554 0.0801108 0.117831 0.095703 0.0118607
0.105242 0.0743477 0.0389989 0.0455563 0.384528 0.00385469 0.0225451 0.324827 9.9991E-05
0.232043 0.109386 0.0119705 9.9973E-05 0.484369 9.9973E-05 0.104297 0.0576355 9.9973E-05
0.108771 0.140765 0.113232 0.100247 0.411732 9.9982E-05 0.0557374 0.0693148 9.9982E-05
0.093842 0.0761287 0.112967 9.9982E-05 0.599666 0.0332405 0.0345601 9.9982E-05 0.0493957
0.128719 0.210425 0.0820727 9.9964E-05 0.441262 9.9964E-05 9.9964E-05 0.137122 9.9964E-05
9.9973E-05 0.0106114 0.270763 0.146489 0.388878 0.0259346 9.9973E-05 9.9973E-05 0.157024
0.103782 0.180142 9.9982E-05 0.0600938 0.455064 0.142601 0.0398775 0.0182403 9.9982E-05
0.379286 0.0951838 0.115192 0.189002 9.9973E-05 9.9973E-05 0.131935 0.0891011 9.9973E-05
0.140294 0.104886 0.0917147 9.9982E-05 0.548494 0.0147731 9.9982E-05 0.0544209 0.0452179
0.0272349 0.0757495 0.0856058 9.9991E-05 0.452381 0.0276368 0.0162182 0.167085 0.147989
0.0787117 0.182819 0.124135 9.9973E-05 0.514375 9.9973E-05 0.060656 0.0390033 9.9973E-05
0.195142 0.0723248 0.12055 9.9982E-05 0.314923 9.9982E-05 0.0611345 0.131267 0.104458
0.201761 0.0537029 0.0311182 9.9964E-05 0.58089 9.9964E-05 9.9964E-05 0.132128 9.9964E-05
0.0859939 0.105266 9.9973E-05 0.0879761 0.570179 9.9973E-05 9.9973E-05 0.144064 0.00622064
0.495679 0.152889 9.9955E-05 9.9955E-05 9.9955E-05 9.9955E-05 0.0457233 0.305209 9.9955E-05
0.0319509 0.144489 0.014752 0.00212022 0.588714 0.0411299 0.0224206 0.154323 9.9991E-05
0.158968 0.119151 0.0024299 0.00381806 0.57486 0.0230088 9.9991E-05 0.0941847 0.0234794
0.125872 0.0407598 0.042323 9.9982E-05 0.627382 9.9982E-05 0.0382998 0.0873708 0.0377923
0.122798 0.0567124 0.111566 9.9982E-05 0.573574 0.0115135 0.00969869 0.113937 9.9982E-05
9.9982E-05 0.140548 0.0989538 0.0585566 0.487995 0.03561 9.9982E-05 0.127363 0.0507735
9.9973E-05 0.0500145 9.9973E-05 0.0443918 0.34213 0.0839267 0.0682011 9.9973E-05 0.411036
0.0401031 0.0876476 0.154351 0.0804628 0.355078 0.00331869 9.9991E-05 0.0542552 0.224683
9.9955E-05 9.9955E-05 0.14531 0.101924 9.9955E-05 9.9955E-05 0.0344254 9.9955E-05 0.717842
9.9955E-05 9.9955E-05 9.9955E-05 9.9955E-05 9.9955E-05 0.076138 0.0680018 0.00763537 0.847725
0.052483 0.0706485 0.110028 0.032711 0.340347 9.9991E-05 0.0132869 0.0542682 0.326128
0.190836 0.260789 0.01518 9.9982E-05 0.396697 0.0201452 9.9982E-05 0.0711378 0.0450152
0.10967 0.29629 9.9964E-05 9.9964E-05 0.300853 9.9964E-05 9.9964E-05 0.059168 0.23362
0.249003 0.228615 0.000558862 9.9982E-05 0.199382 0.000485245 9.9982E-05 0.142224 0.179532
0.070098 0.239811 9.9964E-05 9.9964E-05 0.318137 9.9964E-05 9.9964E-05 0.175519 0.196036
0.174436 0.022963 9.9973E-05 0.0373606 0.0778461 9.9973E-05 9.9973E-05 0.0280402 0.659054
0.166034 0.0381955 9.9964E-05 9.9964E-05 0.123419 9.9964E-05 9.9964E-05 0.0335876 0.638364
0.0302302 0.0925002 0.0252756 9.9982E-05 0.464541 0.0183957 0.0438635 9.9982E-05 0.324994
9.9955E-05 0.060084 9.9955E-05 9.9955E-05 0.464407 9.9955E-05 9.9955E-05 0.0592171 0.415793
0.0910852 0.0984204 9.9973E-05 9.9973E-05 0.114781 0.00203248 9.9973E-05 0.0341075 0.659273
9.9982E-05 0.0954456 0.0499547 0.0058033 0.452541 0.00387056 9.9982E-05 0.0783037 0.313881
0.0891867 0.0843742 9.9964E-05 9.9964E-05 0.477408 0.0553108 9.9964E-05 9.9964E-05 0.29332
0.0236659 0.139081 0.00859938 9.9991E-05 0.353877 0.0843453 0.00872768 0.108899 0.272704
9.9973E-05 9.9973E-05 0.114497 9.9973E-05 0.260934 0.0110923 0.0332538 0.0211506 0.558772
9.9964E-05 0.0310893 0.142429 0.180721 0.247755 9.9964E-05 9.9964E-05 9.9964E-05 0.397606
9.9982E-05 9.9982E-05 0.0195651 0.0393952 0.523573 0.0746923 0.0699501 0.0210974 0.251527
9.9991E-05 0.0592297 0.0305749 0.124579 0.261931 0.105282 0.0482839 0.0291987 0.34082
0.0523911 0.0868823 0.098002 0.177252 0.382925 0.0309162 9.9991E-05 0.0752846 0.0962467
0.0295093 9.9964E-05 0.0500883 0.0557454 0.446439 9.9964E-05 9.9964E-05 9.9964E-05 0.417818
9.9955E-05 9.9955E-05 9.9955E-05 0.0456758 0.181721 0.0791186 9.9955E-05 9.9955E-05 0.692985
9.9964E-05 0.00781269 9.9964E-05 9.9964E-05 0.595208 9.9964E-05 0.0690626 0.00843076 0.319086
9.9973E-05 0.00354053 0.047864 9.9973E-05 0.173773 0.007982 0.0708053 9.9973E-05 0.695736
9.9964E-05 9.9964E-05 9.9964E-05 0.0507218 0.397721 0.017387 9.9964E-05 0.0184527 0.515318
0.00142666 0.00446971 9.9982E-05 0.0049784 0.519741 9.9982E-05 0.0804141 0.068107 0.320664
9.9964E-05 0.0641249 9.9964E-05 9.9964E-05 0.409223 9.9964E-05 0.0888977 0.0357068 0.401648
0.00920992 0.137779 0.0704912 0.0322114 0.496656 9.9982E-05 9.9982E-05 0.193699 0.0597542
9.9982E-05 0.188323 9.9982E-05 0.0734699 0.308703 0.11257 0.0641067 0.108886 0.143742
0.158282 0.180974 0.0241378 0.0574554 0.327079 0.101446 9.9991E-05 0.0959474 0.0545783
0.112511 0.178549 0.095421 0.0517916 0.301925 0.0905557 9.9991E-05 0.151395 0.0177514
0.0140009 0.171971 0.0355263 0.0532922 0.405684 0.131698 9.9982E-05 0.187628 9.9982E-05
9.9982E-05 0.157595 0.00480919 0.100214 0.401358 0.0174837 9.9982E-05 0.119463 0.198877
0.235213 0.102766 9.9973E-05 0.00883768 9.9973E-05 0.0638856 9.9973E-05 0.0679903 0.521008
0.0751825 0.207029 9.9982E-05 0.0112104 0.514647 0.141926 9.9982E-05 0.0020033 0.0478012
0.250967 0.0792399 9.9955E-05 9.9955E-05 9.9955E-05 9.9955E-05 9.9955E-05 0.284101 0.385192
9.9955E-05 0.196847 9.9955E-05 9.9955E-05 0.425185 9.9955E-05 9.9955E-05 0.080008 0.29746
9.9955E-05 9.9955E-05 9.9955E-05 0.0668458 0.0557869 9.9955E-05 0.188945 9.9955E-05 0.687923
9.9946E-05 9.9946E-05 0.061944 9.9946E-05 9.9946E-05 9.9946E-05 0.0178121 9.9946E-05 0.919644
9.9955E-05 9.9955E-05 0.0913089 9.9955E-05 0.442923 9.9955E-05 0.0143508 9.9955E-05 0.450917
9.9946E-05 9.9946E-05 9.9946E-05 9.9946E-05 0.584512 9.9946E-05 9.9946E-05 0.020814 0.394074
9.9964E-05 9.9964E-05 0.0644536 0.00762475 0.312349 9.9964E-05 0.0304235 9.9964E-05 0.58475
9.9946E-05 9.9946E-05 9.9946E-05 9.9946E-05 0.495851 9.9946E-05 0.0369676 9.9946E-05 0.466582
9.9955E-05 9.9955E-05 0.0338323 9.9955E-05 0.460055 0.0259685 9.9955E-05 9.9955E-05 0.479645
9.9973E-05 0.0260172 9.9973E-05 0.0330823 0.0958896 0.0155462 9.9973E-05 0.787682 0.0414827
0.0232868 0.126801 0.0645737 9.9973E-05 9.9973E-05 0.0667748 0.0202604 0.698003 9.9973E-05
0.0271704 0.0672961 0.0144715 9.9964E-05 9.9964E-05 0.00467094 9.9964E-05 0.885991 9.9964E-05
0.00395081 9.9955E-05 9.9955E-05 9.9955E-05 0.0434557 9.9955E-05 9.9955E-05 0.923432 0.0286616
9.9973E-05 0.00364822 0.156515 9.9973E-05 0.478727 9.9973E-05 0.201095 0.0792281 0.0804864
0.0374344 0.0210593 0.064394 9.9982E-05 0.463764 9.9982E-05 0.390315 0.00507834 0.0177555
9.9955E-05 9.9955E-05 0.106867 9.9955E-05 0.445597 9.9955E-05 0.440437 0.00659887 9.9955E-05
9.9973E-05 9.9973E-05 0.0350503 0.0148959 0.567625 0.0670833 0.274347 0.0406991 9.9973E-05
0.0239883 0.0168681 0.0109217 0.14127 0.470096 0.135406 0.143498 0.0578523 9.9991E-05
9.9982E-05 9.9982E-05 0.0920637 0.156204 0.158105 0.0399642 0.519727 0.0222189 0.0115172
0.00680687 9.9973E-05 9.9973E-05 0.00273555 0.612731 9.9973E-05 0.36754 0.00731525 0.00257109
0.00857911 9.9964E-05 9.9964E-05 0.141654 0.240463 9.9964E-05 0.499819 9.9964E-05 0.109085
9.9973E-05 0.171684 0.0385927 9.9973E-05 0.387625 9.9973E-05 0.0186576 0.221988 0.161153
0.0695767 9.9973E-05 0.136021 9.9973E-05 0.443078 0.00194057 0.341115 9.9973E-05 0.00796868
9.9964E-05 9.9964E-05 0.0945235 9.9964E-05 0.333194 0.0787918 0.482543 0.010548 9.9964E-05
9.9955E-05 9.9955E-05 0.0126996 9.9955E-05 0.550872 9.9955E-05 0.327907 9.9955E-05 0.108022
9.9982E-05 0.00826151 0.0460401 9.9982E-05 0.338767 0.059443 0.452315 0.0139988 0.080974
9.9946E-05 9.9946E-05 9.9946E-05 9.9946E-05 0.549704 9.9946E-05 0.312918 9.9946E-05 0.136778
9.9964E-05 9.9964E-05 0.129732 9.9964E-05 0.464596 0.0069272 0.334057 0.0642879 9.9964E-05
9.9937E-05 9.9937E-05 9.9937E-05 9.9937E-05 9.9937E-05 9.9937E-05 0.86149 9.9937E-05 0.13781
0.0200974 0.0984725 0.0981895 0.0796202 0.132776 9.9982E-05 0.538222 9.9982E-05 0.0324227
0.0810679 9.9973E-05 0.0253719 9.9973E-05 0.35395 0.0335031 0.463788 9.9973E-05 0.0420187
0.142085 9.9946E-05 9.9946E-05 9.9946E-05 9.9946E-05 9.9946E-05 0.812796 9.9946E-05 0.0445192
9.9964E-05 9.9964E-05 0.146485 9.9964E-05 0.456901 0.106564 0.287096 9.9964E-05 0.00255471
0.161232 9.9964E-05 9.9964E-05 0.13858 0.0388599 9.9964E-05 0.614428 9.9964E-05 0.0464997
0.15214 9.9946E-05 9.9946E-05 9.9946E-05 9.9946E-05 9.9946E-05 0.687948 9.9946E-05 0.159312
0.0271485 0.0926966 0.125348 9.9982E-05 0.439473 9.9982E-05 0.303588 0.0110373 0.000508647
9.9973E-05 9.9973E-05 0.129411 0.0398381 0.129061 9.9973E-05 0.555107 0.0810482 0.0652346
0.00384517 0.0647242 0.0362592 9.9973E-05 0.378616 0.0997007 0.416555 9.9973E-05 9.9973E-05
0.0172344 0.117352 9.9991E-05 0.0901226 0.38257 0.0831958 0.161203 0.106634 0.0415883
0.0386664 9.9982E-05 0.0570639 0.0246159 0.503369 0.00120329 0.370178 0.00470405 9.9982E-05
0.137994 0.0314027 0.458942 9.9964E-05 0.279099 9.9964E-05 9.9964E-05 9.9964E-05 0.0921626
9.9991E-05 0.0487203 0.010784 0.0110464 0.461285 0.0282533 0.369607 0.00501014 0.0651941
9.9964E-05 0.0586538 0.240917 9.9964E-05 0.352161 9.9964E-05 0.336164 0.0117045 9.9964E-05
0.0153942 9.9955E-05 9.9955E-05 0.00707914 0.285342 9.9955E-05 0.691685 9.9955E-05 9.9955E-05
9.9982E-05 9.9982E-05 0.0359432 0.0199211 0.580291 0.00966321 0.237773 0.0505224 0.0656864
0.0277222 9.9973E-05 0.132416 0.0398907 9.9973E-05 0.107609 0.0648344 0.627227 9.9973E-05
0.0766914 9.9973E-05 0.109309 9.9973E-05 0.0161197 0.000268717 0.0774623 0.719849 9.9973E-05
0.0466977 9.9964E-05 0.0440945 9.9964E-05 9.9964E-05 0.0487815 0.0679341 0.792092 9.9964E-05
0.0408502 9.9973E-05 0.0155527 0.0129133 9.9973E-05 0.128084 9.9973E-05 0.759439 0.0428612
9.9955E-05 9.9955E-05 0.00396353 0.137432 9.9955E-05 0.138738 9.9955E-05 0.719366 9.9955E-05
9.9964E-05 0.0553883 0.238283 9.9964E-05 0.0130249 9.9964E-05 0.659627 0.0332766 9.9964E-05
