0.924274 9.9982E-05 0.000683324 9.9982E-05 0.0748427
0.927176 9.9982E-05 9.9982E-05 0.0311261 0.0414983
0.802508 0.0610082 0.0861098 9.9991E-05 0.0502739
0.767046 0.0145688 0.0947567 9.9991E-05 0.123528
0.869188 0.0710839 0.0595281 9.9982E-05 9.9982E-05
0.626357 0.0414667 0.0761559 0.188534 0.0674856
0.858369 9.9982E-05 9.9982E-05 0.0824356 0.0589953
0.729803 9.9991E-05 0.0246468 0.105057 0.140393
0.834147 9.9982E-05 9.9982E-05 0.0572466 0.108407
0.702289 0.0248084 0.0969689 0.100972 0.0749614
0.77537 9.9982E-05 9.9982E-05 0.103452 0.120978
9.999E-05 0.283895 0.076542 0.162992 0.476471
9.9991E-05 0.610542 0.0713495 0.0208761 0.297132
0.0418113 0.352424 0.0496003 0.0830893 0.473075
0.0325279 0.346184 0.175758 0.0218248 0.423706
0.135719 0.458204 0.110735 0.0684442 0.226897
0.0569755 0.599082 0.133774 0.0882799 0.121888
9.9991E-05 0.475031 0.138579 0.199003 0.187287
0.0606368 0.339353 0.143136 0.0669171 0.389958
9.999E-05 0.0093881 0.107622 0.150233 0.732657
0.0314834 0.46195 0.0473463 0.225651 0.23357
0.063602 0.483122 0.0854906 0.212972 0.154813
0.032699 0.63631 0.0676224 0.0832266 0.180142
0.00386155 0.354146 0.0879562 0.121997 0.432039
0.109466 0.638419 0.0688428 0.0526791 0.130593
0.00670931 0.592581 0.140012 9.9991E-05 0.260597
0.0172303 0.175048 0.139742 0.130872 0.537107
0.00310168 0.180674 0.211477 0.131696 0.473052
0.00816859 0.29515 0.000637473 0.219573 0.476471
0.851127 0.127087 0.0215862 9.9982E-05 9.9982E-05
0.841152 0.158548 9.9973E-05 9.9973E-05 9.9973E-05
0.781109 0.176593 0.0420984 9.9982E-05 9.9982E-05
0.772377 0.139036 0.0883874 9.9982E-05 9.9982E-05
0.0626133 0.624008 9.9991E-05 0.198632 0.114647
0.0567486 0.515562 0.176789 0.0966566 0.154243
0.0393408 0.716783 9.9982E-05 0.243677 9.9982E-05
0.053297 0.207287 0.0358697 0.0860996 0.617447
0.00471819 0.442208 0.0323883 0.448408 0.0722767
0.03191 0.588097 0.0629581 0.187141 0.129894
0.0375942 0.784055 0.00229965 0.175952 9.9991E-05
0.131858 0.690454 9.9991E-05 0.12853 0.0490578
0.138223 0.692932 9.9991E-05 0.0546659 0.114079
9.9982E-05 0.262384 9.9982E-05 0.51441 0.223006
0.0319906 0.712022 0.060009 0.181949 0.0140297
0.0551991 0.617644 0.100196 0.226861 9.9991E-05
0.215866 0.609026 0.0438617 0.118741 0.0125065
9.9982E-05 0.513156 9.9982E-05 0.459585 0.0270587
0.0288427 0.797178 0.00423381 0.131879 0.0378668
0.123177 0.682248 9.9991E-05 0.174427 0.0200478
0.0462604 9.9982E-05 9.9982E-05 0.892299 0.0612403
9.9991E-05 0.241997 0.00471801 0.246413 0.506772
0.0397113 0.0736706 0.0694242 0.540239 0.276955
0.016969 0.516944 0.179147 0.0308066 0.256133
0.0454193 0.608724 0.129474 0.0443751 0.172008
0.108966 0.672566 0.0794827 0.0715641 0.0674218
0.092203 0.285013 0.00242901 0.226593 0.393762
0.0518418 0.547099 0.0314501 0.149205 0.220404
0.10618 0.533707 0.168693 0.0173193 0.174101
0.109177 0.428851 0.0401832 0.220207 0.201581
0.244309 0.0821613 0.0719925 0.25502 0.346517
0.0980264 0.627253 0.0333374 0.0530944 0.188288
0.0630228 0.492918 0.0941391 0.0758902 0.27403
0.0633369 0.0766168 9.9991E-05 0.275615 0.584331
9.9991E-05 0.541993 0.0511008 0.116031 0.290775
0.0677799 0.708035 0.0695413 0.116193 0.0384515
0.0775647 0.585967 0.0818876 0.0821012 0.172479
0.0205086 0.36181 0.089553 0.243018 0.28511
9.9991E-05 0.610406 0.0618683 0.0998977 0.227728
0.0382067 0.705666 0.0552621 9.9991E-05 0.200765
0.00904271 0.33694 9.9991E-05 0.188768 0.46515
9.9982E-05 0.726454 9.9982E-05 0.174051 0.0992953
9.9982E-05 0.427265 9.9982E-05 0.394563 0.177972
0.0798663 0.631187 0.0681688 0.220678 9.9991E-05
9.9982E-05 0.155061 9.9982E-05 0.817298 0.0274408
9.9982E-05 0.21372 9.9982E-05 0.742861 0.0432193
9.9973E-05 0.494776 9.9973E-05 0.504924 9.9973E-05
0.00298815 0.629183 9.9991E-05 0.328121 0.0396081
0.0870791 0.635849 0.113824 0.0750794 0.0881684
9.9991E-05 0.559034 0.0196707 0.289096 0.132099
9.9991E-05 0.335659 0.0128387 0.396829 0.254573
9.9982E-05 0.375887 9.9982E-05 0.34158 0.282334
0.102801 0.494306 0.131223 0.20048 0.0711911
9.9982E-05 0.542397 9.9982E-05 0.389701 0.067702
0.0388006 0.580266 9.9991E-05 0.28003 0.100803
0.0245766 0.519314 9.9982E-05 0.455909 9.9982E-05
9.9982E-05 0.133203 9.9982E-05 0.833211 0.0333856
0.00368772 0.693225 0.0547418 0.126614 0.121731
0.789924 0.082409 0.0502103 9.9991E-05 0.0773568
0.904098 0.0956016 9.9973E-05 9.9973E-05 9.9973E-05
0.884092 0.106251 0.00945767 9.9982E-05 9.9982E-05
0.923402 0.0741754 0.00222256 9.9982E-05 9.9982E-05
0.914273 0.0767775 0.00874916 9.9982E-05 9.9982E-05
0.901407 0.0582098 9.9991E-05 0.0272169 0.0130658
0.928877 0.0708235 9.9973E-05 9.9973E-05 9.9973E-05
0.121521 0.507924 0.0625951 0.279126 0.0288343
0.112956 0.601051 0.0703 0.127234 0.0884584
9.9982E-05 0.258605 9.9982E-05 0.56245 0.178745
0.164473 0.499687 0.129652 0.206088 9.9991E-05
0.0405501 0.614437 9.9991E-05 0.242442 0.102471
0.0641053 0.658607 9.9991E-05 0.247893 0.0292948
9.9991E-05 0.651319 0.0763813 0.166917 0.105282
9.9982E-05 0.667089 0.0363685 0.296342 9.9982E-05
0.00463203 0.115322 9.9991E-05 0.569179 0.310767
0.183571 0.53823 0.0479785 0.230121 9.9991E-05
0.0806259 0.684729 0.0456561 0.109399 0.07959
0.0586863 0.566758 0.165276 0.116462 0.0928169
0.0331078 0.435594 9.9982E-05 0.531099 9.9982E-05
0.036838 0.597796 0.0431662 0.3221 9.9991E-05
9.9982E-05 0.605331 9.9982E-05 0.203225 0.191243
9.9991E-05 0.4762 0.0661907 0.444541 0.0129682
0.0523901 0.667561 9.9991E-05 0.198401 0.081548
0.134307 0.666405 0.00133133 0.117805 0.0801523
0.018353 0.274636 0.0898125 0.229265 0.387934
0.105035 0.436473 0.0573874 0.00189945 0.399205
0.0894009 0.639764 0.0496701 0.119417 0.101748
0.0871706 0.665487 0.106758 0.0913767 0.0492073
0.0303373 0.56308 0.00574534 9.9991E-05 0.400737
0.0114531 0.655496 0.00715016 9.9991E-05 0.3258
9.9982E-05 0.433061 0.114518 9.9982E-05 0.452221
0.12718 0.576298 0.00419652 0.173591 0.118734
0.0754773 0.6963 0.0817813 0.146342 9.9991E-05
0.0311715 0.662085 0.0568961 0.0409375 0.20891
0.0160545 0.60602 9.9991E-05 0.0167965 0.361029
0.0539759 0.630681 0.157015 0.0282457 0.130083
0.154326 0.572834 0.111152 9.9991E-05 0.161588
9.9991E-05 0.698836 0.0329848 0.0614374 0.206642
0.11656 0.549651 0.127946 0.0353761 0.170467
9.9991E-05 0.500708 0.132992 0.14395 0.22225
0.113301 0.422288 0.0358283 0.117231 0.311353
0.0458401 0.696088 0.103926 9.9991E-05 0.154046
0.107127 0.690671 0.0287047 0.0492151 0.124282
0.00455346 0.301719 0.0980444 0.205125 0.390558
9.9991E-05 0.22729 0.0719373 0.36822 0.332453
0.081263 0.597329 0.0948919 9.9991E-05 0.226416
9.9991E-05 0.0774492 0.0914509 0.490025 0.340975
0.00140512 0.389806 0.00728318 0.162032 0.439474
9.9982E-05 0.55276 9.9982E-05 0.0634171 0.383622
0.0201945 0.42164 9.9991E-05 0.00566719 0.552398
9.9991E-05 0.351364 0.0350558 0.135596 0.477884
0.0949752 0.676591 0.033596 0.0912595 0.103578
0.140932 0.531903 0.0952463 0.00882273 0.223096
0.0720294 0.56941 0.0667983 0.106279 0.185483
9.9991E-05 0.155508 0.134473 0.305257 0.404662
0.170343 0.580053 0.0359916 0.160253 0.0533595
0.0972786 0.552052 0.0733105 0.247212 0.0301471
0.202466 0.0331052 0.013241 0.623677 0.127511
0.0812286 0.636283 0.0856076 0.196781 9.9991E-05
0.0881766 0.38529 0.0437659 0.382578 0.100189
0.117247 0.540968 0.0606857 0.218956 0.062143
0.124566 0.28836 0.0436613 0.398114 0.145299
0.0988437 0.268496 9.9991E-05 0.516963 0.115597
0.120024 0.447854 9.9991E-05 0.279819 0.152204
0.139166 0.554455 0.0821635 0.179102 0.0451133
0.143276 0.453602 0.128031 0.17661 0.0984809
0.0827882 0.035173 0.184424 0.538664 0.158951
0.106652 0.55573 0.0827034 0.161704 0.093211
9.9982E-05 0.486264 9.9982E-05 0.399814 0.113723
9.9991E-05 0.526363 0.023987 0.342732 0.106818
0.168491 0.595888 0.0791836 0.156337 9.9991E-05
0.298774 0.119903 0.319741 0.225435 0.0361469
0.599347 9.9982E-05 0.169011 0.231442 9.9982E-05
0.499232 9.9982E-05 0.169654 0.330914 9.9982E-05
0.409455 9.9982E-05 0.401825 0.18852 9.9982E-05
9.9982E-05 0.727483 0.0364927 0.235824 9.9982E-05
0.129731 0.730121 0.0322207 0.092273 0.0156547
9.9973E-05 0.347016 0.652684 9.9973E-05 9.9973E-05
0.0552791 0.365939 0.470043 0.00153992 0.107199
0.0681394 0.422149 0.393994 0.0378587 0.0778591
9.9991E-05 0.418359 0.0225889 0.507847 0.0511056
0.0766389 0.545367 0.107664 0.219902 0.0504279
9.9982E-05 0.223486 0.0710557 0.705258 9.9982E-05
0.0706274 0.712799 0.0297797 0.181639 0.00515473
0.0319565 0.426128 0.0890727 0.378598 0.0742446
0.0118611 0.550291 0.0987042 0.276194 0.0629496
0.00667768 0.203423 0.0802918 0.620156 0.0894519
0.0468045 0.609882 0.158816 0.145465 0.0390327
0.0413314 0.536642 0.150457 0.154205 0.117364
9.9982E-05 9.9982E-05 0.966117 0.00615497 0.0275285
9.9973E-05 0.0873402 0.91236 9.9973E-05 9.9973E-05
0.0569694 0.314163 0.575674 9.9991E-05 0.0530936
0.00437881 0.324927 0.670494 9.9982E-05 9.9982E-05
0.0276224 0.115498 0.855089 0.00169087 9.9991E-05
9.997E-05 9.997E-05 0.9996 9.997E-05 9.997E-05
9.9973E-05 9.9973E-05 0.9487 9.9973E-05 0.051
9.9973E-05 0.132764 0.866936 9.9973E-05 9.9973E-05
9.997E-05 9.997E-05 0.9996 9.997E-05 9.997E-05
9.997E-05 9.997E-05 0.9996 9.997E-05 9.997E-05
9.997E-05 9.997E-05 0.9996 9.997E-05 9.997E-05
0.0262479 0.2134 0.760152 9.9982E-05 9.9982E-05
0.0455979 0.121267 0.78639 0.0129874 0.0337577
9.9973E-05 9.9973E-05 0.971139 9.9973E-05 0.0285613
0.0556357 0.399414 0.410261 0.122932 0.0117572
0.0134743 0.163238 0.716477 9.9991E-05 0.106711
9.9982E-05 0.144489 0.802342 9.9982E-05 0.0529689
0.00332519 0.0949858 0.887311 9.9991E-05 0.0142784
9.997E-05 9.997E-05 0.9996 9.997E-05 9.997E-05
0.0289954 0.0965083 0.874296 9.9982E-05 9.9982E-05
9.997E-05 9.997E-05 0.9996 9.997E-05 9.997E-05
0.0189286 0.236364 0.63922 9.9991E-05 0.105387
9.9982E-05 0.11441 0.868634 9.9982E-05 0.0167559
0.36994 9.9982E-05 0.0760483 0.553811 9.9982E-05
0.192901 0.425899 0.112895 0.168901 0.099404
0.176443 0.393715 0.179479 0.197675 0.0526882
0.237495 0.101301 0.195957 0.423228 0.0420183
0.0933877 0.39353 0.227033 0.218372 0.0676768
0.291495 0.117064 0.171672 0.419668 9.9991E-05
0.168205 0.443974 0.11801 0.117119 0.152692
0.129934 0.335759 0.198693 0.335515 9.9991E-05
0.126106 0.461171 0.207268 0.124869 0.0805871
0.308702 0.322209 0.197579 0.17141 9.9991E-05
0.263819 0.563093 0.0440246 0.0997187 0.0293447
0.827409 0.0592119 9.9991E-05 0.0107632 0.102516
0.935234 9.9982E-05 0.0470874 0.0174783 9.9982E-05
0.961255 9.9982E-05 9.9982E-05 0.00189112 0.0366536
0.950309 0.0415502 9.9982E-05 9.9982E-05 0.00794064
0.877295 0.00904533 0.0197842 9.9991E-05 0.0937752
0.89065 9.9982E-05 0.0868718 0.0222784 9.9982E-05
0.90399 0.0123764 0.0834338 9.9982E-05 9.9982E-05
0.900781 0.0451385 9.9991E-05 0.0528204 0.00115996
0.890591 0.0292361 0.0517805 0.0122887 0.0161038
0.920062 9.9973E-05 0.0796382 9.9973E-05 9.9973E-05
0.599979 9.9982E-05 9.9982E-05 0.112684 0.287137
0.614584 9.9991E-05 0.0161975 0.0593414 0.309778
0.540701 9.9982E-05 9.9982E-05 0.0999582 0.359141
0.512226 9.9982E-05 9.9982E-05 0.154708 0.332866
9.9982E-05 0.617333 9.9982E-05 0.184888 0.197579
9.9991E-05 0.584247 0.0170712 0.234539 0.164044
0.0595404 0.58422 0.050669 0.170892 0.134679
0.0371044 0.487922 9.9991E-05 0.169358 0.305516
9.9991E-05 0.248217 0.00717776 0.0506899 0.693815
0.0675373 0.661569 0.116816 0.153978 9.9991E-05
9.9991E-05 0.611843 0.0342667 0.274038 0.0797521
0.00528804 0.611802 0.0144597 0.315333 0.053118
9.9982E-05 0.465584 0.0687467 0.465469 9.9982E-05
0.060673 0.681426 0.0679084 0.0856982 0.104294
9.9982E-05 0.528987 9.9982E-05 0.299808 0.171005
9.9982E-05 0.0435115 9.9982E-05 0.858323 0.0979659
0.0969656 0.587055 0.0504179 0.137475 0.128087
9.9982E-05 0.381582 9.9982E-05 0.573313 0.0449055
0.00866221 0.542451 0.0722361 0.371606 0.00504529
0.0111865 0.318675 9.9991E-05 0.454696 0.215343
0.165795 0.0109739 9.9991E-05 0.12412 0.699012
0.118858 0.0932386 9.9991E-05 0.0995586 0.688244
0.0429561 0.0239835 9.9991E-05 0.086492 0.846468
0.131843 9.9982E-05 9.9982E-05 0.0510508 0.816906
0.0343907 0.0373696 0.00655891 0.11535 0.806331
0.0952222 0.0716786 0.0462475 9.9991E-05 0.786752
0.887562 0.099182 0.0130563 9.9982E-05 9.9982E-05
0.8243 0.0540184 0.0342934 9.9991E-05 0.0872878
0.78284 0.112077 0.104882 9.9982E-05 9.9982E-05
0.747174 0.0237511 0.131635 9.9991E-05 0.0973397
0.834137 0.0757946 0.0680156 9.9991E-05 0.021953
0.395309 9.9982E-05 9.9982E-05 0.0362076 0.568284
0.45209 9.9982E-05 9.9982E-05 0.12929 0.41842
0.415367 9.9982E-05 9.9982E-05 0.0802079 0.504225
0.839005 0.137592 0.023203 9.9982E-05 9.9982E-05
0.365215 9.9982E-05 9.9982E-05 0.145017 0.489568
0.225224 0.274238 0.409261 0.0911772 9.9991E-05
0.107748 0.50771 0.308099 0.015869 0.0605743
0.153626 0.472808 0.373366 9.9982E-05 9.9982E-05
0.257146 0.42618 0.249305 0.0672691 9.9991E-05
0.261216 0.576736 0.0946745 0.0167001 0.0506736
0.485495 9.9982E-05 0.339265 0.17504 9.9982E-05
0.0244625 0.574888 9.9991E-05 0.0637242 0.336825
0.00429176 0.478197 0.000870899 0.277268 0.239372
0.107923 0.367528 9.9991E-05 0.00884602 0.515603
9.9991E-05 0.584412 0.0178618 0.288759 0.108867
9.9973E-05 9.9973E-05 9.9973E-05 0.804048 0.195652
0.125257 0.614013 0.057218 0.0718037 0.131708
0.017989 0.49681 0.0639034 0.277589 0.143709
0.0731232 0.397878 9.9991E-05 0.050906 0.477993
0.100847 0.565452 0.110062 0.0321839 0.191455
9.9982E-05 0.198183 9.9982E-05 0.483444 0.318173
9.9991E-05 0.514473 0.0367199 0.322899 0.125808
9.9991E-05 0.571321 0.0508165 0.0680146 0.309748
0.15497 0.408626 0.195805 0.136065 0.104534
9.9982E-05 0.436655 9.9982E-05 0.208515 0.354631
0.0560145 0.519085 0.013313 0.102761 0.308826
9.9991E-05 0.427349 0.163906 0.279951 0.128694
0.0175176 0.601194 0.0186194 0.133318 0.22935
9.9991E-05 0.598949 0.100523 0.114611 0.185817
0.102075 0.53188 0.142712 0.0755863 0.147748
0.0787876 0.599517 0.0893834 0.0579898 0.174323
0.798009 0.107433 0.0943575 9.9982E-05 9.9982E-05
0.834561 0.105454 0.0286471 0.0312382 9.9991E-05
0.788708 0.0911892 0.000709614 0.093511 0.0258817
0.835301 0.0610106 0.013714 0.0620843 0.0278904
0.829323 0.136265 0.0342122 9.9982E-05 9.9982E-05
9.9991E-05 0.197216 0.0669372 0.0928079 0.642939
0.024722 0.448137 0.169686 0.182135 0.175319
0.182804 0.474529 0.170149 0.109414 0.0631045
9.9982E-05 0.682163 0.0777538 9.9982E-05 0.239884
9.9991E-05 0.594381 0.0256204 0.0564008 0.323498
9.9991E-05 0.214981 0.157014 0.302233 0.325672
0.165129 0.00282047 9.9991E-05 0.16015 0.671801
0.0252082 0.626079 0.0183497 0.0241708 0.306193
0.0187591 0.14852 0.121207 0.18632 0.525195
0.0661663 0.454755 0.0907922 0.159619 0.228667
0.137669 0.184684 0.0249517 0.0629838 0.589712
0.0585616 0.527009 0.128235 9.9991E-05 0.286095
0.0515647 0.223262 0.03425 0.12895 0.561973
0.0572142 0.36187 0.116675 0.237252 0.226989
0.0404238 0.503949 0.120227 0.242651 0.0927488
0.0658735 0.372433 0.0620319 0.396651 0.10301
0.030582 0.577205 0.0790281 0.228274 0.084911
0.104353 0.589828 0.0482473 0.229817 0.0277551
0.00536388 0.412505 9.9991E-05 0.489436 0.0925951
0.031909 0.474375 0.120984 0.219255 0.153477
0.119301 0.604498 0.000414835 0.258814 0.0169721
9.9982E-05 0.129044 9.9982E-05 0.725458 0.145298
0.0193009 0.343943 9.9991E-05 0.608471 0.0281853
0.0951813 0.537588 9.9991E-05 0.301219 0.0659119
0.0500347 0.176006 9.9991E-05 0.659723 0.114137
9.9982E-05 0.557511 9.9982E-05 0.299668 0.142621
9.9991E-05 0.148594 0.0112256 0.157734 0.682346
9.9991E-05 0.234716 0.0620975 0.362537 0.34055
0.00770198 0.452221 0.0396606 0.0545537 0.445862
0.00690762 0.63436 0.0872985 0.0417739 0.22966
9.9991E-05 0.365015 0.00328038 0.181516 0.450089
0.060121 0.4925 0.0728383 0.206935 0.167606
0.0711281 0.613565 0.0723538 9.9991E-05 0.242854
9.9991E-05 0.432863 0.120812 0.0633404 0.382884
9.9991E-05 0.480602 0.128837 0.0781601 0.312301
0.0587877 0.481935 0.0473935 0.0866244 0.32526
9.9991E-05 0.292163 0.0612866 0.0883293 0.558121
9.9991E-05 0.299764 0.175102 0.0415752 0.483458
9.9991E-05 0.563286 0.0823381 0.0449893 0.309287
0.00821131 0.628302 0.10601 0.100113 0.157363
0.114614 0.521234 0.00714142 0.136206 0.220805
9.9991E-05 0.492913 0.143632 0.0513652 0.31199
0.107817 0.397923 0.0606455 0.0246664 0.408948
0.00983571 0.608214 0.048354 0.0471511 0.286445
0.0370012 0.507765 0.107768 0.0795125 0.267954
0.1575 0.441614 0.177071 0.0681861 0.155628
0.38008 0.380101 0.191831 0.0113164 0.0366725
0.153856 0.413692 0.31137 0.120982 9.9991E-05
0.13915 0.499438 0.170351 0.0590426 0.132019
0.112024 0.576147 0.131214 0.0704515 0.110163
0.204885 0.4481 0.292436 0.0544787 9.9991E-05
9.9991E-05 0.505943 0.0834063 0.24867 0.161881
0.188998 0.517519 0.214654 0.0438333 0.0349955
0.252475 9.9991E-05 0.201503 0.509354 0.0365681
0.147294 0.567394 0.146327 0.0198646 0.119121
0.108278 0.53141 0.214924 0.0527785 0.0926084
0.0808331 0.453437 0.2741 0.120336 0.0712938
0.217174 0.318594 0.154442 0.234367 0.0754233
0.222866 0.575151 0.109069 0.073034 0.0198805
0.188347 0.584215 0.179215 0.0481231 9.9991E-05
0.45246 9.9982E-05 0.232336 0.315004 9.9982E-05
0.133698 0.570402 0.193183 0.085656 0.0170607
0.181362 0.467566 0.237767 0.113206 9.9991E-05
0.182474 0.557003 0.14077 0.0623011 0.057451
0.213271 0.485248 0.279869 0.0215123 9.9991E-05
0.147748 0.447314 0.210036 0.150534 0.0443672
0.0091443 0.504977 0.0892783 0.292817 0.103784
0.11593 0.549127 0.065653 0.218068 0.0512212
9.9991E-05 0.126337 0.0112134 0.765168 0.0971818
0.000340735 0.059239 0.00264298 0.819217 0.11856
9.9991E-05 0.484228 0.139478 0.282203 0.0939913
0.111512 0.362042 0.400993 0.0746085 0.0508445
0.124946 0.348008 0.356939 0.170007 9.9991E-05
0.142327 0.0665861 0.443362 0.305535 0.0421894
0.192827 0.342141 0.329061 0.135872 9.9991E-05
0.106277 0.141571 0.132638 0.619414 9.9991E-05
0.146734 0.174893 0.159416 0.518857 9.9991E-05
9.9991E-05 0.553652 0.18891 0.254884 0.00245413
0.0928599 0.513415 0.152382 0.241242 9.9991E-05
0.102598 0.246445 0.170869 0.479988 9.9991E-05
0.0857507 0.521627 0.12468 0.267842 9.9991E-05
9.9991E-05 0.569556 0.167531 0.193962 0.0688505
0.181265 0.340454 0.19334 0.135899 0.149041
0.0655151 0.429949 9.9991E-05 0.424293 0.0801437
9.9991E-05 0.464312 0.0778843 0.323527 0.134176
0.131252 0.48748 0.054247 0.242036 0.0849849
0.00280692 0.392338 0.114462 0.30217 0.188223
0.062562 0.470202 0.162197 0.215242 0.0897971
0.0164185 0.57136 9.9982E-05 0.412022 9.9982E-05
9.9982E-05 0.322149 9.9982E-05 0.547247 0.130404
0.0593157 0.59256 0.0680866 0.273184 0.00685295
0.00963318 0.274157 0.0313602 0.633665 0.0511855
0.0230079 0.498238 0.0438301 0.415441 0.0194833
0.109418 0.647375 9.9991E-05 0.183795 0.0593125
0.0317779 0.618447 0.0794528 0.199454 0.0708674
0.218291 0.547925 0.147648 0.086037 9.9991E-05
0.199158 0.38059 0.175809 0.128968 0.115475
0.176091 0.35537 0.279379 0.164474 0.0246864
0.120652 0.384543 0.2347 0.0980765 0.162029
0.230839 0.43714 0.149634 0.0567923 0.125595
0.17643 0.517341 0.148776 0.120188 0.0372651
0.202329 9.9991E-05 0.173322 0.605845 0.0184049
0.0608133 0.574698 0.229369 0.0235928 0.111527
0.392492 9.9982E-05 0.184565 0.422743 9.9982E-05
0.0609984 0.570045 0.229198 0.133213 0.0065445
9.9973E-05 0.230445 9.9973E-05 0.769255 9.9973E-05
9.9982E-05 9.9982E-05 0.0228667 0.88307 0.0938638
9.9991E-05 0.502161 0.0399365 0.374044 0.0837582
0.071798 0.677024 0.0172343 0.196609 0.0373341
9.9982E-05 0.515319 9.9982E-05 0.473039 0.0114419
0.00485202 0.611177 0.0417933 0.342078 9.9991E-05
9.9991E-05 0.606662 0.0702851 0.262288 0.060665
0.860768 0.0830877 0.044697 0.0113474 9.9991E-05
0.748097 9.9991E-05 0.116862 0.000553625 0.134387
0.918517 9.9982E-05 0.0377025 9.9982E-05 0.0435808
0.947596 0.0521036 9.9973E-05 9.9973E-05 9.9973E-05
0.0367653 0.572674 0.0625816 0.226421 0.101558
0.0952507 0.537261 0.0393131 0.268391 0.0597847
9.9982E-05 0.635427 9.9982E-05 0.2381 0.126273
0.113168 0.68507 0.000608508 0.153703 0.0474504
0.142151 0.597182 9.9991E-05 0.189777 0.07079
9.9982E-05 0.398541 9.9982E-05 0.408616 0.192643
0.00271379 0.807264 9.9982E-05 0.189822 9.9982E-05
0.00200061 0.477697 9.9982E-05 0.520103 9.9982E-05
0.231779 0.441415 0.247711 9.9991E-05 0.0789952
9.9991E-05 0.496851 0.0826195 0.335967 0.0844625
9.9982E-05 0.512352 9.9982E-05 0.308702 0.178746
9.9982E-05 0.743493 9.9982E-05 0.207892 0.0484159
9.9982E-05 0.557562 9.9982E-05 0.315476 0.126762
9.9982E-05 0.688106 0.00676546 0.304929 9.9982E-05
0.112771 0.693658 0.00150685 0.154565 0.0374983
9.9973E-05 0.290802 9.9973E-05 0.708898 9.9973E-05
0.0349064 0.395345 9.9991E-05 0.533691 0.0359571
9.9982E-05 0.490965 9.9982E-05 0.392212 0.116624
9.9973E-05 0.0650464 9.9973E-05 0.934654 9.9973E-05
0.000125655 0.562501 0.0215498 0.218999 0.196824
9.9982E-05 0.236693 9.9982E-05 0.750936 0.012171
9.9982E-05 0.0614115 9.9982E-05 0.845569 0.0928192
0.0162221 0.640492 0.0812802 0.203577 0.0584296
9.9982E-05 0.380562 9.9982E-05 0.430713 0.188525
9.9991E-05 0.536702 0.0616437 0.259717 0.141838
0.11252 0.573439 0.0472861 0.261538 0.00521647
9.9982E-05 0.611168 9.9982E-05 0.321307 0.0673254
9.9991E-05 0.355789 0.154425 0.197541 0.292145
0.0244161 0.655665 9.9991E-05 0.154702 0.165117
0.053794 0.642321 9.9991E-05 0.220365 0.0834202
9.9982E-05 0.394119 9.9982E-05 0.586969 0.0187124
0.114725 0.614186 0.00666458 0.264325 9.9991E-05
0.64135 9.9982E-05 9.9982E-05 0.0529621 0.305488
0.76838 0.0800293 9.9991E-05 0.0726777 0.0788134
0.845211 9.9982E-05 9.9982E-05 0.105722 0.0488673
0.813362 9.9982E-05 9.9982E-05 0.00334201 0.183096
0.765973 0.0628167 9.9982E-05 9.9982E-05 0.17101
0.0152164 0.362279 9.9991E-05 0.349319 0.273086
0.0107241 0.325479 9.9991E-05 0.55454 0.109157
9.9973E-05 0.370831 9.9973E-05 0.628869 9.9973E-05
0.0870994 0.552346 0.10051 0.214441 0.0456036
0.0770532 0.654763 0.0534933 0.0299227 0.184768
0.0272772 0.465293 0.0306033 0.476726 9.9991E-05
0.00539881 0.759513 0.049705 0.185283 9.9991E-05
0.100916 0.589607 0.00469486 0.283195 0.0215871
0.00818607 0.686984 9.9991E-05 0.179022 0.125708
9.9991E-05 0.60833 0.0531682 0.23122 0.107182
9.9982E-05 0.399016 9.9982E-05 0.443266 0.157518
0.00949643 0.5378 9.9991E-05 0.330362 0.122241
9.9982E-05 0.512199 9.9982E-05 0.300909 0.186692
0.091453 0.608643 0.0325227 0.169102 0.0982789
9.9982E-05 0.566003 9.9982E-05 0.323533 0.110264
0.0120248 0.523424 0.0643191 0.371147 0.0290851
0.0389501 0.416847 0.474419 0.0199567 0.0498276
0.0837089 0.351154 0.51228 9.9991E-05 0.0527565
0.0933297 0.382818 0.491015 0.0327375 9.9991E-05
0.156726 0.283739 0.525322 0.0341135 9.9991E-05
0.123868 0.472161 0.355844 9.9991E-05 0.0480261
0.0442913 0.560877 0.0501357 0.338844 0.0058526
0.2453 0.0231578 0.69324 0.0166602 0.0216417
0.156261 0.299097 0.544442 9.9982E-05 9.9982E-05
0.155349 0.419241 0.203147 0.217613 0.00464992
0.206831 0.629113 0.0147505 0.149205 9.9991E-05
0.179122 0.494559 0.0272258 0.23568 0.0634128
0.104475 0.694562 0.0598017 0.141061 9.9991E-05
0.141976 0.566935 0.0630192 0.171032 0.0570374
0.234463 0.299275 0.466062 9.9982E-05 9.9982E-05
0.102061 0.418467 0.364852 9.9991E-05 0.11452
0.0455938 0.389996 0.56421 9.9982E-05 9.9982E-05
0.136235 0.423883 0.279867 0.136032 0.023983
0.131312 0.273736 0.584479 9.9991E-05 0.0103734
0.12346 0.399842 0.395857 0.0807406 9.9991E-05
0.134589 0.292047 0.547733 9.9991E-05 0.0255307
0.0491659 0.402281 0.418325 0.0209388 0.109289
0.109419 0.56984 0.0323163 0.288325 9.9991E-05
0.176031 0.371874 0.411342 0.0136468 0.0271073
0.20237 0.142736 0.654694 9.9982E-05 9.9982E-05
0.0985717 0.311795 0.44382 0.0821839 0.0636297
0.182048 0.271993 0.0141736 0.271085 0.2607
9.9991E-05 0.602446 0.158897 0.115216 0.123342
0.214386 0.354076 0.338523 0.0720609 0.0209539
0.117035 0.683726 0.0636179 0.120268 0.0153527
0.20997 0.563863 9.9991E-05 0.183286 0.0427821
0.253609 0.360209 0.185464 0.200617 9.9991E-05
0.289947 0.314484 0.27211 0.0553535 0.0681056
0.149273 0.589776 0.0975656 0.146183 0.0172033
0.0996284 0.426628 0.410184 0.0352861 0.0282737
0.0932604 0.338853 0.545905 9.9991E-05 0.0218815
0.194527 0.121893 0.667166 0.0071494 0.00926544
0.0932642 0.602763 0.086519 0.129 0.0884539
0.174773 0.576578 9.9991E-05 0.214043 0.034506
0.191604 0.164262 0.0198784 0.624155 9.9991E-05
0.0464919 0.554318 0.226125 0.0570746 0.11599
0.125315 0.368964 0.0724714 0.158317 0.274934
0.158833 0.488377 0.1922 0.11342 0.0471699
0.11832 0.420523 0.16674 0.15802 0.136397
0.360319 9.9982E-05 0.219464 0.420017 9.9982E-05
0.341501 9.9982E-05 0.164287 0.494012 9.9982E-05
0.141591 0.221605 0.173569 0.369516 0.0937196
0.382695 9.9991E-05 0.259798 0.343097 0.0143097
0.480914 9.9982E-05 0.243936 0.27495 9.9982E-05
0.138177 0.322524 0.192853 0.339491 0.006955
0.284873 0.384336 0.144867 0.185824 9.9991E-05
0.332169 0.194314 0.182049 0.2882 0.00326802
0.340602 0.075178 0.181665 0.402455 9.9991E-05
0.120139 0.460408 0.183284 0.149558 0.0866108
0.239877 0.185755 0.165871 0.408397 9.9991E-05
0.510808 9.9982E-05 0.0954873 0.393504 9.9982E-05
0.117897 0.485492 0.171187 0.0860999 0.139324
0.177737 0.295473 0.300659 0.176393 0.0497379
0.278917 0.437589 0.190973 0.0169719 0.0755493
0.219447 0.495726 0.284627 9.9982E-05 9.9982E-05
0.148304 0.467928 0.252278 0.0855806 0.0459095
0.138601 0.504814 0.259204 0.0930277 0.00435442
0.388636 0.375665 0.201442 9.9991E-05 0.034157
0.240623 0.516296 0.242881 9.9982E-05 9.9982E-05
0.241805 0.516175 0.24182 9.9982E-05 9.9982E-05
0.257036 0.323578 0.270417 0.0748211 0.0741481
0.169617 0.372243 0.153676 0.146235 0.15823
0.142772 0.584159 0.132384 0.0524153 0.0882699
0.17413 0.590477 0.086584 9.9991E-05 0.14871
0.135597 0.694134 0.0674386 0.034019 0.0688122
0.301594 0.374621 0.30455 0.00361968 0.0156153
0.22541 0.435579 0.212907 0.0981596 0.0279452
0.380033 0.166038 0.248353 0.205475 9.9991E-05
0.201915 0.555414 0.181682 9.9991E-05 0.0608891
0.284777 0.175619 0.370304 0.169199 9.9991E-05
0.822232 0.00384522 9.9991E-05 0.0829197 0.0909029
0.0417116 0.0859109 0.0128406 0.0856163 0.773921
9.997E-05 9.997E-05 9.997E-05 9.997E-05 0.9996
9.997E-05 9.997E-05 9.997E-05 9.997E-05 0.9996
9.9973E-05 0.0390585 9.9973E-05 9.9973E-05 0.960642
9.9982E-05 0.0328036 0.0275374 9.9982E-05 0.939459
9.9973E-05 0.079002 9.9973E-05 9.9973E-05 0.920698
0.0195073 9.9973E-05 9.9973E-05 9.9973E-05 0.980193
0.209082 9.9973E-05 9.9973E-05 9.9973E-05 0.790618
0.906248 0.0197044 0.0172666 0.0257489 0.0310322
0.818446 0.0650106 9.9982E-05 9.9982E-05 0.116343
0.88375 0.0237332 0.0599631 0.0324542 9.9991E-05
0.855012 0.0352001 9.9991E-05 0.0126439 0.0970445
0.922236 0.0306782 0.0465747 9.9991E-05 0.000411436
0.90947 9.9991E-05 0.00843745 0.0318751 0.0501171
0.741627 9.9982E-05 0.175669 9.9982E-05 0.0825044
0.863233 0.0948891 0.0358109 9.9991E-05 0.00596668
0.746871 0.0999172 0.0107514 0.00309643 0.139364
0.912757 9.9991E-05 0.0788327 0.00400456 0.00430626
0.935377 9.9973E-05 9.9973E-05 9.9973E-05 0.0643234
0.852909 0.0358108 0.0556299 0.00272237 0.0529282
0.950348 0.0187805 0.00513114 9.9991E-05 0.0256406
0.911415 0.0704547 0.0179304 9.9982E-05 9.9982E-05
0.883743 0.0839774 0.0320797 9.9982E-05 9.9982E-05
0.834804 0.0795314 0.0854651 9.9982E-05 9.9982E-05
0.771987 0.066014 0.161799 9.9982E-05 9.9982E-05
0.772452 0.103205 0.124143 9.9982E-05 9.9982E-05
0.804089 0.115582 0.0801288 9.9982E-05 9.9982E-05
0.173301 0.419798 0.0751821 0.260379 0.0713396
0.112198 0.70836 9.9982E-05 0.179242 9.9982E-05
0.127382 0.692404 0.0443521 0.135761 9.9991E-05
0.126615 0.146232 0.0415048 0.685549 9.9991E-05
0.149036 0.599968 9.9991E-05 0.104731 0.146165
0.20274 0.100523 0.0442959 0.652341 9.9991E-05
0.087225 0.662979 0.0890567 0.160639 9.9991E-05
0.104015 0.489871 9.9991E-05 0.272606 0.133408
0.083423 0.584438 0.0258963 0.241327 0.0649151
0.0311799 0.622903 0.00202546 0.217886 0.126005
0.110445 0.495646 9.9991E-05 0.269607 0.124203
0.160371 0.694574 9.9991E-05 0.13854 0.00641485
0.153769 0.640965 9.9991E-05 0.0902148 0.114951
9.9991E-05 0.0725694 0.0815169 0.364095 0.481719
0.122659 9.9982E-05 9.9982E-05 0.821149 0.055992
0.159906 0.227336 9.9982E-05 0.612559 9.9982E-05
0.105261 0.705986 0.0626628 0.0784649 0.0476245
0.147582 0.620755 0.00889012 0.20842 0.0143531
0.174143 0.573533 0.015535 0.236688 9.9991E-05
0.0689423 0.683188 0.0698493 0.177921 9.9991E-05
0.222789 0.538438 0.190045 0.048628 9.9991E-05
0.209658 0.581335 0.208807 9.9982E-05 9.9982E-05
0.385443 0.0894701 0.218934 0.141224 0.164929
0.151699 0.722865 9.9991E-05 0.111081 0.0142538
0.243437 0.486971 0.151474 0.0590931 0.059025
0.456602 9.9982E-05 0.192809 0.350389 9.9982E-05
0.310729 0.339563 0.216222 0.133386 9.9991E-05
0.392928 0.296931 0.208491 0.0137321 0.0879175
0.315046 0.465614 0.0908056 0.00238948 0.126145
0.179883 0.514008 0.216692 0.000880327 0.0885367
0.259875 0.551001 0.162517 0.0265068 9.9991E-05
0.209744 0.656289 0.132278 9.9991E-05 0.00158865
0.156541 0.400232 0.188761 0.200746 0.05372
0.470998 0.319878 0.185191 0.0238332 9.9991E-05
