9.9982E-05 0.0599369 0.0145655 0.925298 9.9982E-05
0.0490579 9.9973E-05 9.9973E-05 0.950642 9.9973E-05
9.9991E-05 0.0394002 0.00385765 0.840163 0.116479
9.999E-05 0.0916693 0.0831764 0.793545 0.0315096
9.999E-05 0.0195463 0.0428273 0.884067 0.0534589
0.163609 0.0612979 0.0469085 0.664146 0.0640389
0.0936871 0.0251469 0.00653811 0.874528 9.9991E-05
0.0266166 0.159156 9.9991E-05 0.790065 0.0240625
0.102815 0.0485213 9.9982E-05 0.848463 9.9982E-05
0.0569153 0.0458521 0.101807 0.725191 0.0702349
0.0325729 0.148041 9.9991E-05 0.749239 0.0700474
0.104211 0.52372 0.0844601 9.9991E-05 0.287509
0.0394642 0.234704 0.126156 0.0363776 0.563298
0.106392 0.51229 0.112864 0.0515065 0.216947
0.0339389 0.373834 0.103027 0.0556394 0.433561
0.0790086 0.249156 0.11569 0.116911 0.439233
0.0137812 0.246876 0.142108 0.0263145 0.57092
0.0320374 0.293176 0.118561 0.0630228 0.493203
0.0445367 0.401287 0.089737 0.111321 0.353118
0.148906 0.685795 0.0750289 0.065073 0.0251973
0.145723 0.276225 0.0942749 0.053917 0.42986
0.173386 0.156283 0.07976 0.0895461 0.501025
0.0168181 0.286009 0.0796793 9.9991E-05 0.617393
0.0941644 0.426568 0.194439 0.000860763 0.283968
0.00142046 0.0990357 0.110322 0.157757 0.631464
9.9991E-05 0.239026 0.109228 0.0244995 0.627147
0.0602934 0.541908 0.109019 0.00902418 0.279755
0.0204301 0.502757 0.182007 0.0127394 0.282067
0.194039 0.480784 0.0535256 0.0119203 0.259731
9.9982E-05 9.9982E-05 0.0728668 0.847481 0.0794518
9.9982E-05 9.9982E-05 0.0301749 0.844477 0.125148
9.9991E-05 0.0125588 0.00204866 0.80627 0.179023
9.9982E-05 9.9982E-05 0.022705 0.794192 0.182903
0.13735 0.129459 0.00940361 0.0201419 0.703645
0.142318 0.0996176 0.0427826 0.132963 0.582318
0.173671 9.9982E-05 9.9982E-05 0.050902 0.775227
0.111118 0.583999 0.0471666 0.065646 0.192071
0.408603 0.0541354 9.9991E-05 0.0223232 0.514838
0.125665 0.201308 0.0899687 0.0358208 0.547237
0.0810626 0.00379271 0.0657495 0.0189177 0.830478
0.0895142 0.0779711 9.9991E-05 0.131515 0.7009
9.9991E-05 0.0940571 0.0589121 0.121864 0.725067
0.445347 0.201126 9.9982E-05 9.9982E-05 0.353328
0.119138 0.0700048 0.089284 0.0909528 0.63062
0.144504 0.0463534 0.132386 0.0846086 0.592148
0.06733 0.0596387 0.0752612 0.176264 0.621506
0.486814 0.00506752 9.9982E-05 9.9982E-05 0.507919
0.101886 0.0525993 0.0718361 0.0820303 0.691649
0.0684658 0.0577232 0.0674945 0.159716 0.646601
0.808543 0.0614507 9.9991E-05 0.0895785 0.0403282
0.216977 0.518662 9.9982E-05 9.9982E-05 0.264161
0.59286 0.212151 0.0627197 0.0472547 0.0850145
0.0584466 0.137339 0.0553941 0.119566 0.629254
0.0350258 0.0479048 0.0124958 0.150641 0.753932
0.103998 0.0404227 0.117727 0.0859716 0.651881
0.222709 0.419203 9.9991E-05 0.0916757 0.266312
0.035596 0.247843 0.109161 0.0385408 0.56886
0.0121346 0.221264 0.149442 0.0652351 0.551924
0.126977 0.279173 0.0496518 0.11541 0.428788
0.262927 0.373933 0.106379 0.176626 0.0801351
0.148978 0.0504511 0.0397796 0.124769 0.636022
0.0799501 0.325049 0.148801 0.0395027 0.406697
0.279078 0.563341 9.9991E-05 0.0673895 0.0900914
0.125391 0.249485 0.0846457 9.9991E-05 0.540378
0.165586 0.0631626 0.0835404 0.00693792 0.680773
0.172386 0.0790835 0.127509 0.0858062 0.535215
0.25571 0.2511 0.0778693 0.0264026 0.388918
0.171694 0.196935 0.122619 0.00988757 0.498865
0.0319184 0.251175 0.059585 0.0670658 0.590256
0.262247 0.481066 0.0356816 0.00627181 0.214734
0.205424 0.121091 9.9982E-05 9.9982E-05 0.673285
0.378872 0.187866 9.9982E-05 9.9982E-05 0.433063
0.150314 0.061304 0.20815 0.0592961 0.520936
0.755018 0.0753199 9.9982E-05 9.9982E-05 0.169462
0.708558 0.105477 9.9982E-05 9.9982E-05 0.185764
0.349436 0.113548 9.9982E-05 9.9982E-05 0.536816
0.202645 0.127386 9.9982E-05 9.9982E-05 0.669769
0.062566 0.0647313 0.0456555 0.22412 0.602927
0.215031 0.147897 0.035855 9.9991E-05 0.601117
0.234188 0.3255 9.9991E-05 0.040715 0.399498
0.22441 0.371861 9.9982E-05 9.9982E-05 0.403529
0.0951684 0.0983602 0.0759203 0.11744 0.613111
0.284621 0.167639 0.00207332 0.0502201 0.495446
0.232696 0.0955808 9.9991E-05 0.0504194 0.621204
0.385793 9.9973E-05 9.9973E-05 9.9973E-05 0.613907
0.743158 0.0871825 9.9982E-05 9.9982E-05 0.169459
0.180351 9.9991E-05 0.0419729 0.0443095 0.733266
9.9991E-05 0.0561851 0.0270212 0.801209 0.115485
9.9973E-05 9.9973E-05 9.9973E-05 0.953406 0.0462946
9.9982E-05 9.9982E-05 0.0516487 0.875115 0.0730366
0.00213617 9.9991E-05 0.0226183 0.945033 0.0301121
0.00520556 9.9982E-05 9.9982E-05 0.894151 0.100443
9.9991E-05 0.0221778 0.0292047 0.890677 0.0578408
9.9982E-05 9.9982E-05 0.0132423 0.935957 0.0506004
0.118665 0.0373713 0.0645578 0.11157 0.667836
0.0247828 0.132939 0.0993611 0.0944468 0.648471
0.557532 0.164792 9.9982E-05 9.9982E-05 0.277475
0.0685893 0.0350962 0.0697753 0.152548 0.673991
0.198016 0.135157 9.9991E-05 0.0818294 0.584897
0.21326 0.0095241 0.0556033 0.0921058 0.629507
0.236874 0.0715239 0.0479729 0.013592 0.630038
0.249315 0.0125124 0.0567014 0.0185058 0.662965
0.465332 0.382979 9.9991E-05 0.0190987 0.13249
0.0755861 0.0620457 0.0798678 0.181421 0.601079
0.100544 0.0547271 0.0304512 0.129332 0.684946
0.139338 0.18101 0.159994 0.0311632 0.488494
0.486271 9.9982E-05 9.9982E-05 0.0365389 0.47699
0.273517 9.9991E-05 0.0161133 0.0359692 0.6743
0.17126 0.15338 9.9991E-05 0.0216189 0.653641
0.398876 9.9982E-05 0.080928 9.9982E-05 0.519996
0.138474 0.264791 9.9982E-05 9.9982E-05 0.596534
0.0686562 0.0711989 9.9991E-05 0.135044 0.725001
0.310411 0.375981 0.0334562 9.9991E-05 0.280051
0.0365231 0.387915 0.150537 0.0826419 0.342383
0.10252 0.160829 0.0268949 0.100292 0.609464
0.00602614 0.179512 0.0571336 0.102594 0.654733
0.0218043 0.344243 9.9991E-05 0.0605352 0.573317
0.00228146 0.255445 0.0974727 9.9991E-05 0.644701
9.9991E-05 0.394281 0.0533041 0.0175185 0.534797
0.0731646 0.163248 0.0328169 0.148423 0.582347
0.021091 0.25895 0.0540595 0.0191125 0.646787
0.096629 0.138157 0.0635709 0.0850417 0.616601
0.0711181 0.361224 9.9982E-05 9.9982E-05 0.567458
0.00755811 0.193552 0.0995249 9.9991E-05 0.699265
0.097046 0.22857 0.0987164 0.03234 0.543327
0.00152096 0.300049 0.0480088 9.9991E-05 0.650321
0.0464226 0.129101 0.0711324 0.111512 0.641833
0.0738609 0.216409 0.128952 9.9991E-05 0.580678
0.144932 0.29232 0.0111817 0.139844 0.411723
0.0103411 0.166322 0.0818946 0.0471788 0.694263
9.9991E-05 0.151371 0.0629609 0.104746 0.680822
0.170425 0.449996 0.0863019 9.9991E-05 0.293178
0.376455 0.309048 0.0583323 0.0531285 0.203036
0.0434112 0.176217 0.0357144 0.0797041 0.664954
0.459454 0.393908 0.0775165 9.9991E-05 0.0690214
0.121885 0.485652 9.9991E-05 0.0431286 0.349234
0.0171496 0.391707 9.9991E-05 0.0324109 0.558633
0.0453806 0.527954 9.9991E-05 0.0170629 0.409503
0.0981801 0.542931 9.9991E-05 0.0222748 0.336514
9.9991E-05 0.158891 0.083403 0.0932647 0.664341
0.0469489 0.120883 0.125517 0.116273 0.590378
0.124726 0.199555 0.102478 0.0660681 0.507173
0.32933 0.414656 0.0835439 9.9991E-05 0.17237
0.134756 0.044097 0.0502923 0.152088 0.618767
0.313959 0.0519364 0.0840887 0.0253725 0.524643
0.61328 0.124646 9.9991E-05 0.188741 0.0732326
0.101675 9.9991E-05 0.0925049 0.125037 0.680684
0.278084 0.147345 0.0948097 0.0914039 0.388357
0.184633 0.00908189 0.0468152 0.143325 0.616146
0.392947 0.146412 0.0300588 0.135799 0.294784
0.455362 0.157132 9.9991E-05 0.162166 0.22524
0.210156 0.175213 0.0310366 0.0651694 0.518425
0.119413 0.0702844 0.101629 0.122116 0.586558
0.205393 0.204319 0.123914 0.0959796 0.370394
0.591422 0.116596 0.210989 0.0654181 0.0155744
0.12577 0.116084 0.167317 0.00817963 0.582649
0.449793 0.108867 9.9982E-05 9.9982E-05 0.441139
0.16372 0.23559 9.9982E-05 9.9982E-05 0.60049
0.128019 0.0246637 0.185364 0.0804681 0.581486
0.193048 9.9991E-05 0.273533 0.380287 0.153033
0.21548 9.9982E-05 0.164613 0.619707 9.9982E-05
0.36997 9.9982E-05 0.16578 0.46405 9.9982E-05
0.0872011 0.0380859 0.331661 0.439361 0.103691
0.253841 9.9982E-05 0.0165901 9.9982E-05 0.729369
0.0930359 0.0203525 0.0822697 0.110475 0.693867
9.9982E-05 0.0352857 0.686778 9.9982E-05 0.277737
9.9991E-05 0.0744844 0.432875 0.0288721 0.463669
0.144149 0.0130369 0.345067 0.114885 0.382862
0.540896 0.00758421 0.0103726 0.0469086 0.394239
0.283316 0.0276737 0.163584 0.00718517 0.518241
0.662241 0.0514447 0.0600475 0.0334206 0.192846
0.238404 9.9991E-05 0.0736035 0.0486313 0.639262
0.379966 0.016039 0.122875 0.0269127 0.454208
0.230157 0.0056047 0.0433745 0.0601125 0.660751
0.580384 0.0640154 0.0298975 0.0238551 0.301848
0.157328 0.00335748 0.152983 0.0200112 0.666321
0.197262 9.9991E-05 0.0953698 0.165858 0.54141
0.0184233 9.9982E-05 0.974196 9.9982E-05 0.00718063
0.010683 0.0206097 0.914037 9.9991E-05 0.0545703
0.0186455 9.9991E-05 0.58184 0.0596765 0.339738
9.9982E-05 9.9982E-05 0.734247 0.0316884 0.233865
9.9982E-05 9.9982E-05 0.844576 0.0339118 0.121312
9.997E-05 9.997E-05 0.9996 9.997E-05 9.997E-05
9.9982E-05 0.0429054 0.943958 0.012937 9.9982E-05
9.9973E-05 9.9973E-05 0.911268 9.9973E-05 0.0884317
9.9973E-05 0.0197248 0.979975 9.9973E-05 9.9973E-05
9.997E-05 9.997E-05 0.9996 9.997E-05 9.997E-05
9.9973E-05 9.9973E-05 0.990706 0.00899386 9.9973E-05
9.9991E-05 0.00353271 0.791329 0.0451293 0.159909
9.9982E-05 9.9982E-05 0.749673 0.0588591 0.191268
0.00507429 0.00509577 0.98963 9.9982E-05 9.9982E-05
0.023864 0.122151 0.437419 0.120686 0.29588
9.9991E-05 0.0555989 0.656938 0.0437732 0.24359
9.9991E-05 0.0323638 0.725856 0.0401589 0.201522
9.9982E-05 0.0442082 0.87749 9.9982E-05 0.0781022
9.997E-05 9.997E-05 0.9996 9.997E-05 9.997E-05
9.9991E-05 0.0268741 0.894528 0.0164143 0.0620836
9.997E-05 9.997E-05 0.9996 9.997E-05 9.997E-05
9.9991E-05 0.080665 0.627138 0.0271416 0.264956
0.0200042 0.0389216 0.940874 9.9982E-05 9.9982E-05
0.502875 9.9982E-05 0.0989394 0.397986 9.9982E-05
0.0947922 0.204435 0.0797686 0.188749 0.432256
0.240818 0.0492822 0.138066 0.238325 0.33351
0.422582 9.9991E-05 0.124921 0.30308 0.149317
0.223789 9.9991E-05 0.0951154 0.153873 0.527123
0.334745 9.9991E-05 0.150559 0.300908 0.213689
0.0642446 0.113502 0.0666247 0.183437 0.572192
0.321373 9.9991E-05 0.218743 0.187886 0.271898
0.0729309 9.9991E-05 0.181802 0.193292 0.551876
0.184033 9.9991E-05 0.253828 0.222704 0.339336
0.155676 0.0552644 0.123417 0.182266 0.483376
0.00870154 0.103321 9.9991E-05 0.855331 0.0325462
0.0228426 9.9982E-05 0.0456691 0.931288 9.9982E-05
9.9973E-05 0.00120982 9.9973E-05 0.99849 9.9973E-05
9.9982E-05 0.0158319 9.9982E-05 0.971759 0.0122095
9.9982E-05 0.0611831 0.04521 0.893407 9.9982E-05
0.00909812 9.9982E-05 0.0620539 0.928648 9.9982E-05
9.9982E-05 9.9982E-05 0.103174 0.895105 0.00152126
0.101416 0.00375488 9.9991E-05 0.886576 0.00815355
9.99838E-05 9.99838E-05 0.00358901 0.962243 0.033968
0.0064988 9.9991E-05 0.050967 0.903604 0.0388302
0.138157 0.213132 0.00932758 0.639283 9.9991E-05
0.00685516 0.369765 9.9991E-05 0.617975 0.00530448
0.129565 0.321444 9.9982E-05 0.548791 9.9982E-05
0.111609 0.372136 9.9982E-05 0.516054 9.9982E-05
0.130442 0.151627 9.9991E-05 0.0686514 0.64918
0.161726 0.116874 9.9991E-05 0.0758804 0.64542
0.0969374 0.161262 0.0340516 0.0129016 0.694848
0.119705 0.324785 9.9991E-05 0.0113933 0.544017
0.0656937 0.677766 0.0226967 9.9991E-05 0.233743
0.0471514 0.138127 0.0676103 0.0670676 0.680044
0.0827274 0.184527 0.05943 9.9991E-05 0.673216
0.156948 0.165466 0.0607346 9.9991E-05 0.616752
0.434507 0.0264883 0.0695477 9.9991E-05 0.469357
0.0772748 0.0688416 9.9991E-05 0.0521152 0.801668
0.245799 0.165025 9.9991E-05 0.0219955 0.567081
0.753414 0.146755 9.9982E-05 9.9982E-05 0.0996306
0.14212 0.125167 0.0809599 0.0460311 0.605722
0.556393 0.0156162 0.018497 0.00225055 0.407243
0.248935 9.9991E-05 0.0111846 0.0324486 0.707331
0.389849 0.286438 9.9991E-05 0.004933 0.31868
0.0719106 0.736969 9.9991E-05 0.14472 0.0463009
0.0397466 0.768491 9.9991E-05 0.11855 0.0731126
0.0803019 0.864953 9.9982E-05 0.0545447 9.9982E-05
0.0506853 0.827786 9.9982E-05 0.121328 9.9982E-05
0.108262 0.781038 0.0544037 9.9991E-05 0.0561964
9.9991E-05 0.817075 0.0775935 0.071365 0.0338668
9.9982E-05 9.9982E-05 0.00276309 0.894336 0.102701
9.9982E-05 0.0881587 0.0793518 0.832289 9.9982E-05
9.9982E-05 9.9982E-05 0.115095 0.778891 0.105814
9.9991E-05 0.0844768 0.105924 0.764815 0.0446841
9.9982E-05 9.9982E-05 0.0740214 0.816141 0.109637
0.0726131 0.535904 9.9982E-05 0.391283 9.9982E-05
0.140752 0.377576 9.9982E-05 0.481472 9.9982E-05
0.0759758 0.487887 0.00631709 0.42972 9.9991E-05
9.9991E-05 0.0223806 0.0385717 0.820742 0.118206
0.0603491 0.556326 9.9982E-05 0.383125 9.9982E-05
0.117492 9.9991E-05 0.403964 0.230623 0.247822
9.9982E-05 9.9982E-05 0.252393 0.133582 0.613826
9.9982E-05 9.9982E-05 0.332431 0.197541 0.469828
0.0750023 0.0302951 0.243712 0.269985 0.381005
9.9991E-05 0.166174 0.240067 0.162775 0.430884
0.229981 9.9982E-05 0.27914 0.490679 9.9982E-05
0.0753194 0.354499 9.9991E-05 0.0378031 0.532279
0.250693 0.248313 0.0414932 0.00898502 0.450516
9.9991E-05 0.571384 0.0303315 0.0793099 0.318875
0.297845 0.101328 0.0524492 0.00875778 0.53962
0.817317 0.182383 9.9973E-05 9.9973E-05 9.9973E-05
0.120178 0.0713965 0.0619987 0.130121 0.616306
0.206344 0.157908 0.0445895 0.0275374 0.563621
0.0844722 0.475365 9.9991E-05 0.0423312 0.397731
0.0482056 0.146712 0.145665 0.0732837 0.586134
0.514119 0.291163 9.9982E-05 9.9982E-05 0.194518
0.213877 0.232743 0.117439 9.9991E-05 0.435841
0.0802007 0.246498 9.9982E-05 9.9982E-05 0.673101
0.0883979 0.0296528 0.157094 0.183496 0.541359
0.269724 0.26972 0.0467588 9.9991E-05 0.413697
0.127992 0.251577 0.0684502 0.0306065 0.521374
0.187866 0.127265 0.107102 9.9991E-05 0.577667
0.113722 0.0936044 9.9991E-05 0.120229 0.672345
0.0307996 0.164318 0.125858 0.00797576 0.671048
0.0791933 0.200482 0.0966803 0.0527135 0.57093
0.0734441 0.139198 0.0379196 0.0668763 0.682562
9.9982E-05 9.9982E-05 0.0647945 0.807775 0.12723
0.0286082 9.9991E-05 0.0193865 0.875135 0.0767703
0.0792881 0.0766769 9.9991E-05 0.807833 0.0361019
0.105275 0.0552783 0.0154036 0.815549 0.00849382
9.9982E-05 9.9982E-05 0.00735333 0.863428 0.129018
0.0183835 0.667738 0.0842883 9.9991E-05 0.22949
0.122886 0.232462 0.150289 0.0142984 0.480065
0.0667712 0.0622216 0.185987 0.239384 0.445637
0.0423602 0.195141 0.122811 0.0142197 0.625469
0.0189245 0.258687 0.00401854 0.109552 0.608818
0.288786 0.376013 0.110963 9.9991E-05 0.224137
0.184089 0.633246 9.9991E-05 0.150714 0.0318513
0.00808116 0.32924 0.0426498 0.0346678 0.585361
0.225402 0.492443 0.0804286 0.0598419 0.141885
0.228414 0.223758 0.10572 0.0199479 0.42216
0.135897 0.60181 0.0447369 0.117961 0.0995963
9.9991E-05 0.188342 0.141494 0.126412 0.543652
0.117687 0.559879 0.0512625 0.0803872 0.190785
0.149474 0.354944 0.143877 0.0860423 0.265663
0.145389 0.184344 0.0562401 0.0612413 0.552785
0.435106 0.123963 0.0150381 0.0918497 0.334042
0.130979 0.0690542 0.0304718 0.151189 0.618307
0.167504 0.0580756 0.123266 0.0746256 0.576529
0.392928 0.137239 9.9991E-05 0.0355239 0.434209
0.175817 0.095615 0.141064 0.0805626 0.506941
0.26724 9.9982E-05 9.9982E-05 0.104775 0.627785
0.723509 0.105216 9.9982E-05 9.9982E-05 0.171075
0.572648 9.9982E-05 9.9982E-05 0.0400541 0.387098
0.272267 0.0990333 0.0472094 0.0432678 0.538223
0.575804 0.15829 9.9991E-05 0.00641092 0.259395
0.272258 0.136574 9.9991E-05 0.0620396 0.529029
0.181432 0.644534 0.0278677 9.9991E-05 0.146067
0.319762 0.346642 0.055378 9.9991E-05 0.278118
9.9982E-05 0.521056 0.130994 9.9982E-05 0.34775
9.9991E-05 0.229115 0.0310442 0.0424663 0.697274
0.0967718 0.539249 0.0316961 9.9991E-05 0.332183
0.161448 0.166131 0.13736 0.0245135 0.510547
0.0151743 0.159393 0.0749503 0.0450267 0.705456
0.0860647 0.261994 0.0830347 0.0475514 0.521355
0.00155405 0.343001 0.12809 9.9991E-05 0.527255
0.0172581 0.356795 0.0152835 0.0560686 0.554595
0.125523 0.495007 0.137674 9.9991E-05 0.241696
0.0566842 0.485175 0.110238 9.9991E-05 0.347803
0.0668011 0.243386 0.083905 9.9991E-05 0.605808
0.0550911 0.210196 0.139068 0.00878825 0.586857
0.14893 0.303463 9.9991E-05 0.0629636 0.484543
0.0952067 0.253911 0.0695657 9.9991E-05 0.581216
9.9991E-05 0.455126 0.0814843 0.0524488 0.410841
0.0254119 0.303532 0.0871916 9.9991E-05 0.583764
0.153337 0.223233 0.0878825 0.0737095 0.461838
0.0656724 0.220705 0.140768 0.106996 0.465858
0.0311138 0.0508882 0.141138 0.341547 0.435314
0.100624 9.9991E-05 0.200722 0.203933 0.494621
0.111966 0.00316691 0.158736 0.168829 0.557302
0.125782 0.0599846 0.184253 0.036643 0.593337
0.0775382 0.0121926 0.214804 0.235727 0.459739
0.267511 0.155751 0.0890258 9.9991E-05 0.487612
9.9991E-05 0.155711 0.203037 0.146132 0.49502
0.501087 9.9991E-05 0.210153 0.279361 0.00929922
0.135697 0.0865968 0.24521 0.0959749 0.436521
0.0791724 9.9991E-05 0.174896 0.105529 0.640303
0.07342 0.109515 0.32363 0.0470886 0.446347
0.24716 0.0583605 0.165399 0.208123 0.320957
9.9982E-05 9.9982E-05 0.119004 0.236879 0.643917
0.0937396 9.9991E-05 0.236579 0.113066 0.556516
0.307395 9.9982E-05 0.198283 0.494122 9.9982E-05
0.0628173 9.9991E-05 0.195383 0.231116 0.510584
0.105302 0.0229645 0.336219 0.150487 0.385027
0.0512158 0.0199094 0.141851 0.138911 0.648113
0.0233823 9.9991E-05 0.264127 0.213787 0.498604
9.9991E-05 0.083122 0.196657 0.186171 0.53395
0.358155 0.0627917 0.118713 9.9991E-05 0.460241
0.167199 0.0171081 0.114197 0.0893684 0.612128
0.83073 0.0655827 0.0367236 9.9991E-05 0.066864
0.824085 0.0981858 9.9982E-05 9.9982E-05 0.0775292
0.184913 0.126876 0.116941 0.0653481 0.505922
0.144422 9.9991E-05 0.355226 0.0920928 0.408159
0.215923 9.9991E-05 0.380184 0.0936208 0.310172
0.267209 9.9991E-05 0.325635 0.26381 0.143246
0.08588 0.0424337 0.337311 0.169745 0.36463
0.735239 9.9991E-05 0.170647 0.0877531 0.00626139
0.566452 9.9991E-05 0.142049 0.0753533 0.216046
0.228483 0.0370039 0.141564 9.9991E-05 0.592849
0.302466 9.9991E-05 0.164587 0.0511947 0.481652
0.51192 9.9991E-05 0.120648 0.112902 0.254429
0.174062 0.0786085 0.129959 0.0843107 0.53306
0.225029 0.0612501 0.0991375 0.0107252 0.603858
0.27949 0.121857 0.162572 0.0627588 0.373322
0.450452 0.0823719 9.9991E-05 0.0522223 0.414854
0.468103 0.0701987 9.99965E-05 0.00147518 0.460123
0.226982 0.0432098 9.9991E-05 0.0679125 0.661796
0.309616 0.0863869 0.0382605 0.096818 0.468919
0.282943 0.0672449 0.0692079 0.0631557 0.517449
0.432289 9.9982E-05 9.9982E-05 0.00299778 0.564514
0.612688 0.100238 9.9982E-05 9.9982E-05 0.286873
0.300464 9.9991E-05 0.0809348 0.0377775 0.580724
0.569145 0.0807224 0.0487481 9.9991E-05 0.301284
0.433289 0.00507586 0.0185119 0.00905523 0.534068
0.118379 0.00253585 0.0789729 0.124879 0.675233
0.31907 0.0718193 0.0913314 0.0234751 0.494304
0.0750634 0.0164502 0.178527 0.216242 0.513717
0.140249 0.128548 0.21629 0.164438 0.350475
0.139884 0.0628059 0.33466 0.187293 0.275358
0.104703 0.0987828 0.230735 0.162136 0.403643
9.9991E-05 0.125955 0.256027 0.124466 0.493452
0.151162 0.0247156 0.19185 0.195156 0.437115
0.566475 0.0063555 0.221854 0.205215 9.9991E-05
0.0409082 0.058538 0.235173 0.0511085 0.614272
0.426963 9.9982E-05 0.163007 0.40983 9.9982E-05
0.170519 9.9991E-05 0.229069 0.0845478 0.515764
0.790415 9.9973E-05 9.9973E-05 9.9973E-05 0.209285
0.916537 0.0566849 9.9982E-05 9.9982E-05 0.026578
0.40101 0.00620174 0.00107424 0.00885373 0.582861
0.194832 9.9991E-05 0.0845943 0.0788711 0.641603
0.444777 0.0116446 9.9982E-05 9.9982E-05 0.543378
0.39726 0.0539969 9.9991E-05 0.00213491 0.546509
0.351435 9.9982E-05 0.0297606 9.9982E-05 0.618604
0.0647846 9.9991E-05 0.0226444 0.827662 0.0848088
9.9982E-05 0.135671 0.118041 0.746088 9.9982E-05
9.9982E-05 0.0605318 0.0247846 0.914484 9.9982E-05
9.9982E-05 9.9982E-05 0.00247609 0.936218 0.0611058
0.236771 0.0785834 9.9991E-05 0.086286 0.59826
0.137645 0.0830664 0.0658238 0.0866214 0.626843
0.237587 0.0859944 9.9982E-05 9.9982E-05 0.676218
0.0112797 0.0630422 0.0374854 0.15439 0.733803
0.14994 0.0432575 0.115322 0.0959205 0.59556
0.32336 0.256321 9.9991E-05 0.00521142 0.415008
0.193693 9.9991E-05 0.0333304 0.0474591 0.725417
0.479306 9.9973E-05 9.9973E-05 9.9973E-05 0.520394
9.9991E-05 0.0178268 0.24003 0.305978 0.436066
0.365653 0.0657553 0.0734342 9.9991E-05 0.495057
0.258727 0.234796 9.9982E-05 9.9982E-05 0.506277
0.213222 0.124 0.0451536 9.9991E-05 0.617524
0.231133 0.174122 9.99902E-05 0.00318878 0.591456
0.228127 0.0477224 0.0187399 9.9991E-05 0.705311
0.152706 0.0729047 0.0662576 0.0817605 0.626371
0.638618 9.9973E-05 9.9973E-05 9.9973E-05 0.361082
0.441552 0.120496 9.9991E-05 0.00884651 0.429006
0.340479 0.0964796 9.9982E-05 9.9982E-05 0.562842
0.925725 9.9973E-05 9.9973E-05 9.9973E-05 0.0739755
0.188562 0.202961 9.9991E-05 0.0131258 0.59525
0.728292 9.9982E-05 9.9982E-05 0.00425321 0.267255
0.889555 9.9982E-05 9.9982E-05 0.00940435 0.100841
0.210159 9.9982E-05 9.9982E-05 0.0730892 0.716551
0.368658 0.202168 9.9991E-05 0.0319177 0.397156
0.175472 0.261353 0.0381242 9.9991E-05 0.52495
0.142248 9.9991E-05 0.00432712 0.128272 0.725053
0.203645 0.10126 0.0268858 9.9991E-05 0.668109
0.217125 0.304535 0.125962 9.9991E-05 0.352278
0.215171 0.024161 0.0653523 0.00566796 0.689648
0.144906 0.196695 0.061427 9.9991E-05 0.596872
0.504089 9.9973E-05 9.9973E-05 9.9973E-05 0.495611
0.162064 0.044262 0.0255833 0.0893227 0.678768
0.0606784 0.30064 0.00240631 0.636175 9.9991E-05
0.0694373 0.0892477 0.02205 0.753192 0.0660731
0.0236288 0.14594 9.9982E-05 0.830231 9.9982E-05
0.0380228 0.141043 9.9982E-05 0.820735 9.9982E-05
9.9982E-05 0.231243 9.9982E-05 0.752792 0.0157648
0.326086 0.301608 9.9982E-05 9.9982E-05 0.372107
0.431862 0.255434 9.9991E-05 0.0241041 0.2885
0.636862 9.9973E-05 9.9973E-05 9.9973E-05 0.362838
0.0999053 9.9991E-05 0.0706575 0.133527 0.69581
0.108929 0.0601576 0.0173915 0.104933 0.708589
0.433136 9.9982E-05 9.9982E-05 0.07122 0.495444
0.19273 0.0478286 0.0580383 9.9991E-05 0.701303
0.373142 9.9991E-05 0.0241969 0.119079 0.483482
0.127378 0.125268 0.0455623 0.0322811 0.669511
0.150648 0.0577869 0.0608126 0.0218031 0.70895
0.349387 0.18526 9.9982E-05 9.9982E-05 0.465153
0.230548 0.145764 9.9982E-05 9.9982E-05 0.623488
0.228044 0.314322 9.9982E-05 9.9982E-05 0.457434
0.144457 9.9982E-05 9.9982E-05 0.157328 0.698015
0.199461 0.167807 9.9982E-05 9.9982E-05 0.632532
0.288411 0.0846451 0.0297137 9.9991E-05 0.597131
0.113337 9.9991E-05 0.400098 0.0536252 0.43284
0.000349334 0.0885514 0.518929 0.0413147 0.350856
9.9982E-05 9.9982E-05 0.500892 0.113893 0.385015
0.0306667 9.9991E-05 0.497017 0.128361 0.343855
9.9991E-05 0.0887212 0.308567 0.160355 0.442257
0.318372 0.0299135 0.0550621 0.024429 0.572224
0.0230391 9.9991E-05 0.686889 0.269044 0.0209285
9.9982E-05 9.9982E-05 0.531443 0.175911 0.292445
0.178551 9.9991E-05 0.17487 0.128061 0.518417
0.0800573 0.017049 9.9991E-05 0.204954 0.69784
0.23108 0.10978 0.0744591 0.157407 0.427274
0.0637707 0.0788874 0.0812732 0.0741231 0.701946
0.12859 0.0536087 0.086469 0.11733 0.614002
9.9982E-05 9.9982E-05 0.477082 0.223726 0.298992
9.9991E-05 0.0865163 0.381573 0.139156 0.392655
0.00148864 9.9991E-05 0.552953 0.0583921 0.387066
9.9991E-05 0.0520795 0.292656 0.129428 0.525736
0.0652027 0.00287091 0.524359 0.125172 0.282396
9.9991E-05 0.0576627 0.368708 0.158994 0.414536
9.9991E-05 0.0492013 0.558834 0.122278 0.269587
9.9991E-05 0.0829113 0.418508 0.0405454 0.457935
0.183501 0.0255426 0.0961786 0.119425 0.575352
9.9991E-05 0.108302 0.385602 0.0839936 0.422003
9.9982E-05 9.9982E-05 0.6538 0.165809 0.180191
9.9991E-05 0.133861 0.380917 0.0996484 0.385474
0.25793 0.274533 9.9991E-05 0.198498 0.268939
0.152112 0.0615025 0.127611 0.0405242 0.61825
0.036421 0.110829 0.368139 0.135502 0.34911
0.104919 0.0482767 0.101589 0.12536 0.619855
0.0807493 0.029197 9.9991E-05 0.246639 0.643315
0.0903903 9.9991E-05 0.228042 0.257452 0.424016
0.0804125 9.9991E-05 0.3056 0.291379 0.322508
9.9991E-05 0.110667 0.117242 0.153283 0.618708
9.9982E-05 9.9982E-05 0.345671 0.175948 0.478182
0.00725986 9.9991E-05 0.470394 0.0819871 0.440259
0.0205899 9.9991E-05 0.598969 0.225103 0.155238
0.133435 0.111533 0.117082 0.0275219 0.610427
0.151786 0.118897 9.9991E-05 0.113761 0.615456
0.599748 9.9991E-05 0.0765802 0.167245 0.156327
0.0187309 0.193161 0.145875 0.114219 0.528014
0.13776 0.205496 0.0833786 0.104995 0.468371
0.157059 9.9991E-05 0.210103 0.188979 0.44376
0.0747359 0.0819114 0.0749238 0.139218 0.629211
0.404346 9.9982E-05 0.224558 0.370896 9.9982E-05
0.464622 9.9982E-05 0.124578 0.4106 9.9982E-05
0.384424 0.00828891 0.16587 0.182184 0.259233
0.35055 9.9982E-05 0.23461 0.41464 9.9982E-05
0.304077 9.9982E-05 0.239893 0.455831 9.9982E-05
0.229104 9.9991E-05 0.151606 0.190081 0.42911
0.19174 9.9991E-05 0.151076 0.294258 0.362826
0.253961 9.9991E-05 0.149465 0.378088 0.218386
0.330183 9.9991E-05 0.146225 0.343169 0.180322
0.153127 9.9991E-05 0.111875 0.175176 0.559722
0.394495 9.9991E-05 0.120291 0.265326 0.219787
0.415916 9.9982E-05 0.0683632 0.515521 9.9982E-05
9.9991E-05 0.130058 0.19895 0.145345 0.525546
0.128429 0.00501583 0.262611 0.235947 0.367997
9.9982E-05 9.9982E-05 0.189502 0.274006 0.536292
9.9982E-05 9.9982E-05 0.246051 0.165682 0.588067
9.9991E-05 0.0177922 0.177541 0.195736 0.60883
0.0501571 0.00686922 0.339956 0.161234 0.441783
0.0289812 0.0194754 0.245976 0.344565 0.361003
9.9991E-05 0.0193886 0.209941 0.224295 0.546275
0.0411962 0.0371151 0.319197 0.229386 0.373106
0.115984 9.9991E-05 0.274088 0.277402 0.332426
0.181831 0.133986 0.079651 0.201518 0.403013
0.0917745 0.0154383 0.137662 0.165718 0.589407
0.0398257 0.00334234 0.0950858 0.190622 0.671124
0.122963 0.0499978 0.148829 0.105004 0.573205
9.9982E-05 9.9982E-05 0.266833 0.3465 0.386467
0.0045173 9.9991E-05 0.221783 0.234846 0.538753
0.235832 9.9991E-05 0.241049 0.390873 0.132146
0.132101 9.9991E-05 0.219603 0.143285 0.504912
0.174437 9.9991E-05 0.383039 0.27484 0.167584
0.0779324 0.0920705 9.9991E-05 0.822275 0.00762233
9.9982E-05 0.758601 9.9982E-05 0.129082 0.112117
0.000782746 0.989166 9.9982E-05 0.00985114 9.9982E-05
9.9973E-05 0.97115 9.9973E-05 0.0285497 9.9973E-05
9.997E-05 0.9996 9.997E-05 9.997E-05 9.997E-05
9.9991E-05 0.941239 0.0273718 0.0308693 0.000419875
9.9973E-05 0.9346 9.9973E-05 9.9973E-05 0.0650997
9.9973E-05 0.958696 9.9973E-05 0.0410041 9.9973E-05
9.9973E-05 0.807808 9.9973E-05 0.191893 9.9973E-05
9.9982E-05 0.0586329 9.9982E-05 0.923043 0.018124
9.9982E-05 0.122276 9.9982E-05 0.831221 0.0463023
0.0146528 0.0235228 0.00129589 0.911425 0.0491034
9.9982E-05 0.122724 9.9982E-05 0.826215 0.0508602
9.9991E-05 0.0556815 0.0521443 0.887395 0.00467899
0.0523951 0.0135191 0.0278057 0.90618 9.9991E-05
9.9991E-05 0.0723949 0.14297 0.747604 0.0369317
9.9991E-05 0.0055148 0.07664 0.863248 0.0544972
0.0216552 0.147076 0.0457207 0.731321 0.054227
9.9991E-05 0.00281389 0.0498667 0.928113 0.0191062
9.9973E-05 0.0276195 9.9973E-05 0.972081 9.9973E-05
0.0391585 0.0560339 0.0630443 0.841663 9.9991E-05
9.9973E-05 0.066741 9.9973E-05 0.932959 9.9973E-05
0.00693799 0.00166556 0.0305204 0.915107 0.045769
9.9991E-05 0.00526262 0.0224481 0.865321 0.106869
9.9982E-05 9.9982E-05 0.0655312 0.844345 0.0899233
9.9982E-05 9.9982E-05 0.131693 0.811976 0.056131
9.9982E-05 9.9982E-05 0.108826 0.79661 0.094364
9.9982E-05 9.9982E-05 0.0685815 0.827795 0.103424
0.201785 0.0935512 9.9991E-05 0.198946 0.505618
0.0314103 0.0211754 9.9991E-05 0.110323 0.836991
0.00938115 0.101849 0.0705203 0.134545 0.683705
0.705712 9.9991E-05 0.0543012 0.0611796 0.178707
0.0566991 0.138553 0.0457505 0.166051 0.592947
0.618863 9.9991E-05 0.0289837 0.223575 0.128478
0.097757 0.0226103 0.108573 0.149292 0.621767
0.204496 0.165242 9.9991E-05 0.095662 0.5345
0.163453 0.0687035 9.9991E-05 0.141399 0.626345
0.202913 9.9982E-05 9.9982E-05 0.0901115 0.706776
0.111718 0.171889 9.9991E-05 0.157336 0.558956
0.143096 9.9991E-05 0.00989394 0.0938754 0.753035
0.00307679 0.171937 9.9991E-05 0.11736 0.707527
0.345572 0.530039 0.0612786 9.9991E-05 0.0630107
0.82262 0.0550192 9.9982E-05 0.122161 9.9982E-05
0.625156 0.06189 0.0495824 0.0774079 0.185963
0.0684935 0.0930048 0.12459 0.116881 0.597031
0.210008 0.0244537 0.0428421 0.135432 0.587264
0.215425 9.9982E-05 9.9982E-05 0.183447 0.600928
0.106303 0.013933 0.0534052 0.137527 0.688832
9.9982E-05 9.9982E-05 0.131076 0.216925 0.651798
0.0207706 0.10187 0.164171 0.154272 0.558916
0.187582 0.11336 0.153072 0.405789 0.140197
0.131484 0.0628058 0.0780881 0.136061 0.591561
9.9991E-05 0.0640898 0.127162 0.262549 0.546099
0.360203 9.9982E-05 0.176456 0.463141 9.9982E-05
0.136993 9.9991E-05 0.239739 0.328782 0.294386
9.9991E-05 0.177395 0.179062 0.352994 0.290449
9.9991E-05 0.0669533 0.0460751 0.382483 0.504389
0.055502 0.114503 0.211884 0.060886 0.557225
0.0548345 9.9991E-05 0.150988 0.203725 0.590353
9.9991E-05 0.0476879 0.150448 0.160131 0.641633
0.146204 9.9991E-05 0.175002 0.232606 0.446088
9.9991E-05 0.0230976 0.112174 0.485294 0.379335
