9.9973E-05 0.00376554 9.9973E-05 0.793467 0.0944351 9.9973E-05 0.0513889 0.0566439
9.9973E-05 0.0282092 9.9973E-05 0.872626 0.038653 0.013814 0.0463981 9.9973E-05
0.0574494 9.9982E-05 0.0788589 0.74725 0.0694029 9.9982E-05 0.029432 0.0174072
0.100532 9.9973E-05 0.00833222 0.68065 0.0887944 9.9973E-05 0.121391 9.9973E-05
0.0479372 0.0188246 0.0297307 0.849648 9.9973E-05 9.9973E-05 9.9973E-05 0.0535594
0.0549414 0.0120929 0.06132 0.591053 0.0581215 0.128129 0.0942422 9.9991E-05
9.9973E-05 9.9973E-05 9.9973E-05 0.66853 0.132743 0.0770155 0.0470524 0.0743597
0.0539597 9.9973E-05 9.9973E-05 0.611491 0.0998446 0.103888 0.130516 9.9973E-05
9.99729E-05 9.99729E-05 9.99729E-05 0.772325 0.0364603 0.0811865 0.0535239 0.0562044
0.0627549 9.9982E-05 0.0622601 0.614827 0.0685673 0.125966 9.9982E-05 0.0654247
0.00257517 9.9982E-05 9.9982E-05 0.706992 0.0282009 0.0818956 0.111319 0.0688176
0.131512 0.154569 0.149498 9.9982E-05 9.9982E-05 0.0431499 0.517314 0.00375722
0.0593969 9.9973E-05 0.5743 9.9973E-05 0.0152536 9.9973E-05 0.323413 0.0273365
0.00680476 0.101311 0.252607 0.0156991 0.0119921 0.0299736 0.42165 0.159963
0.0769956 0.111866 0.337886 9.9982E-05 0.0234183 9.9982E-05 0.362817 0.0868176
0.110618 0.174664 0.359907 0.139412 9.9991E-05 0.00797676 0.180387 0.0269357
0.0942045 0.0780683 0.562432 0.0466607 0.0353113 0.0401041 0.143119 9.9991E-05
0.103362 0.226421 0.310044 9.9982E-05 0.0214418 0.0493551 0.289176 9.9982E-05
0.0308518 0.117134 0.327643 0.0815624 0.00610636 9.9991E-05 0.343227 0.0933747
0.0664033 9.9973E-05 0.0687492 0.0337513 9.9973E-05 0.196519 0.634277 9.9973E-05
0.00110415 0.193696 0.355316 9.9991E-05 0.0199658 0.0216859 0.270909 0.137223
0.0409341 0.156662 0.470125 9.9991E-05 0.027639 0.026535 0.161082 0.116923
9.9982E-05 0.238121 0.528807 0.0435902 0.00240754 0.0277425 0.159131 9.9982E-05
0.111628 0.109041 0.248235 9.9982E-05 0.0319017 0.122436 0.376558 9.9982E-05
0.131482 0.119259 0.528848 0.0323733 9.9982E-05 0.0179207 0.169917 9.9982E-05
0.102171 0.117029 0.465735 9.9982E-05 0.0415388 9.9982E-05 0.227452 0.045874
0.125989 0.0688864 0.187476 0.018342 0.0225291 0.0816211 0.495057 9.9991E-05
0.211455 0.0931767 0.156624 9.9991E-05 0.0160671 0.0119912 0.448325 0.0622609
0.0143034 0.133343 0.205134 9.9982E-05 9.9982E-05 0.166998 0.473921 0.00609965
9.994E-05 9.994E-05 9.994E-05 9.994E-05 0.9993 9.994E-05 9.994E-05 9.994E-05
9.994E-05 9.994E-05 9.994E-05 9.994E-05 0.9993 9.994E-05 9.994E-05 9.994E-05
0.0724924 0.0576532 0.0276755 0.527379 0.307741 9.9982E-05 0.00685902 9.9982E-05
0.0846431 0.0876357 9.9973E-05 0.50479 0.262266 9.9973E-05 9.9973E-05 0.0603654
9.9982E-05 0.310818 0.440414 0.0771173 0.00203244 0.112206 0.0572126 9.9982E-05
0.0401204 0.442408 0.313869 0.0704316 0.021317 0.0197917 0.0919622 9.9991E-05
0.0112267 0.602287 0.303091 0.0829952 9.9964E-05 9.9964E-05 9.9964E-05 9.9964E-05
0.0161097 0.137512 0.147795 0.0678573 9.9991E-05 0.0439839 0.55468 0.0319626
0.0749135 0.672755 0.0379959 9.9991E-05 0.0526936 0.118927 0.0418767 0.000738301
9.9982E-05 0.266585 0.385353 0.0733601 0.0186526 9.9982E-05 0.201947 0.0539026
9.9964E-05 0.354923 0.526166 0.118057 0.000454302 9.9964E-05 9.9964E-05 9.9964E-05
9.9973E-05 0.131606 0.575925 0.0976544 9.9973E-05 0.184448 0.0100662 9.9973E-05
9.999E-05 0.245304 0.513546 0.0788275 0.0663834 0.0143928 0.0348296 0.0466174
9.9982E-05 0.613391 9.9982E-05 0.0190659 0.0113148 0.125763 0.153643 0.0766217
0.0129984 0.0705318 0.645879 0.038999 0.027711 0.183197 9.9991E-05 0.0205834
0.0714147 0.404656 0.429895 0.0198044 0.0131769 0.0430366 9.9991E-05 0.0179156
0.0379647 0.115551 0.635641 0.152738 9.9973E-05 0.0578054 9.9973E-05 9.9973E-05
9.9964E-05 0.8428 9.9964E-05 9.9964E-05 9.9964E-05 0.057509 0.0190941 0.0801974
0.0788669 0.359275 0.468505 0.0533254 0.0141892 9.9982E-05 9.9982E-05 0.025638
0.0802166 0.281105 0.372698 0.053775 0.0500384 9.9991E-05 0.0687886 0.093278
9.9973E-05 0.388117 9.9973E-05 0.0539889 9.9973E-05 0.485781 0.00992895 0.0618844
9.9973E-05 0.200596 0.154587 9.9973E-05 9.9973E-05 0.119571 0.482532 0.0424141
0.031487 0.117443 0.108095 9.9982E-05 9.9982E-05 0.384867 0.207216 0.150692
0.123387 0.0808017 0.438138 0.124024 0.0202009 0.12623 0.0871194 9.9991E-05
0.0604932 9.9982E-05 0.671977 0.0716242 9.9982E-05 0.138642 0.0405667 0.0164965
0.0864012 0.210494 0.549099 0.0612054 0.0268216 0.0458214 0.0200575 9.9991E-05
9.9982E-05 0.221963 0.126651 0.117818 0.0270061 0.198176 0.308187 9.9982E-05
9.9982E-05 0.227443 0.462585 9.9982E-05 0.0234104 0.0468702 0.213617 0.0258739
0.0671428 0.0648078 0.592625 0.0377879 9.9982E-05 9.9982E-05 0.162799 0.0746369
0.0525777 0.215406 0.215669 0.070487 0.0525322 0.0843112 0.308918 9.9991E-05
0.00421489 0.0914148 0.12385 0.186817 0.0200222 0.174369 0.299575 0.0997367
9.9982E-05 0.265432 0.442524 9.9982E-05 0.10601 0.0895012 0.0246866 0.0716459
0.0114004 0.0723282 0.386924 9.9973E-05 9.9973E-05 9.9973E-05 0.27679 0.252258
9.9973E-05 0.144599 0.0387034 9.9973E-05 0.0713509 0.255957 0.48909 9.9973E-05
0.00652088 0.196001 0.414306 9.9982E-05 0.00014046 9.9982E-05 0.232996 0.149836
0.0400305 0.280202 0.482738 0.0298663 9.9973E-05 9.9973E-05 9.9973E-05 0.166863
0.0298062 0.0584691 0.495326 9.9982E-05 0.041796 9.9982E-05 0.192323 0.18208
0.0491629 0.255613 0.179984 0.0115395 0.0325162 0.103535 0.301493 0.0661563
0.0675204 0.139444 0.401501 9.9982E-05 0.033379 9.9982E-05 0.255532 0.102424
0.0149567 0.0652983 0.575888 0.0529461 0.0460637 9.9991E-05 0.207124 0.0376232
9.9982E-05 0.143033 0.195089 9.9982E-05 0.0802324 0.197871 0.359915 0.0236593
9.9982E-05 0.462063 0.389282 0.00972935 9.9982E-05 0.01427 0.105561 0.0188953
0.0133008 0.729097 9.9973E-05 9.9973E-05 0.0138622 0.137871 0.105568 9.9973E-05
9.9973E-05 0.288364 0.473561 0.0130799 9.9973E-05 9.9973E-05 0.113465 0.11123
9.9955E-05 0.576419 9.9955E-05 9.9955E-05 9.9955E-05 0.405217 9.9955E-05 0.0178643
9.9955E-05 0.59783 9.9955E-05 9.9955E-05 9.9955E-05 0.374988 0.0266828 9.9955E-05
9.9955E-05 0.700504 0.139584 9.9955E-05 9.9955E-05 0.159413 9.9955E-05 9.9955E-05
9.9982E-05 0.504149 0.332942 0.0555183 0.00109961 0.0947398 0.0113516 9.9982E-05
0.0716233 0.255542 0.463399 0.0563099 0.00655205 9.9991E-05 0.0944757 0.0519973
9.9973E-05 0.565715 0.242482 9.9973E-05 0.0199077 9.9973E-05 0.097735 0.0738599
0.00478898 0.710786 9.9964E-05 0.041145 9.9964E-05 9.9964E-05 0.24288 9.9964E-05
0.000279761 0.518258 0.0689097 0.0995193 9.9982E-05 9.9982E-05 0.311355 0.00147835
0.129857 0.305462 0.260557 0.0299088 0.0420545 9.9991E-05 0.0853026 0.146758
0.0439139 0.555372 0.0989076 0.046392 9.9982E-05 0.170519 0.0846949 9.9982E-05
9.9982E-05 0.578979 0.237348 0.0412464 0.0441839 0.028573 0.0694703 9.9982E-05
9.9964E-05 0.691199 0.165236 0.0123987 9.9964E-05 0.130766 9.9964E-05 9.9964E-05
9.9964E-05 0.552051 9.9964E-05 0.0178332 9.9964E-05 0.417726 0.0119899 9.9964E-05
0.0473437 0.315316 0.530472 0.0306212 0.00185701 0.0344668 0.0398228 9.9991E-05
0.0852549 0.0510327 0.00367068 0.743255 0.0507803 9.9982E-05 0.0658065 9.9982E-05
9.9973E-05 0.0448877 0.0326808 0.747437 0.161535 9.9973E-05 9.9973E-05 0.0131601
0.00916067 0.028712 0.0540627 0.74302 0.122779 9.9982E-05 9.9982E-05 0.0420658
9.9964E-05 9.9964E-05 0.0362796 0.761278 0.129678 9.9964E-05 9.9964E-05 0.0723645
9.9973E-05 0.0725221 0.00196833 0.754083 0.144857 9.9973E-05 9.9973E-05 0.0262698
9.9964E-05 0.0504968 9.9964E-05 0.812679 0.0535141 9.9964E-05 9.9964E-05 0.0829104
0.0346198 9.9973E-05 0.0183551 0.841552 0.0657283 9.9973E-05 9.9973E-05 0.0394451
0.0889302 0.365064 0.338611 0.163594 0.00786439 9.9982E-05 0.0357372 9.9982E-05
0.0537763 0.127698 0.598841 0.101761 0.00576446 0.0584669 0.0535921 9.9991E-05
9.9964E-05 0.628944 9.9964E-05 0.0607774 9.9964E-05 0.161952 0.147927 9.9964E-05
0.0906513 0.235313 0.423964 0.133426 9.9973E-05 0.116346 9.9973E-05 9.9973E-05
9.9982E-05 0.476955 0.275525 0.070138 0.0651507 0.0311797 0.080852 9.9982E-05
0.0826558 0.489924 0.293344 0.0318412 0.0162503 9.9991E-05 0.0274014 0.0584828
0.0693362 0.456345 0.313699 9.9982E-05 0.0513337 0.103675 0.00541101 9.9982E-05
0.193031 0.573469 0.176813 9.9973E-05 0.00301162 0.0533754 9.9973E-05 9.9973E-05
9.9964E-05 0.481671 9.9964E-05 0.0350616 9.9964E-05 0.252858 0.230009 9.9964E-05
9.9991E-05 0.336047 0.375563 0.0960055 0.0225922 0.0103025 0.0245246 0.134866
0.0620946 0.297559 0.492634 0.107892 0.0127692 9.9982E-05 0.0268507 9.9982E-05
0.0195994 0.204401 0.520037 0.0506397 0.0721549 9.9991E-05 0.132852 0.000215315
0.0287144 0.634543 0.100694 9.9982E-05 0.0149584 0.182265 9.9982E-05 0.0386251
0.0241563 0.61602 0.256051 0.0210572 0.0353536 0.0471626 9.9982E-05 9.9982E-05
0.10034 0.489833 0.23854 0.0302614 0.0060886 0.0272458 0.107591 9.9991E-05
0.0531108 0.650324 0.111904 9.9973E-05 0.0158143 0.168546 9.9973E-05 9.9973E-05
9.9973E-05 0.584563 0.173031 0.14376 0.0219936 9.9973E-05 0.0763519 9.9973E-05
9.9964E-05 0.183611 0.584902 0.180493 9.9964E-05 9.9964E-05 0.0505944 9.9964E-05
0.000868428 0.0920706 0.254038 9.9982E-05 9.9982E-05 0.0852224 0.428715 0.138886
0.0645181 9.9982E-05 0.47571 0.0875377 0.0171743 0.0966364 0.258224 9.9982E-05
0.0145977 0.10546 0.550938 0.199739 9.9982E-05 0.00411178 0.124953 9.9982E-05
0.0475431 0.18594 0.466669 0.0816692 9.9982E-05 0.0618086 0.15617 9.9982E-05
9.9964E-05 0.123063 0.462029 9.9964E-05 0.0862973 9.9964E-05 0.328211 9.9964E-05
0.0407871 0.00328476 0.554895 9.9982E-05 9.9982E-05 0.0148063 0.284879 0.101148
9.9973E-05 0.0439076 0.484548 0.0438709 9.9973E-05 9.9973E-05 0.403471 0.0239025
9.9964E-05 0.178747 0.406784 9.9964E-05 9.9964E-05 9.9964E-05 0.169788 0.24428
0.0135289 0.0559109 0.628421 0.0618333 0.0508457 0.0591488 0.130212 9.9991E-05
9.9973E-05 0.200372 0.532841 0.110607 0.0225521 9.9973E-05 0.133329 9.9973E-05
9.9964E-05 0.130846 0.484522 9.9964E-05 9.9964E-05 0.0822455 0.301987 9.9964E-05
0.0509117 0.123356 0.530239 0.0815567 9.9991E-05 0.0766157 0.0989056 0.0383147
0.0323375 0.0773573 0.555354 0.0872823 0.0402344 0.103552 0.0734228 0.0304603
0.0636512 0.190601 0.499717 9.9964E-05 9.9964E-05 9.9964E-05 0.245632 9.9964E-05
0.092752 0.0756121 0.555078 0.115049 9.9982E-05 9.9982E-05 0.153019 0.00828905
0.0845925 0.188007 0.423709 9.9991E-05 0.0139279 0.0214774 0.223844 0.0443421
9.9973E-05 9.9973E-05 0.415328 0.0436794 9.9973E-05 0.038276 0.268011 0.234406
0.0845309 0.10667 0.541492 0.0396571 9.9982E-05 0.0481438 0.179306 9.9982E-05
9.9973E-05 0.0106064 0.704673 9.9973E-05 9.9973E-05 0.10476 0.0767903 0.10287
0.0953105 0.275075 0.0862279 0.0155686 0.0194745 0.0765165 0.413324 0.0185026
0.00968001 0.0122959 0.281489 9.9982E-05 9.9982E-05 0.285197 0.271168 0.13997
0.147903 0.149396 0.437692 0.019829 9.9982E-05 0.060509 0.184471 9.9982E-05
0.0480176 0.193837 0.0532581 9.9982E-05 0.0266826 0.362768 0.315236 9.9982E-05
0.0124062 0.194802 0.22184 0.038428 0.0172977 0.0931648 0.384194 0.037868
9.9973E-05 0.240614 0.341935 0.00410221 9.9973E-05 0.0511397 0.361909 9.9973E-05
9.9973E-05 0.253532 0.292409 9.9973E-05 0.0386459 0.00318475 0.411929 9.9973E-05
0.0210176 0.0891198 0.312293 9.9973E-05 9.9973E-05 0.137913 0.439357 9.9973E-05
0.0953224 0.147221 0.527365 0.00486687 0.0339819 0.0832869 0.107856 9.9991E-05
0.146165 0.225579 0.359433 0.133944 0.00536232 0.0152174 0.104609 0.00969043
0.0926426 0.165398 0.456526 0.0387767 0.036589 0.0263188 0.158687 0.0250619
0.0430328 0.113561 0.179877 9.9982E-05 9.9982E-05 0.317677 0.294188 0.0514641
0.00452606 0.080762 0.524181 0.114614 0.00144845 0.062975 0.202699 0.00879516
0.0418812 0.0697413 0.545665 0.0144126 9.9991E-05 0.139723 0.0699456 0.118532
9.9991E-05 0.0240948 0.070002 0.0883211 0.0342626 0.557222 0.0745548 0.151443
9.9973E-05 0.190049 0.578712 0.0676006 0.0540003 0.109338 9.9973E-05 9.9973E-05
9.9982E-05 0.0884933 0.380575 0.103445 9.9982E-05 0.251783 0.0410081 0.134496
0.0529615 0.0869086 0.464702 0.0591126 0.0353608 0.126923 0.0621426 0.111889
9.9982E-05 9.9982E-05 0.35767 0.0338138 0.0296513 0.342043 0.104508 0.132114
9.9991E-05 0.0412783 0.29737 0.0485077 0.0206209 0.455487 0.0880923 0.0485433
9.9991E-05 0.0883142 0.478156 0.0349302 0.00247515 0.185941 0.14285 0.0672332
0.0672439 0.0968637 0.468763 0.0722589 9.9991E-05 0.115738 0.143527 0.0355065
0.065201 0.0630726 0.370724 0.101514 9.9991E-05 0.100811 0.175091 0.123487
0.187597 0.120423 9.9982E-05 9.9982E-05 0.0502436 0.43361 0.0953105 0.112616
0.0678913 0.326848 0.367859 0.0211514 0.0500294 0.0597232 0.0809688 0.0255293
9.9973E-05 0.111424 0.477923 9.9973E-05 9.9973E-05 0.338046 0.03274 0.0395672
9.9973E-05 0.219733 0.395608 9.9973E-05 9.9973E-05 0.193085 0.106319 0.084955
0.0653476 0.144129 0.570928 0.0761406 9.9991E-05 0.0148073 0.125384 0.00316371
0.181944 9.9982E-05 0.183281 0.252251 0.0641243 0.136379 9.9982E-05 0.181821
0.0451077 9.9973E-05 9.9973E-05 0.380984 0.0274777 0.138421 9.9973E-05 0.40771
0.049251 9.9973E-05 9.9973E-05 0.267513 0.0678844 0.174291 9.9973E-05 0.440761
0.282951 9.9982E-05 0.0960012 0.284176 0.0560933 0.0904548 9.9982E-05 0.190123
9.9955E-05 0.0690844 0.671174 9.9955E-05 9.9955E-05 0.259242 9.9955E-05 9.9955E-05
0.039055 0.0833998 0.533989 0.122934 0.0539163 0.125979 0.0406261 9.9991E-05
0.679638 0.0626848 0.257177 9.9955E-05 9.9955E-05 9.9955E-05 9.9955E-05 9.9955E-05
0.375788 0.10778 0.365087 0.0616911 9.9973E-05 9.9973E-05 0.0893551 9.9973E-05
0.378523 0.0414128 0.332882 0.0643518 0.0335284 0.00646032 0.0906171 0.0522244
0.00345659 0.00392886 0.458823 9.9973E-05 0.0239053 0.509586 9.9973E-05 9.9973E-05
0.0475688 0.254758 0.456779 0.0604984 9.9982E-05 0.0858264 0.0943695 9.9982E-05
0.0236922 9.9973E-05 0.279338 9.9973E-05 0.015201 0.646325 9.9973E-05 0.0351441
0.0146901 0.119104 0.645127 0.0222939 9.9982E-05 0.172934 9.9982E-05 0.0256498
0.0314131 0.074993 0.513623 0.0206605 9.9991E-05 0.279402 0.0514583 0.0283494
0.0870536 0.0557782 0.564362 0.0216825 0.026849 0.207196 0.028446 0.00863309
9.9982E-05 0.0565541 0.317395 0.00347648 9.9982E-05 0.541528 0.0153195 0.0655269
0.171159 0.13567 0.507321 0.0321548 9.9973E-05 0.153395 9.9973E-05 9.9973E-05
0.127005 0.156984 0.492308 0.0553889 9.9991E-05 0.147837 0.00420421 0.0161735
0.942192 9.9955E-05 9.9955E-05 0.00631093 9.9955E-05 0.0509977 9.9955E-05 9.9955E-05
0.904889 0.00787761 0.0622688 9.9964E-05 9.9964E-05 0.0245645 9.9964E-05 9.9964E-05
0.518352 0.117328 0.286246 0.0554767 9.9973E-05 9.9973E-05 0.0222974 9.9973E-05
0.614525 9.9973E-05 0.294059 0.0139189 0.0551077 9.9973E-05 0.0220894 9.9973E-05
0.773655 9.9964E-05 0.172729 9.9964E-05 9.9964E-05 0.0279955 9.9964E-05 0.0252207
0.933414 9.9946E-05 9.9946E-05 9.9946E-05 9.9946E-05 9.9946E-05 9.9946E-05 0.0659864
0.959619 9.9955E-05 9.9955E-05 9.9955E-05 9.9955E-05 9.9955E-05 0.0117105 0.0281706
0.84708 9.9946E-05 0.15232 9.9946E-05 9.9946E-05 9.9946E-05 9.9946E-05 9.9946E-05
0.977723 9.9946E-05 0.0216777 9.9946E-05 9.9946E-05 9.9946E-05 9.9946E-05 9.9946E-05
0.999014 9.9946E-05 9.9946E-05 9.9946E-05 0.000385993 9.9946E-05 9.9946E-05 9.9946E-05
0.97607 9.9946E-05 9.9946E-05 9.9946E-05 0.0233307 9.9946E-05 9.9946E-05 9.9946E-05
0.743718 9.9964E-05 0.160084 9.9964E-05 0.0718009 0.0239977 9.9964E-05 9.9964E-05
0.820363 9.9973E-05 0.0756925 0.0430084 0.0117771 9.9973E-05 0.0488596 9.9973E-05
0.93187 0.0624055 9.9955E-05 9.9955E-05 0.00522465 9.9955E-05 9.9955E-05 9.9955E-05
0.402863 0.129515 0.26235 0.06094 0.00262149 0.0918248 0.0497859 9.9991E-05
0.705863 0.00634828 0.145869 0.0479129 9.9973E-05 9.9973E-05 0.0937065 9.9973E-05
0.772331 9.9982E-05 0.112039 0.0140412 0.0312173 9.9982E-05 0.0155882 0.0545835
0.900563 9.9964E-05 0.0336584 9.9964E-05 0.0321866 9.9964E-05 0.0331926 9.9964E-05
0.997375 9.9955E-05 9.9955E-05 9.9955E-05 0.00131153 9.9955E-05 9.9955E-05 0.000813207
0.91125 0.0211098 0.0254903 0.0216002 9.9973E-05 9.9973E-05 9.9973E-05 0.0202498
0.98927 9.9946E-05 9.9946E-05 9.9946E-05 9.9946E-05 0.0101299 9.9946E-05 9.9946E-05
0.548801 0.0190036 0.244808 0.0339203 0.0428318 0.0345775 0.0580233 0.0180348
0.934067 0.000723125 9.9973E-05 0.00683288 9.9973E-05 0.0406837 0.0173932 9.9973E-05
0.0139096 9.9964E-05 9.9964E-05 0.277585 9.9964E-05 0.467289 9.9964E-05 0.240816
0.0611587 9.9991E-05 0.413037 0.0780903 0.07687 0.253968 0.0387965 0.0779793
0.0710385 9.9982E-05 0.498185 0.159456 0.0118179 0.187293 9.9982E-05 0.0720092
0.0381761 9.9982E-05 0.232918 0.114437 0.0546098 0.310791 9.9982E-05 0.248868
0.101316 0.0590661 0.428728 0.087619 9.9991E-05 0.161366 0.02715 0.134654
0.0213754 9.9982E-05 0.290117 0.192463 0.0543243 0.27059 9.9982E-05 0.170931
9.9982E-05 0.183032 0.324298 0.0763942 0.0779143 9.9982E-05 0.09586 0.242301
0.091889 9.9973E-05 0.398861 0.110508 9.9973E-05 0.219841 9.9973E-05 0.178601
0.181183 9.9982E-05 0.393127 0.0284757 0.0694584 0.19053 9.9982E-05 0.137027
0.135 9.9982E-05 0.443592 0.0907411 0.0504805 0.145388 9.9982E-05 0.134598
0.119657 0.0542808 0.399722 0.164329 0.0500207 0.165085 0.0468049 9.9991E-05
9.9964E-05 9.9964E-05 0.0280369 0.825511 9.9964E-05 0.119901 0.0261514 9.9964E-05
0.0400643 0.0205916 9.9982E-05 0.84748 0.0688267 0.0208566 9.9982E-05 0.00198033
9.9964E-05 9.9964E-05 9.9964E-05 0.850312 0.044906 9.9964E-05 0.0261035 0.0782783
9.9964E-05 9.9964E-05 0.0102993 0.915431 0.0343475 9.9964E-05 0.0395221 9.9964E-05
9.9964E-05 9.9964E-05 9.9964E-05 0.727828 0.109428 9.9964E-05 0.0251423 0.137203
0.0312658 9.9964E-05 9.9964E-05 0.741996 0.0931898 9.9964E-05 9.9964E-05 0.133149
0.106278 0.00246187 9.9964E-05 0.813193 0.0776672 9.9964E-05 9.9964E-05 9.9964E-05
0.00205201 9.9982E-05 9.9982E-05 0.781638 0.0428322 0.0700911 0.0204672 0.0827195
9.9973E-05 0.0431302 0.0104578 0.816471 0.0333597 9.9973E-05 9.9973E-05 0.0962814
0.0627527 9.9964E-05 9.9964E-05 0.785322 0.0316926 9.9964E-05 9.9964E-05 0.119833
9.9973E-05 0.00418051 9.9973E-05 0.551567 0.0533499 0.11668 0.273922 9.9973E-05
9.9973E-05 9.9973E-05 9.9973E-05 0.52248 0.0483913 0.0431072 0.318284 0.0674374
9.9973E-05 9.9973E-05 9.9973E-05 0.457167 0.0711002 0.0965893 0.304055 0.0707893
9.9964E-05 0.0100404 9.9964E-05 0.520067 9.9964E-05 0.154549 0.314944 9.9964E-05
9.9991E-05 0.317381 0.386331 0.012294 0.0476316 0.0063677 0.182261 0.0476346
0.0507932 0.402097 0.290415 0.0501692 9.9982E-05 0.0368001 0.169526 9.9982E-05
9.9982E-05 0.215787 0.560736 0.0541061 0.00698298 0.00912311 0.153065 9.9982E-05
9.9982E-05 0.4291 0.250384 0.0184474 0.0390972 9.9982E-05 0.225722 0.0370493
9.9964E-05 0.175963 0.124246 9.9964E-05 9.9964E-05 0.0919071 0.607485 9.9964E-05
0.087526 0.461964 0.343796 0.0975676 9.9973E-05 0.00884694 9.9973E-05 9.9973E-05
0.00826725 0.437177 0.414739 0.0121295 9.9982E-05 9.9982E-05 0.111006 0.0164811
9.9982E-05 0.351684 0.432828 9.9982E-05 0.0408189 0.063492 0.0699852 0.0409914
0.0273327 0.626367 0.161958 9.9964E-05 9.9964E-05 0.183942 9.9964E-05 9.9964E-05
0.0357651 0.235704 0.473358 0.00625412 9.9982E-05 9.9982E-05 0.147845 0.100874
9.9973E-05 0.452767 0.286985 0.0327201 9.9973E-05 0.0747386 0.152489 9.9973E-05
9.9955E-05 0.437919 9.9955E-05 9.9955E-05 9.9955E-05 0.503948 0.0576335 9.9955E-05
9.9991E-05 0.272831 0.3879 0.0252651 0.0216005 0.00975438 0.199518 0.083031
9.9982E-05 0.462829 0.157501 9.9982E-05 0.00597976 0.289419 0.0116346 0.0724371
0.0141444 0.425939 0.370644 9.9991E-05 0.0298007 0.0889198 0.0238911 0.0465601
9.9964E-05 0.579667 9.9964E-05 0.0803566 9.9964E-05 0.140787 0.19879 9.9964E-05
9.9973E-05 9.9973E-05 0.0380145 0.151963 0.00796965 0.146016 0.655737 9.9973E-05
9.9964E-05 9.9964E-05 0.140748 0.09151 9.9964E-05 0.234037 0.533304 9.9964E-05
9.9973E-05 9.9973E-05 0.0337672 0.0513855 0.00244048 0.198971 0.713136 9.9973E-05
9.9964E-05 9.9964E-05 0.023241 0.122334 9.9964E-05 0.159393 0.694632 9.9964E-05
0.00387914 9.9973E-05 0.106596 0.0284088 9.9973E-05 0.1276 0.733216 9.9973E-05
9.9973E-05 9.9973E-05 0.15813 0.0993453 9.9973E-05 0.0434936 0.667104 0.0316278
0.0408656 0.017103 0.0481696 0.831448 0.0621143 9.9973E-05 9.9973E-05 9.9973E-05
0.0125228 9.9982E-05 0.0843868 0.711045 0.035712 9.9982E-05 0.0688674 0.0872661
0.0994672 9.9964E-05 0.105172 0.73187 0.0630908 9.9964E-05 9.9964E-05 9.9964E-05
0.0971977 9.9982E-05 0.0668131 0.670034 0.0451939 9.9982E-05 0.0827313 0.0378302
0.0941886 0.0389345 0.0230223 0.773865 0.0195701 9.9982E-05 0.0502197 9.9982E-05
9.9964E-05 9.9964E-05 9.9964E-05 0.369468 0.0191462 0.0809561 0.53003 9.9964E-05
9.9973E-05 9.9973E-05 9.9973E-05 0.463487 0.000245381 0.132476 0.388184 0.0153082
9.9982E-05 0.0809335 9.9982E-05 0.373493 0.0631537 0.00667434 0.461366 0.01418
9.994E-05 9.994E-05 9.994E-05 9.994E-05 0.9993 9.994E-05 9.994E-05 9.994E-05
9.9982E-05 0.0180929 9.9982E-05 0.389514 0.0286667 0.0627429 0.483029 0.0177547
0.359654 9.9973E-05 0.213914 0.0512958 9.9973E-05 9.9973E-05 0.042473 0.332363
0.133043 0.0912572 0.583618 0.161969 0.0214027 9.9982E-05 0.00851024 9.9982E-05
0.283594 0.0584546 0.443961 0.15381 0.0598814 9.9973E-05 9.9973E-05 9.9973E-05
0.143981 9.9982E-05 0.409075 0.28885 9.9982E-05 0.0573307 0.0194186 0.0811455
0.109616 0.118719 0.51959 0.0842967 0.0592073 9.9991E-05 0.107398 0.00107226
0.291283 9.9964E-05 9.9964E-05 0.367565 9.9964E-05 0.0730991 9.9964E-05 0.267653
9.9973E-05 0.212027 0.333159 9.9973E-05 9.9973E-05 0.0867734 0.318626 0.0491155
9.9982E-05 0.0886393 0.442225 9.9982E-05 0.00307342 0.163192 0.210892 0.0917786
9.9973E-05 0.0999042 0.239599 0.0629163 0.0362146 9.9973E-05 0.561066 9.9973E-05
0.0297671 0.170639 0.439399 9.9973E-05 9.9973E-05 0.233174 0.126721 9.9973E-05
9.9964E-05 0.0626645 9.9964E-05 9.9964E-05 9.9964E-05 0.696645 0.218131 0.0221598
9.9973E-05 0.096485 0.518783 9.9973E-05 0.0310358 9.9973E-05 0.212946 0.14045
0.0269006 0.187589 0.338926 0.00356181 0.0631338 0.0614568 0.224956 0.0934757
9.9982E-05 0.196958 0.256859 0.0503353 0.0107888 0.0452118 0.439647 9.9982E-05
0.0290863 0.116829 0.549105 0.0603403 0.00156874 0.0559243 0.187046 9.9991E-05
9.9973E-05 0.104098 0.160509 9.9973E-05 9.9973E-05 0.357753 0.282813 0.0945265
9.9973E-05 0.0863586 0.488042 9.9973E-05 9.9973E-05 0.163861 0.225706 0.0357312
9.9973E-05 0.198571 0.4717 9.9973E-05 0.0362063 0.00879116 0.284432 9.9973E-05
0.177847 0.0725622 0.400539 0.123065 9.9991E-05 0.0603535 0.0526392 0.112894
0.00578148 9.9964E-05 0.447207 9.9964E-05 9.9964E-05 0.237538 0.309074 9.9964E-05
0.0637593 0.139331 0.40843 9.9973E-05 9.9973E-05 0.125181 0.262999 9.9973E-05
0.0893231 0.17665 0.4756 9.9982E-05 9.9982E-05 0.14728 0.103335 0.00761206
9.9973E-05 0.260715 0.507271 9.9973E-05 9.9973E-05 0.00874111 0.163819 0.0591539
0.0939407 0.205556 0.484567 0.00201003 9.9973E-05 9.9973E-05 0.213626 9.9973E-05
9.9982E-05 0.12717 0.525505 0.0821218 9.9982E-05 0.0500885 0.132905 0.0820103
0.0380572 0.106372 0.525834 0.0245756 0.00444126 9.9991E-05 0.161837 0.138784
0.0469144 9.9955E-05 0.165584 0.787002 9.9955E-05 9.9955E-05 9.9955E-05 9.9955E-05
0.0855166 0.0391294 0.00104693 0.791129 0.0114259 0.0715525 9.9982E-05 9.9982E-05
0.030169 9.9973E-05 0.0799486 0.739172 9.9973E-05 0.110753 0.039658 9.9973E-05
0.0689416 0.093852 9.9973E-05 0.798199 0.0325287 0.00617878 9.9973E-05 9.9973E-05
0.026568 9.9964E-05 0.110598 0.790989 0.0714455 9.9964E-05 9.9964E-05 9.9964E-05
0.00248317 0.0899044 0.221641 9.9982E-05 9.9982E-05 0.0264132 0.587193 0.0721659
0.07991 0.0877803 0.489082 9.9991E-05 0.00957636 0.0558088 0.209377 0.0683648
0.071431 0.106503 0.432814 0.120464 0.0255265 0.0303716 0.0631544 0.149736
0.0398468 0.14393 0.598118 9.9982E-05 0.0166911 9.9982E-05 0.123513 0.0777015
0.0196714 0.224646 0.457917 0.00836849 0.0315013 9.9991E-05 0.252667 0.00512831
9.9973E-05 9.9973E-05 0.36545 9.9973E-05 0.00213374 0.153043 0.355082 0.12399
9.9991E-05 0.0407115 0.0588334 0.0746235 0.0687216 0.110597 0.588894 0.0575192
9.9991E-05 0.153174 0.434159 0.0249676 0.00327219 0.054271 0.267609 0.0624467
0.0298553 0.131816 0.140285 0.0229067 0.0204575 0.0893503 0.503454 0.0618762
9.9991E-05 0.19621 0.390588 0.0953099 0.00298053 0.110148 0.160686 0.0439773
9.9982E-05 0.146111 0.073364 0.0919709 0.0613444 9.9982E-05 0.52742 0.09959
0.0382611 0.103139 0.512412 0.111506 0.0515163 9.9982E-05 0.182965 9.9982E-05
0.003818 0.0419074 0.238433 0.0721957 0.0464936 0.106853 0.490199 9.9991E-05
0.00419493 9.9991E-05 0.453268 0.0301894 0.015751 0.147699 0.279319 0.0694788
0.0362273 0.106854 0.45551 0.0125499 9.9991E-05 0.242798 0.0556397 0.0903203
9.9964E-05 9.9964E-05 0.378961 0.0508424 9.9964E-05 0.506264 0.063532 9.9964E-05
9.9982E-05 0.0278113 0.634483 0.0540671 0.0342344 0.242024 0.00717995 9.9982E-05
9.9973E-05 0.0587993 0.624922 0.0790854 0.0303193 0.206574 9.9973E-05 9.9973E-05
9.9946E-05 9.9946E-05 0.4435 9.9946E-05 9.9946E-05 0.555901 9.9946E-05 9.9946E-05
0.0786448 0.11269 0.415524 0.0736483 0.00930992 0.221768 0.088315 9.9991E-05
9.9982E-05 0.0884869 0.510974 9.9982E-05 0.04645 0.204265 0.0318215 0.117803
9.9955E-05 9.9955E-05 0.239002 9.9955E-05 9.9955E-05 0.729064 0.0314336 9.9955E-05
9.9955E-05 9.9955E-05 0.373518 9.9955E-05 9.9955E-05 0.515539 9.9955E-05 0.110443
9.9973E-05 9.9973E-05 0.542958 0.0109884 0.00327789 0.358068 0.0844074 9.9973E-05
9.9973E-05 0.0441999 0.253162 0.0184856 9.9973E-05 0.635276 0.048576 9.9973E-05
9.9964E-05 0.112073 0.441113 9.9964E-05 9.9964E-05 0.311502 0.134912 9.9964E-05
0.0123487 0.187273 0.0486728 9.9973E-05 9.9973E-05 9.9973E-05 0.611184 0.140222
9.9973E-05 0.210991 0.215745 9.9973E-05 9.9973E-05 0.161612 0.346135 0.0652175
0.108631 0.16199 0.259636 9.9973E-05 9.9973E-05 9.9973E-05 0.400347 0.069095
0.0259696 0.11484 0.620543 9.9973E-05 9.9973E-05 9.9973E-05 0.176357 0.0619901
0.0113867 0.271303 0.186179 9.9973E-05 9.9973E-05 0.118987 0.411845 9.9973E-05
0.0396103 0.159948 0.460104 9.9982E-05 0.0650902 9.9982E-05 0.172515 0.102532
0.0528725 0.116712 0.531973 0.0184444 0.0503084 9.9991E-05 0.163442 0.0661483
0.0978155 0.160777 0.36238 0.0190692 9.9991E-05 0.00135529 0.29788 0.0606236
0.0886787 0.199952 0.404225 9.9982E-05 0.0216372 9.9982E-05 0.280868 0.00443859
0.0969494 0.230466 0.260592 0.0456007 0.0143341 9.9982E-05 0.351858 9.9982E-05
0.0801555 0.247528 0.112882 9.9973E-05 0.0288558 9.9973E-05 0.530278 9.9973E-05
0.0996599 0.144496 0.241675 9.9991E-05 0.00807846 0.0305869 0.437127 0.0382772
0.0586129 0.109658 0.561654 9.9982E-05 9.9982E-05 0.108262 0.147983 0.0136302
0.0339937 0.0650016 0.567464 0.0375633 0.0453631 0.00963228 0.140256 0.100726
9.9964E-05 0.236135 0.337699 9.9964E-05 9.9964E-05 9.9964E-05 0.199225 0.226541
0.0217039 0.255551 0.417749 9.9973E-05 9.9973E-05 9.9973E-05 0.202185 0.102511
0.029243 0.118311 0.326807 0.0821773 0.0241575 9.9991E-05 0.382121 0.0370833
0.0182629 0.0617558 0.650572 0.00266658 9.9982E-05 9.9982E-05 0.243067 0.0234762
9.9973E-05 0.127247 0.585225 0.045924 9.9973E-05 0.0121539 0.22915 9.9973E-05
0.119064 0.100442 0.407212 0.0125907 0.0648682 0.0610736 0.234649 9.9991E-05
0.115986 0.187923 0.293334 0.218547 0.0504064 9.9982E-05 9.9982E-05 0.133603
0.165637 0.0925011 0.4629 0.0929062 9.9991E-05 0.101868 0.0308006 0.0532872
0.192878 0.0923259 0.401829 0.0738679 0.0307839 0.0872681 0.0374126 0.0836353
0.0778397 0.0852006 0.553416 9.9991E-05 0.0744667 0.0113055 0.122742 0.0749288
0.194302 0.239516 0.304578 0.112496 0.04085 9.9982E-05 9.9982E-05 0.108058
0.0598538 0.0146135 0.501406 9.9982E-05 9.9982E-05 0.254796 0.166666 0.00246555
0.110628 0.143839 0.331705 0.222388 0.04585 9.9991E-05 0.0735099 0.0719796
0.0796052 0.00942263 0.125834 0.193681 9.9991E-05 0.297898 0.0352111 0.258247
0.128975 0.0536974 0.547984 0.0170522 0.0252754 0.0486462 0.100144 0.0782256
0.141699 0.109075 0.544018 0.0704532 0.0161566 0.0481657 0.0247115 0.0457205
0.24136 0.157991 0.359331 0.0354225 0.00549417 9.9991E-05 0.0868732 0.113428
0.0809575 0.105997 0.240461 0.0699509 0.0962981 9.9991E-05 0.149685 0.256551
0.139427 0.0692449 0.47199 0.112872 0.0393873 9.9991E-05 0.0927999 0.0741787
0.151211 9.9982E-05 0.580192 0.174931 0.0461699 0.0417554 9.9982E-05 0.00554152
0.143755 9.9973E-05 9.9973E-05 0.309105 0.0324267 0.155404 9.9973E-05 0.359009
0.232166 0.139943 0.380966 0.0353191 0.157897 9.9991E-05 0.0456067 0.00800255
0.160928 0.0401123 0.5261 0.134093 0.0359155 9.9991E-05 0.00361574 0.0991349
0.207553 0.0167773 0.552582 0.0636206 0.00816428 0.151103 9.9982E-05 9.9982E-05
0.146515 9.9964E-05 0.62759 0.213304 9.9964E-05 9.9964E-05 9.9964E-05 0.0121913
0.178327 0.121246 0.348702 0.166961 0.00746989 0.00446211 0.112668 0.0601647
0.148783 0.35971 0.168753 9.9982E-05 9.9982E-05 0.173859 0.125571 0.0231237
0.00942266 0.302336 0.319075 9.9982E-05 0.0984117 9.9982E-05 0.0422396 0.228315
9.9964E-05 0.325953 9.9964E-05 9.9964E-05 9.9964E-05 0.508707 0.104598 0.0603417
9.9973E-05 0.240072 0.0211331 9.9973E-05 9.9973E-05 0.633207 0.0557375 0.0495505
0.00187093 0.268021 0.387198 0.0172005 0.0504848 0.14255 0.0489574 0.083718
0.213423 9.9973E-05 0.443912 0.0428552 9.9973E-05 9.9973E-05 0.0347607 0.264748
0.231532 0.164784 0.293398 9.9964E-05 9.9964E-05 9.9964E-05 9.9964E-05 0.309886
0.252754 0.0365019 0.184678 0.041986 0.0528934 0.0346288 0.00126837 0.39529
0.177907 0.142032 0.321011 0.0432032 0.019383 9.9982E-05 9.9982E-05 0.296264
9.9964E-05 0.184194 0.060609 9.9964E-05 9.9964E-05 0.265321 9.9964E-05 0.489477
9.9973E-05 0.305769 0.0903167 9.9973E-05 0.0129326 0.087512 9.9973E-05 0.503169
0.119064 0.248133 0.437305 9.9991E-05 0.0130167 0.0444015 0.0314987 0.106481
0.0240125 0.318596 0.397694 0.0274533 0.00960538 0.0301528 9.9991E-05 0.192386
0.0139319 0.306941 0.0954921 9.9991E-05 0.052701 0.108356 0.0485508 0.373927
9.9991E-05 0.258287 0.459942 0.0360148 0.0313341 0.0192857 0.0553148 0.139722
0.114974 0.234474 0.412153 9.9982E-05 9.9982E-05 0.0216957 0.0636431 0.15286
0.0491134 0.0812272 0.540787 0.105064 0.00744842 0.00409825 0.0826159 0.129646
9.9973E-05 0.341683 0.273186 9.9973E-05 9.9973E-05 0.243228 0.0616642 0.0799386
0.0208464 0.200213 0.329436 9.9991E-05 0.0119185 0.274259 0.117631 0.0455955
0.0361286 0.122295 0.531993 0.00233984 0.088804 0.218239 9.9982E-05 9.9982E-05
0.119748 0.154035 0.255393 0.0390965 0.0380785 0.230939 0.0795704 0.08314
0.19934 0.152972 0.272922 9.9991E-05 0.033357 0.254457 0.0287878 0.0580633
9.9964E-05 0.10081 0.584452 9.9964E-05 9.9964E-05 0.271032 9.9964E-05 0.0433065
9.9973E-05 0.163263 0.251077 9.9973E-05 9.9973E-05 0.421298 0.0943518 0.0697098
0.0178791 0.39643 0.362092 0.00677199 0.0185237 0.0429203 9.9991E-05 0.155283
0.0200983 0.291116 0.147666 9.9982E-05 9.9982E-05 0.381316 0.0386121 0.120991
9.9973E-05 0.15116 0.413529 9.9973E-05 0.0390545 0.382677 0.0132798 9.9973E-05
9.9991E-05 0.273312 0.428003 0.03662 0.0908556 0.0965616 0.0216798 0.0528681
9.9973E-05 0.317893 0.433401 9.9973E-05 9.9973E-05 0.137359 0.0603135 0.050733
0.119494 0.162243 0.408887 0.170495 0.0873369 0.0364485 9.9991E-05 0.0149951
0.148945 9.9982E-05 0.451277 0.155682 0.0385432 0.177102 9.9982E-05 0.0282504
0.271653 0.054786 0.305165 0.11866 0.0272 0.115145 9.9991E-05 0.10729
0.209253 0.0895888 0.228443 0.116727 0.0716661 0.139564 0.0869509 0.0578083
0.110868 0.179953 0.427581 0.22373 9.9973E-05 9.9973E-05 0.057568 9.9973E-05
0.102502 0.349148 0.251069 0.0856721 0.0118666 9.9982E-05 9.9982E-05 0.199542
0.162983 0.0836832 9.9982E-05 0.062641 0.0209749 0.355228 9.9982E-05 0.31429
0.206548 0.141614 0.471421 0.0431707 0.039231 0.0191089 0.0788066 9.9991E-05
0.125251 9.9973E-05 9.9973E-05 0.212483 0.0330906 0.265446 9.9973E-05 0.363429
0.127731 0.273586 0.411471 0.0220211 9.9982E-05 0.011554 9.9982E-05 0.153438
9.9964E-05 0.431257 0.0334125 9.9964E-05 9.9964E-05 0.411375 9.9964E-05 0.123555
0.00554181 0.292314 9.9973E-05 9.9973E-05 0.0377784 0.658125 9.9973E-05 0.00594034
9.9982E-05 0.362048 0.332045 9.9982E-05 0.0247484 0.236767 0.0175277 0.0266644
9.9982E-05 0.252641 0.502942 0.0259902 0.0137473 0.147784 9.9982E-05 0.0566955
9.9973E-05 0.316225 0.299803 9.9973E-05 9.9973E-05 0.300463 0.0597647 0.0234448
9.9991E-05 0.341894 0.408836 0.000769429 0.00774597 0.117576 0.0398782 0.0832003
9.9964E-05 0.221824 0.551726 9.9964E-05 9.9964E-05 0.197668 0.0283817 9.9964E-05
0.035584 0.0408822 0.0486466 0.734694 0.071288 0.0309963 9.9991E-05 0.0378088
0.0813996 0.00523268 9.9991E-05 0.671365 0.00925091 0.0155061 0.120962 0.0961836
0.0676875 9.9964E-05 9.9964E-05 0.849777 0.0573766 9.9964E-05 0.0247587 9.9964E-05
9.9964E-05 9.9964E-05 0.0341589 0.7875 0.158179 9.9964E-05 9.9964E-05 0.0197625
0.0142648 0.451443 0.339557 0.00934697 0.0878574 0.0323305 0.0651001 9.9991E-05
0.0392006 0.545451 0.255577 0.0782222 0.0317639 9.9982E-05 0.0495858 9.9982E-05
9.9973E-05 0.647468 0.204947 0.0295753 0.0364009 9.9973E-05 0.0813086 9.9973E-05
0.0373654 0.363486 0.519056 0.00588885 0.0187811 0.0552225 9.9982E-05 9.9982E-05
0.0478728 0.179935 0.509557 0.0342813 9.9982E-05 0.169423 0.0587306 9.9982E-05
9.9973E-05 0.504278 0.0909238 0.0342557 9.9973E-05 0.15669 0.213553 9.9973E-05
0.042571 0.60949 0.315962 0.0218405 9.9973E-05 9.9973E-05 9.9973E-05 0.00983618
9.9964E-05 0.420298 0.259761 9.9964E-05 0.00377739 0.315764 9.9964E-05 9.9964E-05
0.13335 0.00317031 0.515313 0.235907 0.0109663 9.9982E-05 0.101092 9.9982E-05
0.044943 0.485734 0.197534 9.9982E-05 9.9982E-05 0.0500943 0.103611 0.117884
0.0179656 0.73866 0.00616249 9.9973E-05 0.0358979 9.9973E-05 0.201014 9.9973E-05
9.9982E-05 0.506874 0.361389 0.0126786 0.00736205 0.05153 0.0599657 9.9982E-05
0.0119684 0.732641 0.104303 0.040622 0.0248899 9.9982E-05 0.085375 9.9982E-05
0.0473236 0.497018 0.370577 0.0079035 0.0296823 0.0472949 9.9982E-05 9.9982E-05
0.0613626 0.482236 0.343843 0.106142 0.00611721 9.9973E-05 9.9973E-05 9.9973E-05
9.9946E-05 0.707524 9.9946E-05 9.9946E-05 9.9946E-05 0.291876 9.9946E-05 9.9946E-05
0.0935473 0.465756 0.099001 0.014567 9.9991E-05 0.300092 0.0264087 0.000528283
9.9973E-05 0.68731 0.0569322 9.9973E-05 9.9973E-05 0.0616003 0.118621 0.0752358
9.9946E-05 0.51384 9.9946E-05 9.9946E-05 9.9946E-05 0.48556 9.9946E-05 9.9946E-05
0.0225585 0.562016 0.208946 9.9982E-05 0.0350579 9.9982E-05 0.0836007 0.0876205
9.9964E-05 0.560042 9.9964E-05 9.9964E-05 9.9964E-05 0.351176 0.00498692 0.0833954
9.9964E-05 0.490609 9.9964E-05 9.9964E-05 9.9964E-05 0.312184 0.0542996 0.142507
0.0742771 0.591805 0.220387 9.9973E-05 0.027299 9.9973E-05 9.9973E-05 0.0859323
9.9991E-05 0.691852 0.0128168 0.0128941 0.00173145 0.128015 0.135025 0.0175658
0.115146 0.558253 0.155346 9.9982E-05 0.00909064 0.0216201 0.140344 9.9982E-05
0.0915991 0.399144 0.371501 0.106954 0.0305023 9.9973E-05 9.9973E-05 9.9973E-05
9.9973E-05 0.477324 0.361428 0.0314293 9.9973E-05 9.9973E-05 0.112763 0.0167561
0.0482715 9.9973E-05 0.447206 9.9973E-05 0.0033215 0.324615 0.176286 9.9973E-05
0.0769849 0.448096 0.333889 0.0209404 0.00961219 9.9982E-05 0.110277 9.9982E-05
9.9982E-05 0.442998 0.356784 0.0325653 0.0165269 0.0576791 0.0932467 9.9982E-05
9.9973E-05 0.720267 0.0621023 9.9973E-05 0.00943901 0.175094 0.032798 9.9973E-05
0.00370674 0.296868 0.496814 0.0446171 0.0495785 0.073839 9.9991E-05 0.0344762
9.9973E-05 9.9973E-05 0.00437885 0.554722 0.078029 0.0904498 0.272121 9.9973E-05
9.9982E-05 0.0991663 9.9982E-05 0.651074 0.115842 0.0439917 0.0783647 0.011361
9.9973E-05 9.9973E-05 9.9973E-05 0.667542 0.115782 0.0233659 0.114076 0.0789354
9.9973E-05 9.9973E-05 9.9973E-05 0.664137 0.133646 0.0113373 0.169497 0.0210828
9.9982E-05 0.0297699 0.0268209 0.680616 0.0720514 0.0370808 0.153461 9.9982E-05
9.9964E-05 0.689975 9.9964E-05 0.0357483 9.9964E-05 0.0502015 0.223675 9.9964E-05
9.9973E-05 0.600679 9.9973E-05 0.0601349 0.0272053 0.227234 0.0844466 9.9973E-05
0.00468782 0.702433 9.9955E-05 9.9955E-05 9.9955E-05 0.29238 9.9955E-05 9.9955E-05
0.0451223 0.328033 0.377693 0.21585 9.9982E-05 0.0155538 0.0175475 9.9982E-05
0.0479896 0.34002 0.370515 0.187535 0.0101833 0.0435572 9.9982E-05 9.9982E-05
0.0116542 0.695275 0.000366501 0.0446635 0.0658853 0.151014 9.9991E-05 0.0310423
0.150603 0.460322 0.290132 9.9973E-05 0.00325345 0.09539 9.9973E-05 9.9973E-05
0.0541638 0.491671 0.215594 0.0369315 9.9973E-05 0.20134 9.9973E-05 9.9973E-05
9.9991E-05 0.413509 0.438545 0.00505027 0.0468456 0.00921264 0.0856499 0.00108752
0.00551487 0.333762 0.538884 0.0776233 9.9973E-05 9.9973E-05 0.043916 9.9973E-05
0.0707727 0.66712 9.9973E-05 0.0179599 9.9973E-05 0.073804 0.170044 9.9973E-05
9.9973E-05 0.697456 0.116121 0.0418111 0.051135 9.9973E-05 0.0931768 9.9973E-05
9.9964E-05 0.616123 0.154866 9.9964E-05 0.00903444 9.9964E-05 0.219577 9.9964E-05
0.0371953 9.99795E-05 0.6141 0.129442 9.99795E-05 0.148507 0.0704553 9.99795E-05
9.9982E-05 0.789782 0.0929978 0.020742 0.00329455 0.0254775 0.0675062 9.9982E-05
9.9982E-05 0.555355 0.251754 0.0340419 0.0558017 0.0737588 0.0290881 9.9982E-05
0.329875 9.9982E-05 0.521146 0.0620813 0.0504948 0.00118834 9.9982E-05 0.0350143
0.417746 9.9973E-05 0.340048 0.0983768 9.9973E-05 9.9973E-05 0.0762196 0.0673088
0.385175 0.0499464 0.376845 0.0571196 9.9973E-05 9.9973E-05 9.9973E-05 0.130615
0.385913 0.0250626 0.312388 0.110472 0.0514952 9.9982E-05 9.9982E-05 0.114469
0.312283 0.0247217 0.463235 0.0808034 0.0228762 9.9991E-05 0.00883669 0.0871437
0.00528983 0.290673 0.436998 0.0596925 9.9973E-05 0.207046 9.9973E-05 9.9973E-05
0.535656 9.9973E-05 0.0560762 0.137383 0.0553997 9.9973E-05 9.9973E-05 0.215185
0.366565 0.0504758 0.331663 0.173928 0.00793956 9.9982E-05 9.9982E-05 0.0692295
0.151601 0.125743 0.383165 0.128725 0.0155197 0.137231 9.9991E-05 0.0579157
9.9973E-05 0.0244519 0.648183 0.144401 0.0422596 0.140405 9.9973E-05 9.9973E-05
0.0253252 0.0386191 0.440418 0.0785976 0.067003 0.32422 0.0257168 9.9991E-05
0.0914723 0.00245868 0.590244 0.11976 0.0419666 0.153898 9.9982E-05 9.9982E-05
0.0484344 0.0235326 0.54719 0.0333662 0.089902 0.169912 0.0731998 0.0144627
0.401834 9.9973E-05 0.39704 0.108669 0.0836387 9.9973E-05 9.9973E-05 0.00851807
0.395593 0.0731282 0.309642 0.0948691 0.0500538 9.9982E-05 0.0765138 9.9982E-05
0.411305 9.9973E-05 0.436424 0.0222376 0.0141991 9.9973E-05 9.9973E-05 0.115535
0.3277 0.0812509 0.34022 0.122387 9.9982E-05 9.9982E-05 0.126042 0.00220006
0.497124 0.00782249 0.257941 0.13649 9.9973E-05 9.9973E-05 9.9973E-05 0.100322
0.278964 0.123876 0.312511 0.0606137 0.0166904 0.000131814 0.110635 0.0965788
0.512528 0.0832021 0.22099 0.0606527 0.0290652 9.9982E-05 9.9982E-05 0.0933616
0.391311 0.0349385 0.390149 0.00293275 0.0407568 9.9991E-05 0.0449467 0.0948651
0.0205759 0.111827 0.565897 0.0143338 0.0274206 0.200959 9.9991E-05 0.0588863
0.304475 0.274413 0.230562 0.130726 0.0595235 9.9973E-05 9.9973E-05 9.9973E-05
0.588539 9.9973E-05 0.16858 0.106776 0.00523534 9.9973E-05 9.9973E-05 0.130569
0.318928 0.00537994 0.339989 0.045213 0.0656996 0.00453075 0.155192 0.0650675
9.9973E-05 9.9973E-05 0.265964 0.183294 0.01971 0.372784 0.157948 9.9973E-05
0.051806 0.0198435 0.684431 9.9982E-05 0.0200109 0.18435 0.0393588 9.9982E-05
0.258379 0.00152504 0.390777 0.130474 0.0373575 9.9991E-05 0.0145075 0.16688
0.0124525 9.9982E-05 0.643648 0.110631 0.0569023 0.17277 0.00339542 9.9982E-05
9.9991E-05 0.0685754 0.444917 0.143674 0.0556277 0.207695 0.0597119 0.0196991
0.199319 0.153054 0.338059 0.227796 0.029209 9.9991E-05 0.0066866 0.0457755
0.275325 9.9982E-05 0.390249 0.153995 0.0153632 9.9982E-05 0.0380775 0.12679
0.123978 0.0813804 0.502442 0.0487026 0.0692205 0.109028 0.0534309 0.0118181
0.324955 0.150867 0.326292 0.052726 0.0186511 9.9991E-05 0.0227671 0.103642
0.426502 0.0563349 0.405436 0.0469957 0.0204528 9.9991E-05 0.011644 0.0325346
0.546834 9.9964E-05 0.14589 0.123869 9.9964E-05 9.9964E-05 9.9964E-05 0.183007
9.9973E-05 0.0267646 0.626133 0.118703 0.0608779 0.167222 9.9973E-05 9.9973E-05
9.9982E-05 0.0871216 0.48427 0.120994 0.0563505 0.183965 0.0670996 9.9982E-05
0.0176344 9.9982E-05 0.265367 0.00830456 0.101879 0.545417 9.9982E-05 0.0611982
0.00529863 9.9991E-05 0.673192 0.116682 0.0502912 0.0662746 0.0662603 0.0219015
0.0362673 0.179288 0.302758 0.0869366 0.0141308 0.106526 0.185027 0.089066
0.0398739 0.155548 0.404924 0.13635 0.0370588 9.9991E-05 0.0152927 0.210853
0.0543816 0.0477088 0.486733 9.9991E-05 0.0366369 0.0684724 0.0957525 0.210215
0.0287999 9.9955E-05 9.9955E-05 9.9955E-05 9.9955E-05 9.9955E-05 0.0110751 0.959625
9.9955E-05 0.00156046 9.9955E-05 9.9955E-05 0.0109424 9.9955E-05 9.9955E-05 0.986997
0.00971673 0.0538597 0.310107 9.9973E-05 9.9973E-05 9.9973E-05 0.135578 0.490439
0.0129517 0.0270097 0.090862 0.0207918 0.058018 9.9991E-05 0.0354256 0.754841
