9.9964E-05 9.9964E-05 0.869219 0.0669665 0.0148344 0.0485802 9.9964E-05 9.9964E-05
9.9955E-05 9.9955E-05 0.932766 9.9955E-05 9.9955E-05 9.9955E-05 0.0461917 0.0205428
0.00476455 0.109725 0.799117 0.0589647 9.9973E-05 0.0271289 9.9973E-05 9.9973E-05
9.9964E-05 0.069232 0.794254 0.0962885 9.9964E-05 0.0398254 9.9964E-05 9.9964E-05
9.9973E-05 0.0499424 0.838936 0.0409131 9.9973E-05 0.0554026 9.9973E-05 0.0145056
0.05718 0.0875459 0.638343 0.0101882 0.0991551 0.0211222 0.0863657 9.9991E-05
9.9964E-05 0.00784701 0.79743 9.9964E-05 0.128665 9.9964E-05 0.0656582 9.9964E-05
9.9982E-05 0.0591777 0.726766 0.102213 0.10167 0.000807095 9.9982E-05 0.00916635
0.0576448 9.99729E-05 0.826986 0.0725017 0.0335669 9.99729E-05 9.99729E-05 0.00900102
9.9982E-05 0.137618 0.645947 0.0332404 0.111549 0.0598981 0.0115475 9.9982E-05
9.9973E-05 0.090125 0.704848 0.0703016 0.0786791 9.9973E-05 0.0557459 9.9973E-05
9.9964E-05 0.149309 9.9964E-05 0.0118971 9.9964E-05 0.0462987 0.792096 9.9964E-05
9.9973E-05 0.471095 0.0106095 9.9973E-05 9.9973E-05 0.0403967 0.451604 0.025995
9.9973E-05 0.0742183 0.0159372 9.9973E-05 9.9973E-05 0.0950591 0.795893 0.0185927
9.9973E-05 0.0900134 0.0237586 9.9973E-05 9.9973E-05 0.115219 0.747611 0.0230987
9.9982E-05 0.211337 0.0698672 9.9982E-05 0.0537049 0.151884 0.475854 0.0371532
9.9982E-05 0.502829 0.0391133 9.9982E-05 0.0427082 0.0886269 0.324543 0.0019797
0.0322908 0.371258 0.0135605 0.000190999 0.104412 0.0481484 0.430039 9.9991E-05
0.021133 0.134112 0.0800398 9.9973E-05 9.9973E-05 0.0815832 0.682832 9.9973E-05
9.9964E-05 9.9964E-05 0.0273976 0.0451123 0.0486745 9.9964E-05 0.878416 9.9964E-05
0.138253 0.274541 0.00317033 9.9982E-05 0.0564432 0.102061 0.425332 9.9982E-05
9.9982E-05 0.362659 9.9982E-05 0.0251567 0.122934 0.037743 0.380176 0.071132
0.0137716 0.586456 0.0358358 0.0971065 0.0228512 9.9982E-05 0.243779 9.9982E-05
9.9955E-05 0.0944099 9.9955E-05 9.9955E-05 9.9955E-05 0.092276 0.812814 9.9955E-05
0.0492889 0.589988 0.132772 0.0242148 9.9982E-05 0.0230512 0.180485 9.9982E-05
0.0198142 0.476835 9.9973E-05 9.9973E-05 0.0393325 0.0822596 0.381459 9.9973E-05
9.9955E-05 9.9955E-05 9.9955E-05 9.9955E-05 0.000493679 0.102948 0.896058 9.9955E-05
9.9955E-05 0.00424172 9.9955E-05 9.9955E-05 9.9955E-05 0.153446 0.841812 9.9955E-05
0.0486651 0.0673168 9.9964E-05 9.9964E-05 9.9964E-05 9.9964E-05 0.86046 0.0231587
9.9955E-05 0.129864 0.841003 9.9955E-05 9.9955E-05 0.0286331 9.9955E-05 9.9955E-05
9.9955E-05 0.144696 0.846913 9.9955E-05 9.9955E-05 9.9955E-05 0.00789107 9.9955E-05
0.034771 0.176978 0.781139 0.00671253 9.9964E-05 9.9964E-05 9.9964E-05 9.9964E-05
0.0241314 0.109152 0.742811 9.9973E-05 0.03072 0.0928854 9.9973E-05 9.9973E-05
0.332095 0.508974 0.0304822 0.0502993 0.0259065 9.9982E-05 0.0520436 9.9982E-05
0.293552 0.519271 0.0985354 0.0333026 0.0322589 9.9982E-05 0.0228797 9.9982E-05
0.38165 0.478917 0.0259189 9.9973E-05 9.9973E-05 0.0750261 0.0381885 9.9973E-05
0.119971 9.9982E-05 0.0965795 0.165797 9.9982E-05 0.0421927 0.549759 0.0255009
0.584754 0.299947 0.00614401 9.9973E-05 0.0787288 0.0301262 9.9973E-05 9.9973E-05
0.0863101 0.517433 0.0798946 0.078679 9.9982E-05 9.9982E-05 0.18733 0.0501536
0.26686 0.57934 0.00117237 0.0158921 0.0307055 0.10583 9.9982E-05 9.9982E-05
0.120784 0.536529 0.083738 0.0635864 0.163545 9.9982E-05 0.0316168 9.9982E-05
0.0347302 0.6652 0.0835852 0.115661 0.0465247 9.9991E-05 0.0377454 0.0164531
0.676545 0.0604897 0.0433865 0.0193458 0.0293159 9.9982E-05 0.170717 9.9982E-05
0.0727796 0.600366 0.0214185 0.107889 0.122465 0.0543335 0.0188438 0.00190555
0.155885 0.640124 0.0283188 0.0413633 0.0642361 0.0286779 0.0412951 9.9991E-05
0.068629 0.63324 0.109775 0.00567892 0.131957 0.00345478 9.9991E-05 0.0471658
0.659026 0.302168 9.9955E-05 9.9955E-05 9.9955E-05 9.9955E-05 0.0383054 9.9955E-05
0.183788 0.620868 0.0206278 9.9973E-05 9.9973E-05 9.9973E-05 0.0387358 0.13568
0.136707 0.613004 0.0899287 9.9973E-05 9.9973E-05 9.9973E-05 0.153624 0.00643676
0.712039 9.9964E-05 0.0494193 9.9964E-05 0.221342 9.9964E-05 9.9964E-05 0.0168
0.190897 0.130821 9.9982E-05 0.217962 0.0829362 9.9982E-05 0.375755 0.00142888
0.176098 0.0175418 0.00812893 0.00951142 0.28602 0.0292409 0.353173 0.120286
9.999E-05 0.570639 0.0132423 0.0683662 0.11088 0.046915 0.106209 0.0836487
9.9982E-05 0.592989 0.10184 9.9982E-05 0.0872171 0.0204306 0.113152 0.084171
0.0371385 0.571765 0.0766538 0.0877898 0.101724 0.0513047 0.0634642 0.0101593
0.247986 0.12072 0.0848615 0.11891 0.03755 9.9991E-05 0.331635 0.0582376
0.0400793 0.576625 0.0179217 0.130521 0.0832023 9.9991E-05 0.0755302 0.0760205
0.0610365 0.489157 0.0179498 0.0850989 0.114965 0.0757622 0.15593 9.9991E-05
0.192892 0.329286 0.0720718 0.0159068 0.0654998 0.0276632 0.193913 0.102768
0.0635536 0.0106686 0.158441 0.103894 0.0603073 0.0758033 0.475668 0.0516639
0.0917064 0.527304 0.0307768 0.0834464 0.0629611 0.0333253 0.134243 0.0362366
0.0807077 0.402192 0.0558772 0.110484 0.028413 0.0208141 0.291422 0.0100901
0.0740096 9.9964E-05 9.9964E-05 0.141146 0.129346 9.9964E-05 0.655099 9.9964E-05
9.9973E-05 0.420365 9.9973E-05 0.0794268 9.9973E-05 0.0392659 0.378274 0.0823681
9.9973E-05 0.629942 0.0144401 9.9973E-05 0.124837 9.9973E-05 0.100158 0.130323
9.9982E-05 0.62664 0.0645011 0.0454447 0.0641276 9.9982E-05 0.190799 0.00828832
0.0854582 0.239787 0.0167742 0.000803096 0.0910722 0.0380751 0.447865 0.0801657
0.0822156 0.397213 9.9973E-05 9.9973E-05 0.0838691 0.0689727 0.36743 9.9973E-05
9.9991E-05 0.508753 0.0149799 0.134496 0.0420096 0.0685311 0.0726514 0.158479
0.147762 0.0568954 0.0140258 0.0698342 0.116519 9.9991E-05 0.57531 0.0195542
0.399592 0.547353 9.9955E-05 0.052556 9.9955E-05 9.9955E-05 9.9955E-05 9.9955E-05
0.646019 0.16926 9.9955E-05 9.9955E-05 9.9955E-05 9.9955E-05 0.184221 9.9955E-05
0.0184402 0.524011 0.0760598 0.114049 0.108178 0.0309512 9.9991E-05 0.12821
0.884548 9.9964E-05 0.00333204 9.9964E-05 0.0985918 0.0131285 9.9964E-05 9.9964E-05
0.796015 9.9973E-05 9.9973E-05 0.0154079 0.0566771 9.9973E-05 0.0350099 0.0965905
0.704253 0.289275 9.9955E-05 9.9955E-05 9.9955E-05 9.9955E-05 9.9955E-05 0.00597235
0.507554 0.469108 0.0123495 9.9964E-05 0.0105886 9.9964E-05 9.9964E-05 9.9964E-05
0.161159 0.434845 0.0506841 0.118926 9.9991E-05 0.0845581 0.0732043 0.0765238
0.453382 0.421831 0.0294234 9.9973E-05 9.9973E-05 0.0490819 0.045981 9.9973E-05
0.65122 0.0869855 0.0430023 0.0739575 9.9982E-05 0.0447981 0.0998368 9.9982E-05
0.455247 0.213688 0.0299438 0.196717 9.9982E-05 9.9982E-05 0.0681669 0.0360373
0.302395 0.494759 0.0537528 0.059722 0.00125672 0.0731263 9.9991E-05 0.0148884
0.520337 0.220551 9.9973E-05 9.9973E-05 9.9973E-05 0.0254632 0.185139 0.0482101
0.372344 0.397986 0.0559985 0.0412577 0.0541364 0.0186133 0.0595641 9.9991E-05
0.582478 0.383848 9.9964E-05 9.9964E-05 0.002084 9.9964E-05 9.9964E-05 0.0311893
0.677786 9.9973E-05 9.9973E-05 0.0344697 0.179901 0.013402 9.9973E-05 0.0941415
0.173812 0.646244 9.9982E-05 0.0710486 0.0811609 0.0263434 0.00119115 9.9982E-05
9.9973E-05 0.101908 0.812826 0.0239311 9.9973E-05 0.0217209 0.0393136 9.9973E-05
9.9955E-05 0.0594094 0.899952 9.9955E-05 9.9955E-05 9.9955E-05 0.0401384 9.9955E-05
9.9955E-05 0.124649 0.866317 9.9955E-05 9.9955E-05 0.00853463 9.9955E-05 9.9955E-05
9.9964E-05 0.0151765 0.884409 9.9964E-05 0.0656013 0.0344134 9.9964E-05 9.9964E-05
0.0287075 0.0649059 0.876389 9.9973E-05 0.0245241 9.9973E-05 0.00517363 9.9973E-05
0.00840593 0.101007 0.874942 9.9964E-05 9.9964E-05 0.0152447 9.9964E-05 9.9964E-05
9.99551E-05 0.0741713 0.921461 9.99551E-05 9.99551E-05 0.00386797 9.99551E-05 9.99551E-05
0.197183 0.525969 0.0683815 0.11528 9.9991E-05 0.0547106 0.0178602 0.0205152
0.206073 0.51639 0.0466321 0.000404749 0.00324621 0.118103 0.10905 9.9991E-05
0.691609 0.021896 0.0296916 9.9973E-05 9.9973E-05 9.9973E-05 0.25219 0.00431339
0.126871 0.481769 0.118183 0.0238012 0.027469 0.00265135 0.171618 0.0476374
0.399659 0.402385 0.00710239 9.9973E-05 9.9973E-05 0.00340871 0.187145 9.9973E-05
0.326123 0.545075 0.0811464 9.9982E-05 0.00756521 0.00464157 9.9982E-05 0.0352488
0.262887 0.544897 0.0344741 9.9991E-05 0.0599598 0.0105276 0.0432814 0.0438727
0.449193 0.425669 0.020831 9.9973E-05 9.9973E-05 0.0954166 9.9973E-05 0.0085906
0.674291 9.9964E-05 0.0277843 0.0647208 9.9964E-05 9.9964E-05 0.232804 9.9964E-05
0.179869 0.430941 0.141784 9.9991E-05 0.0269674 0.0554433 0.108191 0.0567044
0.247424 0.59721 0.0764827 9.9982E-05 0.0195743 0.0427492 0.0163598 9.9982E-05
0.250904 0.483796 9.9982E-05 0.0706317 9.9982E-05 0.117516 0.0199987 0.056953
0.584885 0.249974 9.9973E-05 9.9973E-05 0.125901 0.00941226 9.9973E-05 0.0295277
0.36532 0.456088 0.0600249 9.9964E-05 9.9964E-05 9.9964E-05 9.9964E-05 0.118167
0.418644 0.364781 0.0563363 9.9973E-05 9.9973E-05 0.0181815 0.141757 9.9973E-05
0.616265 0.249082 9.9964E-05 9.9964E-05 9.9964E-05 0.106199 9.9964E-05 0.0280555
0.439167 0.405752 0.0662909 0.0883902 9.9964E-05 9.9964E-05 9.9964E-05 9.9964E-05
0.057579 0.596028 0.0884395 9.9991E-05 0.0662365 0.00294247 0.134957 0.0537172
0.0887624 0.0819004 0.0277979 0.0603748 0.08561 0.0500332 0.388013 0.217508
9.9982E-05 0.36947 0.0714671 0.154247 0.117022 0.052313 0.235281 9.9982E-05
0.0374715 0.514659 0.0963788 0.178196 0.0255225 0.0661824 0.0269846 0.0546052
0.0209108 0.705787 0.119761 0.00814308 0.0696767 0.0409523 0.0346693 9.9991E-05
0.0485177 0.423296 0.0246183 0.0671053 9.9982E-05 9.9982E-05 0.375355 0.0609083
0.0445902 0.589008 9.9973E-05 0.131754 9.9973E-05 9.9973E-05 0.211483 0.0228644
0.0440866 0.421252 0.00497515 0.141407 9.9982E-05 9.9982E-05 0.38785 0.000229136
0.120029 0.559959 0.135641 0.129112 9.9982E-05 0.00735023 9.9982E-05 0.0477091
9.9982E-05 0.535212 0.073997 0.148037 9.9982E-05 0.110511 0.0302343 0.101808
0.102739 0.544132 0.0692198 0.0402988 9.9982E-05 9.9982E-05 0.20252 0.0408899
0.0123334 0.454619 9.9973E-05 0.190463 9.9973E-05 9.9973E-05 0.259028 0.0832571
0.0119165 0.642079 0.0462874 0.16778 0.0793781 9.9991E-05 0.0482262 0.00423287
9.9991E-05 0.521725 0.0505157 0.032772 0.105539 0.0709414 0.137269 0.0811382
0.104614 0.466178 9.9982E-05 0.0873296 9.9982E-05 0.0992167 0.193279 0.0491824
9.9973E-05 0.556811 9.9973E-05 0.125061 0.191654 0.0829544 9.9973E-05 0.0432194
0.112282 0.461457 9.9991E-05 0.153126 0.0149164 0.118792 0.0280506 0.111276
9.9982E-05 0.287572 0.0966912 0.0728499 0.119943 9.9982E-05 0.283662 0.139082
9.9982E-05 0.535673 9.9982E-05 0.113397 0.0419002 0.0812229 0.202187 0.0254202
9.9991E-05 0.598005 0.0334744 0.100492 0.0561328 0.0610531 0.0610234 0.0897195
0.0800354 0.192011 9.9982E-05 0.279344 9.9982E-05 0.0589836 0.285356 0.10407
9.9982E-05 0.0998241 9.9982E-05 0.0598694 0.212526 0.0270732 0.426887 0.173621
0.0650511 0.608013 9.9973E-05 0.13862 0.072101 9.9973E-05 0.115915 9.9973E-05
0.158975 0.0458556 9.9991E-05 0.218381 0.0761015 0.015314 0.142454 0.342819
0.0709354 0.222051 0.0392157 0.13881 9.9982E-05 9.9982E-05 0.434669 0.0941189
0.192425 0.352603 9.9973E-05 0.0605995 9.9973E-05 9.9973E-05 0.326607 0.0674656
0.0899725 0.271921 9.9964E-05 0.175174 9.9964E-05 9.9964E-05 0.462532 9.9964E-05
0.0805015 0.184915 9.9973E-05 0.172648 0.0272682 9.9973E-05 0.534367 9.9973E-05
9.9982E-05 0.638409 0.0748908 0.018704 0.0149788 9.9982E-05 0.187086 0.0657314
0.101218 0.578089 0.140116 0.033684 0.0435996 9.9982E-05 0.103093 9.9982E-05
0.0326234 0.489405 0.00813376 0.0162904 0.0592812 0.0568378 0.206428 0.131
0.0611681 0.170458 9.9991E-05 0.16351 0.220381 0.00956596 0.177634 0.197183
0.134492 0.521331 0.125569 0.119704 0.0671354 0.00298887 0.0286797 9.9991E-05
0.12583 0.406492 0.0398809 0.0372563 0.158481 0.0873414 0.10087 0.043848
0.195554 9.9982E-05 0.11337 0.0149948 0.468722 9.9982E-05 0.112097 0.0950625
0.110787 0.577135 0.0973508 0.0246007 0.0703006 0.0862811 9.9991E-05 0.0334446
0.160188 0.351442 0.0573965 0.0960164 0.261775 9.9991E-05 0.0403826 0.0327
0.0730312 0.472228 0.0751161 0.00725308 0.144454 0.0528945 0.0337995 0.141223
0.150635 0.175173 0.0808595 0.033879 0.367254 9.9991E-05 0.12416 0.0679396
0.076404 0.155549 0.0339976 9.9982E-05 0.440301 9.9982E-05 0.230533 0.0630143
0.0820865 0.408262 9.9982E-05 0.101783 0.153503 9.9982E-05 0.09135 0.162815
9.9982E-05 0.480336 0.0880834 9.9982E-05 0.137455 0.0509149 0.154876 0.0881345
0.0308914 0.370157 0.102067 0.0750439 0.143222 0.094435 0.16035 0.0238348
0.231413 9.9982E-05 9.9982E-05 0.0211175 0.372635 0.153701 0.154933 0.0659998
0.0775228 0.516762 0.00494234 0.0333765 0.0518225 0.112707 0.15467 0.0481961
0.132947 0.353921 9.9973E-05 9.9973E-05 0.286971 9.9973E-05 0.134644 0.0912169
0.0677839 0.460992 9.9973E-05 9.9973E-05 0.107845 9.9973E-05 0.2808 0.0822792
0.0136177 0.650261 0.167428 0.0549215 0.00168951 0.000276986 9.9991E-05 0.111706
9.9973E-05 0.132385 0.254727 9.9973E-05 0.257859 0.277694 0.0770348 9.9973E-05
9.9955E-05 9.9955E-05 0.484932 9.9955E-05 0.398131 0.116437 9.9955E-05 9.9955E-05
9.9955E-05 9.9955E-05 0.366654 9.9955E-05 0.512063 0.120784 9.9955E-05 9.9955E-05
9.9973E-05 0.0592262 0.341297 0.0206817 0.254243 0.324252 9.9973E-05 9.9973E-05
0.103521 0.659625 9.9955E-05 9.9955E-05 0.236354 9.9955E-05 9.9955E-05 9.9955E-05
0.0522039 0.605711 0.0696997 0.0917183 0.0566155 0.0245012 0.0562514 0.0432995
0.0363847 0.287743 9.9964E-05 9.9964E-05 9.9964E-05 0.672609 0.00286385 9.9964E-05
0.0658324 0.302936 0.0262985 0.0741531 9.9991E-05 0.47677 0.0443162 0.00959432
0.0884972 0.27629 0.135793 0.0446831 0.020378 0.434159 9.9982E-05 9.9982E-05
0.0866608 0.333957 9.9973E-05 9.9973E-05 0.362265 9.9973E-05 0.0288347 0.187983
0.200968 0.557574 0.00453798 9.9991E-05 0.145829 0.0204192 0.0487508 0.0218213
0.110884 0.211097 9.9973E-05 9.9973E-05 0.543535 9.9973E-05 0.036541 0.0976433
0.107029 0.610612 9.9964E-05 9.9964E-05 0.254237 9.9964E-05 9.9964E-05 0.0277231
0.172104 0.453425 9.9982E-05 0.00661512 0.217711 9.9982E-05 0.0359685 0.113976
0.0495886 0.612128 9.9982E-05 0.0216659 0.235017 9.9982E-05 0.00497481 0.0764255
0.106573 0.280674 9.9973E-05 0.0213923 0.450859 9.9973E-05 9.9973E-05 0.140203
0.11838 0.578035 9.9982E-05 0.117241 0.103425 0.0802537 9.9982E-05 0.00246608
0.0819664 0.572338 0.000142768 0.000483809 0.188901 0.0650206 9.9991E-05 0.0910482
0.0392353 9.9946E-05 9.9946E-05 9.9946E-05 9.9946E-05 0.960165 9.9946E-05 9.9946E-05
0.0134656 0.137438 9.9973E-05 0.00760875 9.9973E-05 0.83215 9.9973E-05 0.00903772
0.0729747 0.320369 0.0298721 0.0102008 0.0292821 0.537101 9.9982E-05 9.9982E-05
9.9955E-05 0.294605 9.9955E-05 0.0597305 9.9955E-05 0.645165 9.9955E-05 9.9955E-05
0.0137033 0.142644 9.9964E-05 0.0698426 9.9964E-05 0.77341 9.9964E-05 9.9964E-05
9.994E-05 9.994E-05 9.994E-05 9.994E-05 9.994E-05 0.9993 9.994E-05 9.994E-05
9.9955E-05 9.9955E-05 9.9955E-05 0.069081 9.9955E-05 0.921451 0.00896854 9.9955E-05
9.9946E-05 0.143708 9.9946E-05 9.9946E-05 9.9946E-05 0.855693 9.9946E-05 9.9946E-05
0.0133804 0.00196835 9.9964E-05 0.0155015 9.9964E-05 0.96875 9.9964E-05 9.9964E-05
9.994E-05 9.994E-05 9.994E-05 9.994E-05 9.994E-05 0.9993 9.994E-05 9.994E-05
9.9946E-05 9.9946E-05 9.9946E-05 9.9946E-05 0.000693776 0.998707 9.9946E-05 9.9946E-05
9.9973E-05 0.174327 0.0454948 9.9973E-05 9.9973E-05 0.703112 0.0468268 0.0299401
9.9973E-05 0.094268 0.00296531 0.0180686 9.9973E-05 0.826842 0.0575557 9.9973E-05
0.0274835 9.9946E-05 9.9946E-05 9.9946E-05 9.9946E-05 0.971917 9.9946E-05 9.9946E-05
0.175733 0.244123 0.0693426 0.0411618 9.9982E-05 0.461198 0.00824252 9.9982E-05
9.9973E-05 0.169498 0.0144501 0.0618514 9.9973E-05 0.676324 0.0775759 9.9973E-05
9.9964E-05 0.199567 0.0172208 0.0184822 9.9964E-05 0.76433 9.9964E-05 9.9964E-05
9.9955E-05 0.0559679 9.9955E-05 9.9955E-05 9.9955E-05 0.845824 0.0977083 9.9955E-05
9.9946E-05 0.0285496 9.9946E-05 9.9946E-05 9.9946E-05 0.970851 9.9946E-05 9.9946E-05
0.0165012 0.121963 9.9964E-05 0.0250064 9.9964E-05 0.836129 9.9964E-05 9.9964E-05
9.9946E-05 0.00663412 9.9946E-05 9.9946E-05 9.9946E-05 0.992766 9.9946E-05 9.9946E-05
9.9973E-05 0.229508 0.0715463 0.00216509 0.0797735 0.616707 9.9973E-05 9.9973E-05
9.9964E-05 0.0510982 9.9964E-05 9.9964E-05 9.9964E-05 0.860004 0.0874968 0.00100086
9.9964E-05 9.9964E-05 0.259323 9.9964E-05 0.616058 0.0501717 9.9964E-05 0.0740472
9.9982E-05 0.386036 0.171318 0.154679 0.229353 0.0545418 0.00387167 9.9982E-05
0.0175999 0.421542 0.193224 0.0520825 0.267008 0.0483437 9.9982E-05 9.9982E-05
0.0531817 0.187961 0.142202 9.9982E-05 0.523568 0.083641 9.9982E-05 0.00924566
9.9991E-05 0.446152 0.135622 0.0455372 0.144533 0.0963296 0.0575854 0.0741411
0.0357703 0.250507 0.213598 9.9991E-05 0.391957 0.066032 0.0277905 0.0142453
9.9991E-05 0.508994 0.138003 0.0459161 0.231732 0.0463045 0.0269452 0.00200497
0.00986981 0.296945 0.0724639 9.9982E-05 0.42471 0.159473 0.0363384 9.9982E-05
9.9982E-05 0.434582 0.152921 0.00979699 0.184906 0.173282 9.9982E-05 0.044312
9.9973E-05 0.387283 0.137989 9.9973E-05 0.313706 0.143988 9.9973E-05 0.0167333
0.0164621 0.599596 0.119082 9.9991E-05 0.202554 0.0125866 0.0492344 0.000385493
0.026425 0.0400537 0.81982 0.0707942 0.0426067 9.9973E-05 9.9973E-05 9.9973E-05
9.9964E-05 9.9964E-05 0.901731 9.9964E-05 0.0190381 0.0682318 0.0105994 9.9964E-05
0.0322043 9.9955E-05 0.947029 0.0202673 9.9955E-05 9.9955E-05 9.9955E-05 9.9955E-05
0.00911873 0.00256738 0.935754 0.0521596 9.9964E-05 9.9964E-05 9.9964E-05 9.9964E-05
9.9955E-05 9.9955E-05 0.853582 9.9955E-05 0.0343339 9.9955E-05 0.111585 9.9955E-05
9.9955E-05 9.9955E-05 0.900484 9.9955E-05 9.9955E-05 0.0459136 9.9955E-05 0.0531026
9.9973E-05 0.0115305 0.858237 0.0311147 0.0016487 0.097169 9.9973E-05 9.9973E-05
0.0450518 9.9973E-05 0.865049 0.0184317 0.0319855 9.9973E-05 9.9973E-05 0.0391821
0.0249705 0.0282571 0.904163 9.9973E-05 9.9973E-05 0.00760836 9.9973E-05 0.0347015
9.9964E-05 0.0320319 0.833917 9.9964E-05 0.0813588 0.0522924 9.9964E-05 9.9964E-05
0.117678 9.9973E-05 0.604791 0.0515031 9.9973E-05 9.9973E-05 0.195687 0.0300407
0.0272245 9.9973E-05 0.589732 0.208403 9.9973E-05 9.9973E-05 0.11533 0.0590112
0.00722401 9.9982E-05 0.539575 0.093608 0.0532935 9.9982E-05 0.299735 0.00636496
0.0576667 9.9964E-05 0.504619 0.0877007 9.9964E-05 9.9964E-05 0.349614 9.9964E-05
0.225383 0.423283 0.0461299 0.0706547 0.100299 9.9991E-05 0.0261293 0.108021
0.232953 0.370157 0.00479945 0.0521785 9.9991E-05 0.0588733 0.199524 0.0814144
0.130142 0.577941 0.0420598 0.0933617 0.000686713 0.0146555 0.12089 0.0202634
0.190925 0.342829 0.0710425 0.11772 0.0192625 9.9991E-05 0.252977 0.00514418
0.179379 0.072733 9.9973E-05 0.220086 9.9973E-05 9.9973E-05 0.52158 0.00592244
0.254601 0.557602 0.0507495 9.9982E-05 9.9982E-05 0.0166246 0.0338898 0.0863329
0.304956 0.520555 9.9973E-05 0.00192659 9.9973E-05 9.9973E-05 0.151344 0.0209178
0.276812 0.441315 0.0235132 0.0880486 0.0716399 9.9991E-05 0.0789074 0.0196642
0.639677 0.26127 9.9964E-05 9.9964E-05 9.9964E-05 0.0894996 9.9964E-05 0.00915416
0.223141 0.614118 0.0260748 0.102372 0.033994 9.9973E-05 9.9973E-05 9.9973E-05
0.388051 0.414506 9.9973E-05 0.0926268 9.9973E-05 9.9973E-05 0.0999493 0.00456745
0.739431 9.9964E-05 9.9964E-05 0.0244692 0.00888615 9.9964E-05 9.9964E-05 0.226814
0.141704 0.515566 0.0443359 0.0384168 0.0714469 0.00577641 0.0788165 0.103938
0.52011 0.138399 0.0156439 9.9991E-05 0.119888 0.0530189 0.0516876 0.101152
0.394372 0.49527 9.9973E-05 0.00372023 0.0316331 9.9973E-05 9.9973E-05 0.0747053
0.692685 0.00420996 0.0485436 0.0399766 9.9973E-05 9.9973E-05 0.214284 9.9973E-05
0.0071995 9.9973E-05 0.0646849 0.787183 0.130762 0.00987038 9.9973E-05 9.9973E-05
9.9964E-05 0.0446009 0.0565435 0.787016 0.11144 9.9964E-05 9.9964E-05 9.9964E-05
9.9955E-05 9.9955E-05 0.0215417 0.90524 9.9955E-05 9.9955E-05 9.9955E-05 0.0727187
0.0195506 0.000972284 0.0829833 0.857229 0.000775117 9.9982E-05 9.9982E-05 0.0382894
9.9982E-05 0.0826783 9.9982E-05 0.741217 0.138497 0.0197132 0.00464911 0.0130453
9.9982E-05 0.0828778 0.016202 0.81572 0.0420819 0.0286422 9.9982E-05 0.0142759
0.0140204 0.0478327 0.863693 9.9973E-05 9.9973E-05 0.0432056 0.0309484 9.9973E-05
9.9982E-05 0.0896455 0.787016 0.0408421 0.00706721 0.0243343 0.0508948 9.9982E-05
9.9973E-05 0.0973756 0.737867 9.9973E-05 0.0190546 0.142886 9.9973E-05 0.00251651
9.9973E-05 0.00788503 0.720262 0.0374414 9.9973E-05 0.127706 0.106406 9.9973E-05
9.9973E-05 0.0947985 0.772228 0.0481649 9.9973E-05 0.0498115 0.0346971 9.9973E-05
9.9964E-05 9.9964E-05 0.370044 0.516153 0.058094 9.9964E-05 0.0553089 9.9964E-05
0.0889459 9.9973E-05 0.431515 0.360327 0.0389324 9.9973E-05 9.9973E-05 0.0799799
9.9973E-05 0.00809947 0.386305 0.482472 9.9973E-05 0.0176038 9.9973E-05 0.105219
9.9955E-05 0.142836 0.798208 9.9955E-05 9.9955E-05 9.9955E-05 0.0584564 9.9955E-05
0.0650189 9.9982E-05 0.372354 0.498229 0.0106535 9.9982E-05 0.0311411 0.0224044
0.00390314 0.280671 0.187154 9.9982E-05 0.172689 0.351079 9.9982E-05 0.00430312
9.9973E-05 0.484921 0.174535 9.9973E-05 0.0547924 0.21582 0.0696317 9.9973E-05
9.9964E-05 0.562923 0.22455 9.9964E-05 9.9964E-05 0.174135 0.0379931 9.9964E-05
0.0230625 0.41907 0.259516 9.9982E-05 0.117113 0.171018 0.010021 9.9982E-05
0.0365306 0.51978 0.125886 0.0116752 0.0706936 0.125029 0.074458 0.0359479
9.9955E-05 9.9955E-05 0.362342 9.9955E-05 0.325985 0.311174 9.9955E-05 9.9955E-05
0.0616188 0.387664 0.00923353 0.118898 9.9982E-05 9.9982E-05 0.293629 0.128758
0.0492574 0.334208 9.9982E-05 0.114203 0.0935777 9.9982E-05 0.207965 0.20059
9.9964E-05 0.218645 0.0290963 0.091277 9.9964E-05 9.9964E-05 0.660582 9.9964E-05
0.105983 0.442983 9.9982E-05 0.0702454 0.0489943 9.9982E-05 0.0373339 0.294261
0.156456 9.9973E-05 9.9973E-05 0.107333 0.261072 9.9973E-05 0.0270955 0.447743
0.0151631 0.409906 0.0426198 0.062905 0.0600672 0.0657907 0.245144 0.0984041
0.108541 0.450009 0.0412421 0.0332631 0.100873 9.9991E-05 0.217505 0.0484667
0.0831759 0.239756 0.0222895 0.154216 0.0629637 9.9982E-05 0.437399 9.9982E-05
0.0226586 0.557392 0.049989 0.130214 0.0433421 9.9982E-05 0.196205 9.9982E-05
0.136804 0.0243267 9.9973E-05 9.9973E-05 0.199753 9.9973E-05 0.490884 0.147933
0.0765724 0.378298 9.9991E-05 0.130276 0.105194 0.0320876 0.0364671 0.241006
0.125452 0.548839 9.9982E-05 0.0908413 0.052898 0.00958718 0.172183 9.9982E-05
0.127542 0.34287 0.101334 0.0633567 0.129541 0.207958 0.027299 9.9991E-05
0.0376129 0.332288 9.9982E-05 0.0839153 0.042665 9.9982E-05 0.254976 0.248343
9.9982E-05 0.469037 0.0597217 0.134928 0.0110123 9.9982E-05 0.206052 0.119049
0.0461187 0.462481 0.000845728 0.0379886 0.0454967 0.0481229 0.213446 0.1455
0.0992729 0.563415 9.9982E-05 0.090813 0.0380287 9.9982E-05 0.110658 0.0976134
0.0682398 0.685027 0.0584152 0.0830292 0.00170924 0.0120397 0.05045 0.0410899
0.169213 0.501733 0.0185057 0.0632695 9.9991E-05 0.0849721 0.160014 0.00219277
9.9973E-05 0.541607 0.0898447 0.0557664 0.112221 9.9973E-05 0.200261 9.9973E-05
9.9955E-05 0.145386 0.7617 9.9955E-05 9.9955E-05 0.0924147 9.9955E-05 9.9955E-05
0.0150402 0.0355716 0.782895 9.9973E-05 9.9973E-05 0.0765078 9.9973E-05 0.0896856
0.0347126 0.0332914 0.753666 0.0560549 0.0739831 9.9982E-05 9.9982E-05 0.0480916
0.0745482 9.9973E-05 0.798933 0.0588466 9.9973E-05 0.0466986 9.9973E-05 0.0206733
0.0184855 0.109801 0.837804 0.00706204 9.9982E-05 0.0136401 9.9982E-05 0.013008
0.00765823 0.107894 9.9991E-05 0.102228 0.00331379 0.0258325 0.727707 0.0252666
0.0844293 0.447597 0.0806286 0.0481267 0.0326135 0.0418558 0.122246 0.142503
9.9973E-05 0.378699 0.1238 9.9973E-05 0.161405 0.22703 0.108766 9.9973E-05
9.9991E-05 0.605094 0.0230844 0.0868731 0.0208774 0.0937321 0.0416582 0.128581
0.110762 0.470701 0.0475664 0.097136 9.9982E-05 9.9982E-05 0.24065 0.0329843
9.9982E-05 0.245783 9.9982E-05 0.141306 0.133378 0.012233 0.274721 0.19238
0.0549818 9.9973E-05 0.10098 0.229954 0.127437 9.9973E-05 0.486347 9.9973E-05
9.9982E-05 0.509713 0.0170924 0.19953 0.0307338 9.9982E-05 0.164165 0.0785651
9.9982E-05 0.113064 0.0624973 0.263944 9.9982E-05 0.0338627 0.382009 0.144424
0.109867 0.344514 9.9982E-05 0.253988 0.18248 0.0884189 9.9982E-05 0.0205318
0.0263493 0.023782 0.122021 0.20778 9.9982E-05 9.9982E-05 0.532984 0.0868838
9.9982E-05 0.528666 0.0644779 0.119077 9.9982E-05 0.0776088 0.141674 0.0682962
9.9982E-05 0.137788 0.0826105 0.141684 0.0300373 9.9982E-05 0.517845 0.0898351
9.9982E-05 0.382342 0.00313341 0.198929 0.171695 9.9982E-05 0.212655 0.0310451
0.0448952 0.460064 9.9991E-05 0.0600634 0.145971 0.0408021 0.10498 0.143124
0.023872 0.300025 9.9982E-05 0.0860014 0.471919 9.9982E-05 0.0276578 0.0903252
9.9991E-05 0.603182 0.0493811 0.116 0.127951 0.0143471 0.0489088 0.0401307
0.00287311 0.619809 0.0949351 0.0756719 0.158847 9.9982E-05 0.0476639 9.9982E-05
0.00720888 0.34821 9.9982E-05 0.0920183 0.396557 9.9982E-05 0.0382606 0.117545
0.133616 0.51532 0.0541616 9.9982E-05 0.185138 0.0265114 0.0850539 9.9982E-05
0.117721 0.534538 0.0174753 0.0478895 0.256945 9.9982E-05 9.9982E-05 0.0252314
0.130618 0.0786804 9.9973E-05 0.103326 0.514698 9.9973E-05 9.9973E-05 0.172378
0.126393 0.268805 9.9973E-05 0.0352021 0.524103 9.9973E-05 9.9973E-05 0.0451972
0.087755 0.536954 9.9973E-05 0.0847986 0.285609 9.9973E-05 9.9973E-05 0.00458384
0.17674 0.146219 9.9982E-05 0.0713968 0.426227 9.9982E-05 0.107562 0.0716548
0.0804765 0.465926 9.9973E-05 0.0361421 0.281719 9.9973E-05 0.135437 9.9973E-05
0.0832055 0.0705849 0.0396702 0.212375 9.9973E-05 9.9973E-05 0.593864 9.9973E-05
0.0911983 0.224237 9.9973E-05 0.197696 9.9973E-05 9.9973E-05 0.157068 0.3295
0.0573611 0.249369 0.0792221 0.152526 9.9991E-05 0.0158385 0.411669 0.0339148
0.0498433 0.493868 0.00642526 0.140814 9.9991E-05 0.0964959 0.181363 0.0310907
0.138602 0.209511 9.9973E-05 0.248982 0.0221638 9.9973E-05 0.380441 9.9973E-05
9.9991E-05 0.443993 0.125213 0.13144 0.0502508 0.0399017 0.00928754 0.199815
9.9982E-05 0.575091 0.0201475 0.229105 0.125103 0.0386412 0.0117123 9.9982E-05
0.146361 0.485243 0.0505593 0.0818716 0.0425378 0.00795752 0.185369 9.9991E-05
9.9982E-05 0.410192 0.0435529 0.196036 9.9982E-05 0.14814 0.0857486 0.11613
0.129216 0.421099 0.0636843 0.214917 9.9982E-05 0.0603554 0.110528 9.9982E-05
0.127173 0.190107 9.9982E-05 0.275409 9.9982E-05 0.0704095 0.334184 0.002518
0.0492316 0.290926 9.9991E-05 0.286487 0.00120684 0.0836551 0.229356 0.0590379
0.00971029 0.616972 9.9991E-05 0.0877384 0.0413306 0.000130943 0.218421 0.0255973
0.0974292 0.551404 0.0224167 0.028454 0.0149067 0.0495497 0.198788 0.0370512
0.0573213 0.409097 0.0237739 0.106615 0.120032 0.0478096 0.111549 0.123803
9.9973E-05 0.511552 9.9973E-05 0.175309 9.9973E-05 0.043369 0.0940767 0.175394
9.9982E-05 0.308298 0.0601992 0.316387 0.043017 0.0240244 0.247874 9.9982E-05
0.0194016 0.519493 9.9982E-05 0.240843 9.9982E-05 0.106007 0.0790028 0.0350528
0.0880248 0.459319 9.9982E-05 0.171831 9.9982E-05 0.0777286 0.171359 0.0315369
0.0584981 0.465334 0.027561 0.15113 0.0672705 0.0793137 0.150792 9.9991E-05
0.00555899 0.387741 0.323013 9.9982E-05 0.055135 0.135905 0.0924474 9.9982E-05
0.103048 0.408055 0.119156 9.9982E-05 0.125201 0.237371 0.00696864 9.9982E-05
0.0337277 0.492855 0.163812 9.9991E-05 0.035716 0.143483 0.0507503 0.079556
0.0400452 0.59313 0.0626553 9.9991E-05 0.0396946 0.0846071 0.0190638 0.160704
9.9982E-05 0.366939 0.19725 9.9982E-05 0.0104362 0.172184 0.174686 0.0783037
9.9982E-05 0.415586 9.9982E-05 0.0150425 0.0842992 0.00597595 0.276522 0.202374
0.0489204 0.447938 0.206788 9.9991E-05 0.0437271 0.105387 0.0992076 0.0479327
0.106565 9.9982E-05 0.182652 9.9982E-05 0.417608 0.158652 0.11594 0.0183822
9.9991E-05 0.518979 0.11247 0.0582247 0.114835 0.110594 0.0813538 0.00344442
0.020667 0.52631 0.116859 0.0251508 0.062354 0.1744 0.0194579 0.0548011
9.9991E-05 0.520023 0.0696779 0.0629461 0.00515745 0.215816 0.0794753 0.0468041
0.110151 0.277626 0.17423 9.9991E-05 0.238895 0.112035 0.0831191 0.00384534
9.9973E-05 0.540448 0.174549 9.9973E-05 0.063891 0.121715 0.0990973 9.9973E-05
9.9973E-05 0.560672 0.199972 9.9973E-05 0.0974328 0.100027 9.9973E-05 0.0415961
9.9964E-05 9.9964E-05 0.408812 9.9964E-05 0.355692 0.173803 9.9964E-05 0.0612933
0.0236694 0.501614 0.205338 9.9982E-05 0.040687 0.202713 9.9982E-05 0.0257794
9.9982E-05 0.483045 0.145198 9.9982E-05 0.00868354 0.18 0.0997445 0.0831291
9.9982E-05 0.52858 0.0709128 0.0139865 0.10074 0.10302 0.18256 9.9982E-05
9.9973E-05 0.506121 0.177684 9.9973E-05 0.0501462 0.221759 9.9973E-05 0.04399
0.0222975 0.438994 0.152302 0.0169404 0.0958755 0.128988 0.126649 0.0179547
0.0140725 0.434515 0.0299397 0.0897927 9.9982E-05 0.0543579 9.9982E-05 0.377122
0.0982874 0.506773 0.0336496 0.0321215 0.000284679 0.0694256 0.00156472 0.257894
9.9946E-05 9.9946E-05 9.9946E-05 9.9946E-05 9.9946E-05 9.9946E-05 0.176372 0.823028
0.0395773 9.9973E-05 0.000319435 0.0590724 0.00560582 9.9973E-05 9.9973E-05 0.895125
9.9973E-05 0.478828 0.0351883 9.9973E-05 9.9973E-05 0.069778 0.077138 0.338767
9.9982E-05 0.410207 0.0732087 0.024551 0.0681897 0.307208 9.9982E-05 0.116436
9.9973E-05 0.284729 0.0713367 9.9973E-05 0.0367855 0.331495 9.9973E-05 0.275354
9.9982E-05 0.143618 0.192936 9.9982E-05 0.186307 0.266421 0.0286696 0.181848
9.9982E-05 0.295193 0.164913 9.9982E-05 0.069912 0.279509 0.033744 0.156529
9.9973E-05 0.0371475 0.0845123 9.9973E-05 0.130396 0.0737664 9.9973E-05 0.673878
9.9973E-05 0.0734995 0.0627894 9.9973E-05 0.112519 0.140633 9.9973E-05 0.610259
9.9964E-05 0.543186 0.0355013 9.9964E-05 9.9964E-05 0.0813104 9.9964E-05 0.339603
9.9964E-05 0.464883 0.0240199 9.9964E-05 9.9964E-05 0.0752961 9.9964E-05 0.435401
9.9964E-05 0.131108 0.0465169 9.9964E-05 9.9964E-05 0.106559 9.9964E-05 0.715416
0.022833 0.450775 0.0952835 9.9982E-05 9.9982E-05 0.106119 0.109112 0.215677
0.011844 0.530613 0.0262291 0.0133729 9.9982E-05 0.125032 9.9982E-05 0.292709
9.9982E-05 0.417236 0.0312429 0.0550804 9.9982E-05 0.161669 0.163067 0.171504
9.9955E-05 0.352889 9.9955E-05 0.0531639 9.9955E-05 9.9955E-05 9.9955E-05 0.593447
0.0128144 0.358572 9.9973E-05 9.9973E-05 0.0559528 9.9973E-05 0.0662984 0.506063
9.9964E-05 0.611306 9.9964E-05 0.0342827 9.9964E-05 9.9964E-05 0.000952945 0.353058
0.0108447 0.348061 0.075088 0.0633166 0.01992 0.0150749 0.0765552 0.39114
9.9991E-05 0.354317 0.0100632 0.0540054 0.130642 0.207828 0.0350111 0.208034
9.9964E-05 0.458825 9.9964E-05 9.9964E-05 0.0717032 9.9964E-05 0.037691 0.431381
9.9964E-05 0.182929 9.9964E-05 0.0597105 0.0191428 9.9964E-05 9.9964E-05 0.737818
0.0893605 0.6237 0.0204683 9.9964E-05 9.9964E-05 9.9964E-05 9.9964E-05 0.266072
0.0475642 0.177822 9.9982E-05 0.00570605 9.9982E-05 0.00044123 0.047039 0.721228
0.00903581 0.403233 0.0461114 0.0107933 0.0315348 0.0140552 9.9991E-05 0.485136
9.9991E-05 0.606381 0.093105 0.0326114 0.0297848 0.0153681 0.0575566 0.165093
0.123627 0.447975 0.0289142 0.0158308 0.00922441 9.9991E-05 0.0199838 0.354345
0.0417485 0.433174 0.0805552 9.9991E-05 0.171223 0.153048 0.0954397 0.0247112
9.9991E-05 0.447824 0.120966 0.0739173 0.0895375 0.0767097 0.0961149 0.0948311
9.9982E-05 0.338409 0.170638 0.0582272 0.114695 0.266319 9.9982E-05 0.0515118
9.9982E-05 0.33839 0.142241 0.0487259 0.211847 0.17704 9.9982E-05 0.0815572
0.00536458 0.486606 0.127524 0.144269 0.0797401 0.128356 0.0280405 9.9991E-05
0.0297464 0.419784 0.130555 9.9982E-05 0.153703 0.181759 9.9982E-05 0.0842531
9.9973E-05 9.9973E-05 0.166566 0.0169145 0.0785074 0.120381 9.9973E-05 0.617332
9.9982E-05 0.615587 0.0347587 0.080238 0.0850443 0.15778 9.9982E-05 0.0263913
9.9964E-05 9.9964E-05 0.346139 9.9964E-05 0.110018 0.107263 9.9964E-05 0.436181
9.9964E-05 0.400405 0.064233 9.9964E-05 9.9964E-05 0.220073 9.9964E-05 0.314888
0.142711 0.0383876 9.9955E-05 9.9955E-05 9.9955E-05 9.9955E-05 9.9955E-05 0.818402
0.0401811 9.9955E-05 9.9955E-05 9.9955E-05 9.9955E-05 9.9955E-05 0.023173 0.936146
0.0360809 0.417685 9.9964E-05 9.9964E-05 9.9964E-05 9.9964E-05 0.123824 0.422009
9.9955E-05 0.588908 9.9955E-05 9.9955E-05 9.9955E-05 0.0438908 9.9955E-05 0.366701
0.00622489 0.337142 9.9973E-05 0.0181216 9.9973E-05 9.9973E-05 0.0460277 0.592184
0.0610091 0.480499 9.9964E-05 0.0114648 9.9964E-05 9.9964E-05 9.9964E-05 0.446628
9.9955E-05 0.519716 9.9955E-05 9.9955E-05 9.9955E-05 0.00541863 9.9955E-05 0.474366
0.0552838 0.00595191 0.763542 9.9982E-05 0.00891658 0.0676401 9.9982E-05 0.0984656
9.9973E-05 9.9973E-05 0.71762 0.0916908 9.9973E-05 0.0993544 0.0778118 0.0132228
9.9955E-05 9.9955E-05 0.893884 9.9955E-05 9.9955E-05 0.0494481 0.0561686 9.9955E-05
9.9964E-05 0.0578068 0.904733 9.9964E-05 0.0254197 9.9964E-05 9.9964E-05 0.0116409
0.32792 0.5045 0.122251 9.9964E-05 9.9964E-05 9.9964E-05 9.9964E-05 0.0449292
0.33074 0.397414 0.0683942 0.0204749 9.9991E-05 0.0746996 0.0215639 0.0866136
0.493637 0.43377 0.0181622 9.9964E-05 9.9964E-05 9.9964E-05 0.0540312 9.9964E-05
0.131056 0.574149 0.132543 9.9991E-05 0.0851078 0.0130658 0.0482948 0.0156839
0.190785 0.511343 0.0608652 0.0516794 0.0847375 0.0845941 0.000720888 0.0152752
0.505587 0.219475 0.029305 0.00488205 0.0447035 9.9982E-05 0.195848 9.9982E-05
0.401289 0.525997 0.00820461 9.9973E-05 9.9973E-05 0.0456947 0.0185146 9.9973E-05
0.471906 0.263513 9.9964E-05 9.9964E-05 0.169437 9.9964E-05 9.9964E-05 0.0947431
9.9982E-05 0.399118 0.182986 0.0615122 9.9982E-05 0.225122 0.0901144 0.0409483
0.404912 0.34482 9.99809E-05 0.0374874 9.99809E-05 0.0895438 9.99809E-05 0.122937
0.53129 0.292262 0.0209272 0.0745278 0.00654299 9.9982E-05 0.07425 9.9982E-05
0.421268 0.527073 9.9955E-05 9.9955E-05 9.9955E-05 9.9955E-05 9.9955E-05 0.051159
0.51365 0.346723 0.028062 9.9964E-05 9.9964E-05 9.9964E-05 0.111165 9.9964E-05
0.338828 0.483994 9.9973E-05 9.9973E-05 0.0646399 0.0804016 9.9973E-05 0.0318361
0.343841 0.553132 0.0455027 9.9973E-05 9.9973E-05 9.9973E-05 0.029687 0.0275382
0.87026 0.0571344 9.9955E-05 9.9955E-05 9.9955E-05 9.9955E-05 9.9955E-05 0.0721062
0.544904 0.190235 0.00788854 0.00449684 9.9991E-05 0.0489707 0.185732 0.0176726
0.661095 0.277926 9.9964E-05 0.0346912 9.9964E-05 9.9964E-05 0.0258882 9.9964E-05
0.86849 9.9955E-05 9.9955E-05 9.9955E-05 0.126299 9.9955E-05 9.9955E-05 0.00471179
0.327807 0.447593 0.0459048 0.108534 0.0181309 0.000646762 0.051283 9.9991E-05
0.637542 0.0432072 9.9973E-05 0.0219359 0.275153 9.9973E-05 9.9973E-05 0.0218619
0.671981 9.9955E-05 9.9955E-05 9.9955E-05 0.212613 9.9955E-05 9.9955E-05 0.114906
0.332612 0.573098 0.0636795 9.9973E-05 9.9973E-05 0.00544693 9.9973E-05 0.024864
0.594291 0.134953 0.0407342 0.0232843 9.9973E-05 9.9973E-05 0.206437 9.9973E-05
0.353376 0.393272 9.9973E-05 0.0242714 9.9973E-05 0.0710915 0.157689 9.9973E-05
0.195717 0.500493 0.146917 9.9982E-05 0.00541633 0.0435482 9.9982E-05 0.107709
0.323493 0.523242 9.9955E-05 9.9955E-05 9.9955E-05 9.9955E-05 0.152765 9.9955E-05
9.9982E-05 0.327672 9.9982E-05 0.132688 0.140031 0.0482154 0.200744 0.150449
0.327793 0.527232 0.0279963 0.0414035 9.9991E-05 0.046955 0.0151557 0.0133638
0.231022 0.460166 0.0195502 0.0380121 9.9982E-05 0.0280976 0.222952 9.9982E-05
0.599954 0.332554 9.9964E-05 0.0420694 0.0250234 9.9964E-05 9.9964E-05 9.9964E-05
0.150322 0.541541 0.0621567 0.0776035 9.9982E-05 9.9982E-05 0.029698 0.138479
0.0955422 9.9973E-05 0.604965 0.258914 0.0333275 0.00695072 9.9973E-05 9.9973E-05
0.0675418 0.0518457 0.71281 0.0850192 0.0539644 0.0267571 0.00196206 9.9991E-05
9.9964E-05 9.9964E-05 0.795137 0.102358 0.0676053 9.9964E-05 0.0344999 9.9964E-05
9.9964E-05 9.9964E-05 0.79222 0.152968 0.034404 9.9964E-05 9.9964E-05 0.0200082
9.9973E-05 0.00794578 0.721506 0.213021 0.0325643 9.9973E-05 0.0246632 9.9973E-05
0.687226 0.0318948 0.0426419 0.000440895 9.9982E-05 0.0350538 0.202543 9.9982E-05
0.651285 0.0693547 0.0174765 0.0326263 9.9973E-05 9.9973E-05 0.228958 9.9973E-05
0.784443 0.139824 9.9973E-05 9.9973E-05 0.052478 0.00418841 9.9973E-05 0.0187664
0.103684 0.617048 0.045008 0.0819419 0.0368257 0.0705061 0.00585498 0.0391311
0.24775 0.57302 0.105465 9.9991E-05 0.00740354 0.00929347 0.00598507 0.0509826
0.66357 0.194813 0.0620168 9.9982E-05 0.0391006 0.035283 9.9982E-05 0.00501657
0.319643 0.545074 9.9973E-05 9.9973E-05 0.00771247 0.0461981 9.9973E-05 0.0810728
0.404584 0.363336 0.086242 9.9991E-05 0.0500113 0.0537091 0.0272982 0.014719
0.321212 0.506344 9.9982E-05 0.00166585 0.043964 0.0448779 0.0817362 9.9982E-05
0.217187 0.53353 9.9973E-05 0.0993887 0.0587964 0.0907975 9.9973E-05 9.9973E-05
0.564005 0.214117 9.9982E-05 9.9982E-05 0.0285194 0.0348184 0.128265 0.0300756
0.4849 0.360232 9.9955E-05 9.9955E-05 9.9955E-05 9.9955E-05 0.154368 9.9955E-05
0.48495 0.299692 9.9964E-05 0.0199456 9.9964E-05 9.9964E-05 0.195012 9.9964E-05
9.9973E-05 0.538461 0.0764074 9.9973E-05 0.217064 0.0383403 0.129428 9.9973E-05
0.481374 0.346187 0.0434086 9.9964E-05 9.9964E-05 9.9964E-05 0.128631 9.9964E-05
0.453499 0.399356 0.0270888 0.0381196 9.9982E-05 0.0580877 9.9982E-05 0.0236498
0.0363843 0.419551 0.0591515 9.9982E-05 0.0794166 0.403557 0.00173972 9.9982E-05
0.0545344 0.314472 0.0500529 9.9991E-05 0.0175822 0.444396 0.0607838 0.0580782
9.9973E-05 0.409486 0.0982331 9.9973E-05 0.0299484 0.445507 9.9973E-05 0.0165255
9.9973E-05 0.282057 0.194351 9.9973E-05 0.0629356 0.445472 0.0148845 9.9973E-05
9.9991E-05 0.402981 0.0622225 0.0942933 0.0106317 0.382768 0.0148203 0.0321832
0.400226 0.405354 9.9964E-05 9.9964E-05 0.117636 0.0763834 9.9964E-05 9.9964E-05
9.9955E-05 9.9955E-05 0.257533 9.9955E-05 0.053559 0.688408 9.9955E-05 9.9955E-05
0.0303117 0.2128 0.16395 9.9973E-05 9.9973E-05 0.504592 9.9973E-05 0.0880461
0.163199 0.334546 0.0518976 0.0142858 0.276656 0.159216 9.9982E-05 9.9982E-05
9.9982E-05 0.576262 0.10203 0.0170163 0.195228 9.9982E-05 0.10913 0.000133251
9.9982E-05 0.47718 0.0521477 0.0228892 0.298296 9.9982E-05 0.143754 0.00553429
0.00838743 0.605932 0.124116 0.0299944 0.202455 0.00218391 0.0268316 9.9991E-05
0.0965891 0.571199 0.0520472 0.0599311 0.145469 0.00957689 0.0650877 9.9991E-05
9.9964E-05 0.401005 0.247401 9.9964E-05 9.9964E-05 0.349774 9.9964E-05 0.00142053
9.9973E-05 0.457787 0.158925 0.0129387 9.9973E-05 0.303118 0.0669304 9.9973E-05
9.9973E-05 0.39706 0.0503114 9.9973E-05 0.0594682 0.479471 0.0133894 9.9973E-05
0.0816309 0.427124 0.156528 0.0215215 0.0121523 0.285853 9.9991E-05 0.0150906
0.0525264 0.26256 0.129892 9.9973E-05 9.9973E-05 0.519817 9.9973E-05 0.0349044
0.0934135 0.437778 0.130713 9.9982E-05 0.000595791 0.334262 9.9982E-05 0.00303883
9.9964E-05 0.204503 0.122907 9.9964E-05 9.9964E-05 0.56804 9.9964E-05 0.104149
9.9982E-05 0.418728 0.0255704 0.0493299 0.0325069 0.401358 9.9982E-05 0.072306
0.0138283 0.630565 0.0469565 0.00901621 0.298183 9.9982E-05 0.00125113 9.9982E-05
0.0511134 0.315296 0.117848 0.059193 0.0827954 0.373554 9.9982E-05 9.9982E-05
9.9964E-05 0.198994 0.169725 9.9964E-05 0.054342 0.576538 9.9964E-05 9.9964E-05
0.0845736 0.234898 0.0957425 0.0425239 9.9982E-05 0.396937 9.9982E-05 0.145125
0.0629699 0.163052 0.0781623 0.116627 0.253584 9.9982E-05 0.325405 9.9982E-05
9.9964E-05 0.483588 9.9964E-05 9.9964E-05 0.252587 0.11606 0.147364 9.9964E-05
9.9982E-05 0.321452 0.179776 0.0383728 0.108576 0.269193 0.0824302 9.9982E-05
9.9982E-05 0.589981 0.0721105 0.051284 0.135388 9.9982E-05 0.112616 0.0384202
9.9964E-05 0.522585 0.153507 9.9964E-05 0.241576 9.9964E-05 0.0819326 9.9964E-05
9.9991E-05 0.317556 0.169902 0.0915851 0.130188 0.201363 0.0190803 0.0702257
0.0175413 0.336608 0.237357 9.9991E-05 0.0271583 0.269607 0.0222161 0.0894123
9.9982E-05 0.530901 0.0238642 0.120114 0.102315 0.164661 0.0579454 9.9982E-05
0.0224638 0.264728 0.0509466 9.9991E-05 0.0606051 0.435402 0.10794 0.0578142
9.9973E-05 0.376538 0.111682 9.9973E-05 0.0279629 0.46902 9.9973E-05 0.0144973
9.9964E-05 0.127381 0.214052 9.9964E-05 0.0857966 0.57237 9.9964E-05 9.9964E-05
9.9982E-05 0.572459 0.0892245 0.0654052 0.173055 0.0493367 9.9982E-05 0.0503198
0.0429729 0.467267 0.0790227 0.0201497 0.22675 9.9982E-05 0.163637 9.9982E-05
0.0743479 0.206398 0.0294608 0.030768 0.658725 9.9973E-05 9.9973E-05 9.9973E-05
0.00331886 0.598786 0.131012 0.0769027 0.163955 0.0258255 9.9982E-05 9.9982E-05
9.9991E-05 0.446076 0.0916352 0.162933 0.114053 0.0253626 0.13446 0.0253806
0.0252012 0.500232 0.18665 9.9973E-05 0.180213 0.107404 9.9973E-05 9.9973E-05
0.0374042 0.572 0.107117 0.0458981 0.151239 9.9991E-05 0.0264858 0.0597558
9.9955E-05 9.9955E-05 0.192737 9.9955E-05 0.620455 0.186308 9.9955E-05 9.9955E-05
9.9955E-05 9.9955E-05 0.217406 9.9955E-05 0.698765 0.0833287 9.9955E-05 9.9955E-05
