9.9973E-05 0.0619263 9.9973E-05 9.9973E-05 0.0435116 0.864844 0.0294181
9.9973E-05 0.0121555 9.9973E-05 0.0322823 0.0489783 0.906284 9.9973E-05
9.9982E-05 0.047119 0.0690539 9.9982E-05 0.0882797 0.766651 0.0286962
9.9982E-05 0.107557 0.0154065 9.9982E-05 0.0653474 0.703015 0.108474
9.9964E-05 9.9964E-05 0.0879986 9.9964E-05 9.9964E-05 0.891588 0.0200135
0.173029 0.0463585 0.0827398 0.0322322 9.9991E-05 0.611407 0.0541337
0.039034 0.0258263 0.0378814 0.0107673 0.037112 0.834392 0.0149869
0.141515 0.0722681 0.0420274 0.000612699 0.00769292 0.713745 0.022139
0.0389052 0.110935 9.9982E-05 0.0332293 0.039986 0.776745 9.9982E-05
0.0560588 9.9991E-05 0.124449 0.0180508 0.059905 0.718636 0.0228
0.0738355 0.0933433 0.0657523 0.0309099 9.9982E-05 0.735959 9.9982E-05
9.9973E-05 0.401046 0.221685 0.290816 9.9973E-05 9.9973E-05 0.0861534
0.0920548 0.256935 0.541406 0.0199331 0.0279993 9.9991E-05 0.0615718
0.113069 0.399111 0.261003 0.0914956 0.0238738 0.0200173 0.0914307
0.0419756 0.313845 0.299108 0.164739 0.000661999 0.0406825 0.138988
0.0273228 0.140278 0.322357 0.209452 9.9991E-05 0.141384 0.159106
9.9991E-05 0.153352 0.599719 0.0704251 0.0245382 0.0676533 0.0842121
0.0550214 0.220209 0.333772 0.232755 0.0414272 9.9991E-05 0.116716
9.9982E-05 0.27435 0.327635 0.226558 9.9982E-05 0.121974 0.0492833
0.118308 0.591325 0.0132572 0.183728 0.0119893 0.0363208 0.0450715
9.99948E-05 0.242676 0.398742 0.225429 0.0522915 0.00870408 0.0720577
0.103039 0.206213 0.441395 0.166718 9.9991E-05 0.00772316 0.0748116
9.9973E-05 0.238242 0.579793 0.158753 0.022912 9.9973E-05 9.9973E-05
0.0393527 0.286481 0.273578 0.254441 0.00598717 0.0402623 0.0998972
0.00713389 0.18148 0.652718 9.9982E-05 0.0439968 9.9982E-05 0.114472
0.0554072 0.122403 0.542867 0.103964 0.0433098 0.0413387 0.0907102
9.9991E-05 0.400049 0.154194 0.261011 0.0346028 0.0564541 0.0935894
0.00383854 0.39909 0.157661 0.222003 0.00621209 0.0345413 0.176654
0.134185 0.41009 0.161169 0.219599 9.9982E-05 9.9982E-05 0.0747572
9.995E-05 9.995E-05 9.995E-05 9.995E-05 0.9994 9.995E-05 9.995E-05
9.995E-05 9.995E-05 9.995E-05 9.995E-05 0.9994 9.995E-05 9.995E-05
9.9982E-05 9.9982E-05 0.0518571 0.0406254 0.340314 0.517234 0.0497691
0.0392234 9.9991E-05 0.0753101 0.0342528 0.256732 0.51497 0.0794118
0.0653458 0.109213 0.521653 0.241183 9.9982E-05 0.0624057 9.9982E-05
9.999E-05 0.0790561 0.438975 0.306136 0.0379282 0.0957606 0.0420447
9.9973E-05 9.9973E-05 0.548758 0.407557 9.9973E-05 0.0264751 0.0169099
0.0446211 0.497316 0.174719 0.141425 0.0313004 0.0704374 0.0401812
0.0900905 0.00178258 0.242567 0.59304 0.034695 0.00269994 0.0351256
9.9991E-05 0.142603 0.477275 0.307288 0.0217538 0.00489513 0.0460851
9.9982E-05 0.01792 0.722413 0.191241 0.0573958 0.0108304 9.9982E-05
0.114052 0.00606583 0.533779 0.151611 0.0412101 0.153182 9.9991E-05
9.999E-05 0.0981959 0.603926 0.172729 0.0404288 0.0705771 0.0140438
0.0753802 0.101858 0.0952961 0.686944 0.00336226 0.0370597 9.9991E-05
0.145498 0.0555351 0.568475 0.0822112 9.9991E-05 0.0949946 0.0531864
9.9982E-05 9.9982E-05 0.436029 0.338027 0.0370285 0.0597901 0.128926
0.121238 0.021683 0.508419 0.135284 0.0229796 0.150538 0.0398581
0.0700672 9.9973E-05 0.241371 0.680668 0.00759344 9.9973E-05 9.9973E-05
0.0159039 0.0216858 0.645877 0.252282 0.0162301 9.9991E-05 0.0479213
0.0846308 0.0577755 0.59145 0.0972939 0.0758898 0.084803 0.00815686
0.331211 9.9964E-05 9.9964E-05 0.597732 9.9964E-05 0.0706564 9.9964E-05
0.190961 0.366897 0.190338 0.251504 9.9973E-05 9.9973E-05 9.9973E-05
0.385064 0.219534 0.0308276 0.254358 0.0104698 0.0305979 0.069149
0.0378861 0.214017 0.496034 9.9991E-05 0.00656978 0.0655834 0.179809
0.15603 0.0584935 0.674874 0.0141556 9.9982E-05 0.0962473 9.9982E-05
0.0811233 0.0412447 0.62315 0.126818 9.9991E-05 0.0790538 0.0485101
0.116491 0.386468 0.143294 0.23743 9.9982E-05 0.116118 9.9982E-05
0.194243 0.205608 0.597464 9.9973E-05 0.00238514 9.9973E-05 9.9973E-05
0.0703531 0.12978 0.50705 0.0305799 9.9991E-05 0.123788 0.138349
0.139067 0.205908 0.35465 0.144607 0.0385833 0.117084 9.9991E-05
0.193183 0.283676 0.0594643 0.159862 0.0389425 0.182261 0.0826111
0.0182606 0.0809467 0.485619 0.289674 0.0716332 0.0307614 0.0231043
9.9991E-05 0.27776 0.390072 0.167545 0.0063089 0.0934326 0.0647814
0.0823201 0.545983 0.0522163 0.222381 0.0968998 9.9982E-05 9.9982E-05
0.0565803 0.255954 0.519544 0.153292 0.00800569 9.9991E-05 0.0065247
0.145302 0.0494095 0.683898 0.0566338 0.0221928 0.0242699 0.0182942
0.0466135 0.174836 0.486606 0.0842986 0.0911071 0.0323884 0.08415
0.110209 0.243427 0.225398 0.270305 0.0456341 0.0450775 0.0599501
0.136549 0.11314 0.523441 0.153862 0.0728069 9.9982E-05 9.9982E-05
0.0680093 0.138241 0.576608 0.155901 0.0483057 0.0128348 9.9991E-05
0.15786 0.355296 0.221534 0.197656 0.0674542 9.9982E-05 9.9982E-05
9.9973E-05 0.0391726 0.513234 0.404118 0.0431761 9.9973E-05 9.9973E-05
9.9982E-05 0.0468267 0.12035 0.747264 0.0386473 0.0467121 9.9982E-05
0.0112108 0.142572 0.533429 0.11458 0.0378775 0.0737962 0.0865347
0.167996 9.9955E-05 9.9955E-05 0.831504 9.9955E-05 9.9955E-05 9.9955E-05
0.130793 0.0121108 9.9964E-05 0.856696 9.9964E-05 9.9964E-05 9.9964E-05
0.0348536 9.9982E-05 0.190859 0.741313 9.9982E-05 0.00882468 0.0239496
9.9973E-05 0.0487363 0.385879 0.523199 0.0418862 9.9973E-05 9.9973E-05
0.0344468 0.083667 0.554302 0.134117 0.0384246 0.0712911 0.0837512
0.0270082 0.018186 0.436979 0.472851 0.044776 9.9982E-05 9.9982E-05
9.9982E-05 0.0988893 0.0236974 0.78124 0.0127093 9.9982E-05 0.0832638
9.9973E-05 0.221922 0.180511 0.5626 0.0346675 9.9973E-05 9.9973E-05
9.9991E-05 0.10081 0.509107 0.257473 0.0301482 0.0370956 0.0652661
9.9991E-05 0.0174768 0.201621 0.678881 0.0242717 0.0566221 0.0210271
9.9982E-05 0.0532427 0.373033 0.524118 0.0341456 0.015261 9.9982E-05
0.139917 9.9973E-05 0.348548 0.506084 9.9973E-05 0.00515136 9.9973E-05
0.312551 9.9955E-05 9.9955E-05 0.686949 9.9955E-05 9.9955E-05 9.9955E-05
0.0253649 0.0694165 0.554911 0.283631 9.9982E-05 9.9982E-05 0.0664765
9.9973E-05 0.0587082 0.109009 9.9973E-05 0.061653 0.77033 9.9973E-05
9.9964E-05 9.9964E-05 0.0824657 9.9964E-05 0.115702 0.801433 9.9964E-05
9.9964E-05 9.9964E-05 0.110721 9.9964E-05 0.127778 0.761101 9.9964E-05
0.0298607 9.9973E-05 0.0575712 9.9973E-05 0.167401 0.744867 9.9973E-05
9.9982E-05 9.9982E-05 0.0667264 0.0328309 0.122407 0.76742 0.0104163
0.00719935 9.9982E-05 0.0850145 9.9982E-05 0.0619138 0.842995 0.00267726
9.9973E-05 9.9973E-05 0.0575731 9.9973E-05 0.104819 0.822721 0.0145865
9.9982E-05 0.00178941 0.50914 0.332806 9.9982E-05 0.0899026 0.0661615
0.0748311 0.116715 0.425365 0.264787 9.9991E-05 0.0236487 0.0945535
0.0301966 0.0484724 9.9973E-05 0.836775 9.9973E-05 0.0842557 9.9973E-05
0.0238497 0.115704 0.473959 0.202051 9.9991E-05 0.0920455 0.0922903
9.9982E-05 0.0258725 0.374919 0.48671 0.0155672 0.0967309 9.9982E-05
9.9982E-05 9.9982E-05 0.570525 0.352889 0.00449794 0.0233882 0.0484997
0.145686 9.9991E-05 0.558662 0.254238 0.000658331 0.0151965 0.0254588
9.9973E-05 9.9973E-05 0.395617 0.507183 0.0236977 9.9973E-05 0.0732021
0.0046491 0.167506 9.9973E-05 0.769026 9.9973E-05 0.0585184 9.9973E-05
0.0654652 9.9991E-05 0.638741 0.0799558 0.0421698 0.129798 0.0437701
9.9982E-05 9.9982E-05 0.621841 0.25359 0.095875 0.000551843 0.0279421
0.0155827 0.124988 0.512896 0.154679 0.0315581 0.0247492 0.135547
0.0810309 9.9982E-05 0.190147 0.664596 0.0555234 9.9982E-05 0.00850267
0.0347846 9.9973E-05 0.527152 0.428216 9.9973E-05 0.00954749 9.9973E-05
9.9991E-05 0.118185 0.425456 0.414731 0.0281297 0.0111522 0.00224489
9.9964E-05 9.9964E-05 0.277121 0.606096 9.9964E-05 9.9964E-05 0.116383
0.0802927 0.0753532 0.38783 0.40439 0.0096433 0.0423901 9.9991E-05
0.00229542 0.0300959 0.64037 0.103549 0.0401432 0.165281 0.0182654
0.290409 0.303397 0.160647 0.0964059 0.0168217 9.9991E-05 0.132219
0.0918821 0.244357 0.432907 0.0754676 0.031727 0.0784844 0.0451746
0.115614 0.142212 0.593863 0.0370458 9.9991E-05 0.0602372 0.0509288
9.9991E-05 0.0758749 0.440795 0.305387 0.0321379 0.0541895 0.0915152
0.00665571 0.337162 0.520976 0.0889857 0.0460209 9.9982E-05 9.9982E-05
0.0252911 0.200611 0.632393 0.0886473 9.9991E-05 0.0345772 0.01838
9.9964E-05 0.335678 0.528316 0.135607 9.9964E-05 9.9964E-05 9.9964E-05
0.143889 0.108262 0.538762 0.109567 0.0273576 0.0720629 9.9991E-05
0.0860059 0.216391 0.561596 0.0608907 0.0348043 0.0125343 0.0277779
0.0616261 0.22084 0.522853 0.095901 0.058727 0.0183829 0.0216702
0.0707011 0.395781 0.495207 0.0380108 9.9973E-05 9.9973E-05 9.9973E-05
0.124269 0.150492 0.651643 9.9982E-05 9.9982E-05 0.0507232 0.0226727
0.0666702 0.0674369 0.558682 0.146372 9.9991E-05 0.122108 0.0386306
9.9982E-05 0.260133 0.600298 0.0666712 0.0409236 9.9982E-05 0.0317739
0.124017 0.253291 0.549216 9.9982E-05 0.0623585 0.0109168 9.9982E-05
0.0808044 0.195184 0.550943 0.0756409 0.0109659 9.9991E-05 0.0863626
0.256277 0.223711 0.432608 9.9973E-05 0.087105 9.9973E-05 9.9973E-05
0.103895 0.109525 0.679815 0.0439024 9.9991E-05 0.0332505 0.0295112
0.107758 0.142961 0.715135 9.9982E-05 9.9982E-05 0.0239454 0.0100013
0.158649 0.325643 0.248389 0.187639 9.9982E-05 9.9982E-05 0.07948
0.394242 0.324639 0.12254 0.0665485 9.9991E-05 0.00965348 0.0822768
0.0970095 0.226671 0.573753 0.0312573 9.9982E-05 0.0711101 9.9982E-05
0.357347 0.318641 0.0758865 0.209599 9.9982E-05 9.9982E-05 0.0383264
0.0522981 0.386567 0.29119 0.208376 9.9982E-05 0.0613695 9.9982E-05
0.0293501 0.29822 0.407613 0.249707 9.9982E-05 0.0149101 9.9982E-05
0.00656366 0.394787 0.252394 0.253546 0.0925087 9.9982E-05 9.9982E-05
0.0068189 0.470603 0.262368 0.224379 9.9991E-05 0.00783225 0.0278992
0.0568076 0.0909148 0.59363 0.118119 0.0963096 9.9991E-05 0.0441183
9.9982E-05 0.138825 0.645129 0.0648324 9.9982E-05 0.116326 0.0346872
0.0834073 0.179767 0.54879 0.124536 0.00392821 0.0403932 0.0191779
0.239065 0.394428 0.0604708 0.183634 9.9982E-05 9.9982E-05 0.122203
0.117102 0.0732818 0.575745 0.0518031 0.050691 0.111889 0.0194876
0.256478 0.0311629 0.534079 0.0555076 0.0168423 0.0372505 0.0686796
0.534974 0.0900422 0.036845 0.185347 0.0129229 0.139769 9.9991E-05
0.0973755 9.9991E-05 0.680262 0.0794939 0.00950231 0.120295 0.0129715
0.314803 0.107306 0.345385 0.132699 9.9991E-05 0.0654191 0.0342872
0.223748 0.0529506 0.546777 0.0810729 9.9991E-05 0.0254251 0.0699269
0.441273 0.127386 0.196777 0.146018 0.0327127 0.0557328 9.9991E-05
0.467804 0.180728 0.267367 0.0187356 0.0539401 0.0113253 9.9991E-05
0.270989 0.0867482 0.455645 0.10546 0.025635 0.0554228 9.9991E-05
0.205211 0.0236347 0.49236 0.144029 0.041307 0.0656828 0.0277763
0.157026 0.161479 0.350703 0.15041 0.0516541 0.0680445 0.060684
0.330247 0.0603026 9.9991E-05 0.358303 0.0211362 0.0669897 0.162922
0.141604 0.0670523 0.59235 0.0236362 0.0158342 0.0760876 0.0834357
0.309938 0.143467 0.373819 0.172476 9.9973E-05 9.9973E-05 9.9973E-05
0.218162 0.121424 0.54522 0.0997997 0.0151945 9.9982E-05 9.9982E-05
0.105353 0.0438079 0.527296 0.143737 0.0403124 0.0742751 0.0652195
0.313004 0.0225629 0.0898207 9.9991E-05 0.075581 0.223223 0.275708
0.322414 9.9973E-05 9.9973E-05 9.9973E-05 0.0283278 0.500384 0.148574
0.415054 9.9973E-05 9.9973E-05 9.9973E-05 0.0277436 0.414699 0.142204
0.178967 0.0495614 0.0374187 9.9991E-05 0.0248581 0.379864 0.329231
0.320661 9.9973E-05 0.6604 0.00595623 9.9973E-05 9.9973E-05 0.0126821
0.104623 0.0532899 0.677372 0.0766892 0.0263179 0.0616087 9.9991E-05
9.99812E-05 0.0108582 0.269861 0.0455228 9.99812E-05 9.99812E-05 0.673458
0.0799207 0.166307 0.256246 0.0219808 0.0282127 0.000537549 0.446796
0.0336793 0.0142064 0.320542 0.166862 0.0195871 0.0591471 0.385977
0.545187 0.0178614 0.394657 0.0405206 0.00157453 9.9982E-05 9.9982E-05
0.10207 0.0556602 0.418245 0.154341 9.9991E-05 0.0904049 0.179179
0.750015 9.9982E-05 0.210365 0.0242848 0.00157995 9.9982E-05 0.0135551
0.279095 0.0528034 0.612651 0.033397 9.9982E-05 9.9982E-05 0.0218528
0.3193 0.137304 0.421543 0.0377305 9.9991E-05 0.0236932 0.0603294
0.263302 0.0532194 0.60073 9.9982E-05 0.018143 9.9982E-05 0.0644056
0.5794 0.0774868 0.277321 0.0654925 9.9973E-05 9.9973E-05 9.9973E-05
0.120929 0.0152292 0.629321 0.112762 0.0168862 9.9991E-05 0.104773
0.216809 9.9982E-05 0.612647 0.0723699 9.9982E-05 0.054515 0.0434593
0.0191 9.9964E-05 0.00102558 9.9964E-05 9.9964E-05 9.9964E-05 0.979475
9.9964E-05 0.0192211 0.124202 9.9964E-05 9.9964E-05 9.9964E-05 0.856177
0.0483281 0.0312273 0.305596 0.0419109 0.0452432 9.9991E-05 0.527595
9.9982E-05 0.0212453 0.285881 0.017273 0.0101187 9.9982E-05 0.665282
9.9964E-05 9.9964E-05 0.156954 0.0438369 9.9964E-05 9.9964E-05 0.798809
9.995E-05 9.995E-05 9.995E-05 9.995E-05 9.995E-05 9.995E-05 0.9994
9.9964E-05 0.0203763 9.9964E-05 9.9964E-05 0.0281041 9.9964E-05 0.95112
9.9955E-05 9.9955E-05 0.118659 9.9955E-05 9.9955E-05 9.9955E-05 0.880841
9.9964E-05 0.0502721 9.9964E-05 9.9964E-05 0.0146405 9.9964E-05 0.934687
9.995E-05 9.995E-05 9.995E-05 9.995E-05 9.995E-05 9.995E-05 0.9994
9.9955E-05 9.9955E-05 9.9955E-05 9.9955E-05 0.0106857 9.9955E-05 0.988815
9.9964E-05 9.9964E-05 0.199019 9.9964E-05 0.0635945 9.9964E-05 0.736987
9.9982E-05 0.0538165 0.125099 9.9982E-05 0.00251911 0.0698892 0.748477
9.9955E-05 9.9955E-05 9.9955E-05 0.036163 9.9955E-05 9.9955E-05 0.963337
9.9982E-05 0.194805 0.196009 0.0804888 0.0584993 9.9982E-05 0.469998
0.0432775 0.0256048 0.207843 9.9991E-05 0.00578881 0.0550322 0.662354
0.0139153 0.0139631 0.144314 0.0226962 0.0523276 0.019816 0.732968
9.9973E-05 0.0324805 0.0942319 9.9973E-05 0.0101257 9.9973E-05 0.862862
9.9964E-05 9.9964E-05 0.0107371 0.0123661 9.9964E-05 9.9964E-05 0.976497
9.9973E-05 9.9973E-05 0.0353965 9.9973E-05 0.0464392 0.0504899 0.867375
9.9964E-05 9.9964E-05 9.9964E-05 0.0139445 0.00291941 9.9964E-05 0.982736
0.00527136 0.0518928 0.30682 0.0373207 9.9991E-05 0.0668829 0.531712
9.9964E-05 9.9964E-05 9.9964E-05 0.0670944 9.9964E-05 0.0473182 0.885188
0.598273 9.9964E-05 9.9964E-05 9.9964E-05 9.9964E-05 0.360874 0.0404527
0.190242 0.115805 0.432971 0.00577039 0.00922603 0.2208 0.0251852
0.0918322 0.033952 0.437055 0.102735 9.9991E-05 0.264338 0.069987
0.407411 0.0530605 0.165889 9.9991E-05 0.0993022 0.155421 0.118816
0.124224 0.00670745 0.438007 0.183992 9.9991E-05 0.136023 0.110946
0.319105 9.9991E-05 0.235611 0.0943722 0.0199244 0.260003 0.0708838
0.164875 0.110283 0.436941 9.9991E-05 0.0510025 0.203379 0.0334201
0.36238 9.9982E-05 0.315159 9.9982E-05 0.0531318 0.108323 0.160807
0.164603 0.0211464 0.481923 9.9991E-05 0.108312 0.100711 0.123205
0.291596 9.9982E-05 0.391608 9.9982E-05 0.0234073 0.169906 0.123283
0.216164 0.0293339 0.386886 0.0531823 9.9991E-05 0.186753 0.127581
0.0592342 0.0653078 0.035861 9.9973E-05 9.9973E-05 0.839297 9.9973E-05
9.9973E-05 9.9973E-05 0.0155659 9.9973E-05 0.062851 0.863506 0.0577775
9.9964E-05 0.029827 9.9964E-05 9.9964E-05 0.0740503 0.895723 9.9964E-05
9.9964E-05 0.039795 9.9964E-05 9.9964E-05 0.0671956 0.89261 9.9964E-05
9.9973E-05 0.0491164 0.0374293 9.9973E-05 0.127472 0.785683 9.9973E-05
0.000165007 9.9973E-05 9.9973E-05 9.9973E-05 0.100242 0.850003 0.0492904
9.9964E-05 9.9964E-05 9.9964E-05 9.9964E-05 0.0836552 0.83185 0.0840953
0.0849078 0.00520254 0.0291528 9.9982E-05 0.0571563 0.823381 9.9982E-05
9.9982E-05 9.9982E-05 0.0338796 0.0261428 0.0657873 0.857213 0.0167773
0.0220654 9.9982E-05 0.03134 9.9982E-05 0.0259732 0.840217 0.0802048
9.9973E-05 0.230068 9.9973E-05 0.16698 0.062897 0.539755 9.9973E-05
0.0366236 0.300848 9.9991E-05 0.0666474 0.0239938 0.553333 0.0184546
0.095717 0.267035 9.9982E-05 0.0885576 0.0363895 0.512101 9.9982E-05
0.0863083 0.275945 9.9973E-05 0.149302 9.9973E-05 0.488145 9.9973E-05
9.9982E-05 0.162817 0.46599 0.311204 0.0312168 9.9982E-05 0.0285723
0.0564562 0.118761 0.465398 0.330254 9.9982E-05 9.9982E-05 0.0289309
9.9991E-05 0.138369 0.461382 0.319182 0.0124218 0.00227221 0.0662728
0.0903398 0.226285 0.416194 0.238639 0.0283418 9.9982E-05 9.9982E-05
0.031563 0.590241 0.185321 0.188844 9.9982E-05 9.9982E-05 0.00383162
0.0314621 0.0444929 0.559571 0.248728 0.0156651 0.0111504 0.0889305
0.0490485 0.068829 0.586503 0.255745 0.039675 9.9982E-05 9.9982E-05
0.144006 0.0389473 0.494772 0.280902 0.0183016 0.0229707 9.9991E-05
0.124404 9.9973E-05 0.257845 0.563414 9.9973E-05 9.9973E-05 0.054037
0.0864533 0.137068 0.554032 0.143364 0.00219557 0.0410645 0.035822
0.0263714 0.0865557 0.377497 0.493057 9.9982E-05 0.0163194 9.9982E-05
0.251696 9.9955E-05 9.9955E-05 0.747804 9.9955E-05 9.9955E-05 9.9955E-05
0.0754553 0.173079 0.544585 0.183381 9.9991E-05 0.0207953 0.00260464
0.203878 9.9991E-05 0.243917 0.52382 0.00849059 0.00707058 0.0127239
0.0555268 0.0135034 0.541894 0.344513 9.9982E-05 9.9982E-05 0.0443631
9.9973E-05 0.115351 0.0199099 0.82898 9.9973E-05 0.0354589 9.9973E-05
0.133837 0.724428 0.00105343 9.9991E-05 0.0225508 0.114936 0.00309419
0.131329 0.760809 0.054206 9.9973E-05 9.9973E-05 0.0533561 9.9973E-05
0.0939155 0.837505 0.0366307 9.9982E-05 0.0185649 0.0131842 9.9982E-05
9.9964E-05 0.848971 9.9964E-05 0.066252 9.9964E-05 0.0843773 9.9964E-05
0.12277 0.814119 9.9973E-05 9.9973E-05 0.0303795 9.9973E-05 0.0324312
0.0289307 0.807208 0.0894142 9.9982E-05 9.9982E-05 0.0271927 0.0470544
9.9973E-05 9.9973E-05 0.086642 9.9973E-05 0.0806586 0.800013 0.0323868
9.9973E-05 0.047964 0.0975085 9.9973E-05 9.9973E-05 0.842063 0.0121642
9.9973E-05 9.9973E-05 0.13275 9.9973E-05 0.0468911 0.710229 0.10983
9.9982E-05 0.0896821 0.0266907 9.9982E-05 0.00968564 0.731459 0.142283
9.9982E-05 0.00451958 0.137579 9.9982E-05 0.00115678 0.81047 0.0460749
0.0034362 0.515837 9.9982E-05 0.08216 0.0103549 0.388012 9.9982E-05
0.049725 0.381157 9.9982E-05 0.0982337 0.0166267 0.454058 9.9982E-05
9.9973E-05 0.441516 9.9973E-05 0.131882 0.00707575 0.419225 9.9973E-05
9.995E-05 9.995E-05 9.995E-05 9.995E-05 0.9994 9.995E-05 9.995E-05
0.052698 0.479582 9.9982E-05 0.102253 0.00560664 0.35966 9.9982E-05
0.104421 9.9973E-05 0.278083 9.9973E-05 9.9973E-05 0.258137 0.359059
9.9991E-05 0.0318487 0.53802 0.0281083 0.0189135 0.118828 0.264181
9.9973E-05 9.9973E-05 0.511395 9.9973E-05 0.0389358 0.202232 0.247138
0.0983007 9.9982E-05 0.345922 0.0561585 9.9982E-05 0.301986 0.197433
9.9991E-05 0.0994394 0.374953 0.0906294 0.00793659 0.13511 0.291832
0.241784 9.9964E-05 9.9964E-05 9.9964E-05 9.9964E-05 0.442325 0.315491
0.0654367 0.300935 0.425667 0.174626 9.9982E-05 0.0331357 9.9982E-05
0.23079 0.209105 0.403659 0.145385 0.00691417 0.00404766 9.9991E-05
9.9982E-05 0.502053 0.307239 0.094935 0.0552961 0.0402771 9.9982E-05
0.198171 0.121314 0.514086 0.166128 9.9973E-05 9.9973E-05 9.9973E-05
0.636968 0.140755 9.9964E-05 0.221878 9.9964E-05 9.9964E-05 9.9964E-05
0.0338185 0.180365 0.540232 0.0745791 0.0631977 0.0825335 0.0252737
0.147469 0.14882 0.528208 0.131843 0.0312764 0.00878951 0.00359311
0.05236 0.348521 0.364713 0.171049 0.0153909 0.0478664 9.9991E-05
0.0185686 0.12656 0.53715 0.156699 9.9991E-05 0.0977047 0.0632176
0.41079 0.248106 0.123123 0.217682 9.9973E-05 9.9973E-05 9.9973E-05
0.294729 0.146899 0.486941 0.0153135 0.0236075 0.0137832 0.0187269
9.9973E-05 0.31346 0.474903 0.122263 9.9973E-05 9.9973E-05 0.0890741
0.0333824 0.0993435 0.465176 0.105389 9.9991E-05 0.173254 0.123355
0.202981 0.294304 0.417681 0.0847344 9.9973E-05 9.9973E-05 9.9973E-05
0.1408 0.253394 0.503061 0.0798433 0.0227029 9.9982E-05 9.9982E-05
0.11955 0.129896 0.482107 0.138803 9.9982E-05 9.9982E-05 0.129444
0.123371 0.174527 0.55725 0.135419 9.9982E-05 0.0092328 9.9982E-05
0.0079882 0.147267 0.668811 0.0837513 0.0416692 0.0031628 0.047351
9.9991E-05 0.205458 0.612106 0.0968309 0.020316 0.013346 0.0518429
0.0466373 0.222226 0.592143 0.0477868 0.0234525 0.020511 0.0472431
9.9964E-05 9.9964E-05 0.136629 9.9964E-05 9.9964E-05 0.793442 0.0695289
0.0217663 9.9982E-05 0.118926 0.0255464 0.0180728 0.815488 9.9982E-05
0.0189342 0.0503457 0.0968216 0.0157728 9.9991E-05 0.802965 0.0150608
9.9982E-05 9.9982E-05 0.0192866 0.110411 0.0210606 0.817989 0.0310523
9.9964E-05 9.9964E-05 0.150587 9.9964E-05 0.0230043 0.826009 9.9964E-05
0.000129612 0.574318 0.19968 0.195193 0.00863131 9.9991E-05 0.021948
0.0421801 0.188183 0.482097 0.114609 0.015934 0.085327 0.0716691
0.138495 9.9991E-05 0.413121 0.0990462 0.0152451 0.220812 0.11318
0.030679 0.0919419 0.608039 0.117534 0.025325 0.0328845 0.0935972
9.9973E-05 0.242518 0.556694 0.10193 9.9973E-05 0.0985576 9.9973E-05
0.313118 0.2894 0.292833 0.00863192 0.0354232 0.0131524 0.0474417
0.12499 0.583707 0.0256477 0.117184 0.0798662 0.0685051 9.9991E-05
9.9991E-05 0.352587 0.529284 0.0609133 0.0379089 0.00213724 0.0170694
0.0500948 0.474066 0.0736837 0.281348 0.0211337 0.0726536 0.0270203
0.201772 0.105796 0.473168 0.157745 0.00943521 0.0344203 0.017663
0.0441782 0.531265 0.0449521 0.199251 0.0498826 0.0839116 0.0465597
9.9991E-05 0.196615 0.632488 0.00950874 0.0137536 0.0722493 0.0752846
9.9982E-05 0.565765 0.210053 0.136907 0.0315788 0.0554962 9.9982E-05
0.217566 0.299428 0.37931 0.034384 0.0405834 0.0201206 0.00860764
0.140127 0.184563 0.472138 0.0824992 9.9991E-05 0.0296377 0.0909357
0.511412 0.108853 0.352674 9.9982E-05 0.00841211 0.0184495 9.9982E-05
0.182938 0.0406048 0.621215 0.0586335 9.9982E-05 0.0964078 9.9982E-05
0.140212 0.0952369 0.651097 9.9991E-05 0.0385632 0.0669095 0.00788093
0.493914 0.0791872 0.426499 9.9964E-05 9.9964E-05 9.9964E-05 9.9964E-05
0.239331 0.0426909 0.386367 0.147879 9.9991E-05 0.046825 0.136806
0.272963 9.9973E-05 0.596067 0.106996 9.9973E-05 0.0236741 9.9973E-05
0.682612 0.11763 0.141979 0.057479 9.9973E-05 9.9973E-05 9.9973E-05
0.612614 0.0565253 0.310158 0.0113628 0.00913998 9.9982E-05 9.9982E-05
0.337616 0.0958176 0.525936 0.0119049 0.0285251 9.9982E-05 9.9982E-05
0.49872 0.118587 0.172986 0.207489 9.9982E-05 0.00201689 9.9982E-05
0.341266 0.131612 0.469418 0.057404 9.9973E-05 9.9973E-05 9.9973E-05
0.110883 0.573626 0.0330298 0.206196 0.000960346 9.9991E-05 0.0752045
0.283062 0.349029 0.265665 0.101943 9.9973E-05 9.9973E-05 9.9973E-05
9.9982E-05 0.286988 0.40727 0.207277 0.0644723 9.9982E-05 0.0337925
9.9982E-05 0.129852 0.614555 0.164796 0.0455959 9.9982E-05 0.0450012
0.0293236 0.46969 0.258953 0.23144 0.0103943 9.9982E-05 9.9982E-05
0.151664 0.122802 0.518145 9.9991E-05 0.0250043 0.0839458 0.0983392
0.103153 0.180036 0.523106 9.9982E-05 0.0136476 9.9982E-05 0.179858
9.9982E-05 0.196756 0.54589 0.149984 9.9982E-05 0.0639894 0.0431809
0.0522975 0.225321 0.496939 0.160954 0.012576 9.9991E-05 0.0518117
9.9991E-05 0.258082 0.391401 0.206585 0.0153571 0.0421801 0.0862951
0.0376187 0.47627 0.254487 0.193897 9.9982E-05 9.9982E-05 0.0375271
0.02472 0.421271 0.330056 0.123126 9.9982E-05 9.9982E-05 0.100627
9.9982E-05 0.161366 0.664222 0.13077 0.00982472 9.9982E-05 0.0336177
0.0797741 0.0654551 0.636763 0.0927956 0.0597931 0.0653193 9.9991E-05
0.257589 0.169918 0.439736 0.0605568 0.072001 9.9982E-05 9.9982E-05
0.0492062 0.240822 0.617542 0.031551 9.9991E-05 0.00789624 0.0528823
0.00129945 0.408389 0.386935 0.0797388 0.0660159 0.0301324 0.0274898
0.0338342 0.239453 0.542973 0.149991 0.000388101 0.00281422 0.0305463
0.0654476 0.263953 0.564998 0.0203904 0.0355176 0.0453309 0.00436228
0.0735142 0.16632 0.479024 0.0432611 0.0670016 0.00610088 0.164778
9.9991E-05 0.00490754 0.450839 0.0759498 0.0400337 0.315181 0.11299
0.153212 9.9991E-05 0.432077 0.0439582 0.0536253 0.0772883 0.239739
0.120441 0.0104605 0.484041 0.131891 0.00197684 0.109949 0.14124
0.0785165 0.0105114 0.587139 0.0877382 0.0855857 0.0309849 0.119525
9.9991E-05 0.0205725 0.471147 0.10336 0.0562738 0.168743 0.179804
0.255079 0.149281 0.434541 0.107905 9.9982E-05 9.9982E-05 0.0529938
0.00663106 0.121107 0.472328 0.047474 0.0238615 0.165906 0.162692
0.408508 9.9982E-05 0.0753071 0.120547 9.9982E-05 0.263081 0.132357
0.13655 0.0265247 0.53934 0.0229529 0.0606537 0.0792121 0.134767
0.0246771 0.118404 0.386039 0.0972893 0.0586787 0.0667005 0.248211
0.0481383 9.9991E-05 0.496419 0.121543 0.00469045 0.134349 0.19476
0.143528 0.136357 0.246245 0.118928 0.0961714 0.0911401 0.167631
0.0799693 9.9991E-05 0.518705 0.051558 0.0286475 0.202558 0.118462
0.146642 9.9982E-05 0.49937 9.9982E-05 0.10772 0.100794 0.145275
0.336115 9.9973E-05 9.9973E-05 9.9973E-05 0.0625099 0.403789 0.197286
0.0703704 9.9991E-05 0.460656 0.0867179 0.0636735 0.173224 0.145258
0.0506301 9.9991E-05 0.545582 0.00531237 0.0322255 0.142747 0.223403
0.0885723 0.0507651 0.619586 9.9982E-05 9.9982E-05 0.114775 0.126102
0.0462084 9.9982E-05 0.529721 9.9982E-05 0.0209523 0.249248 0.15367
0.052691 0.105578 0.547883 0.075286 0.000756087 0.148397 0.0694088
0.21762 0.0906886 0.422662 0.204326 9.9982E-05 9.9982E-05 0.0645025
0.194495 0.0078012 0.502486 0.110423 0.0388434 9.9991E-05 0.145852
0.620674 9.9964E-05 0.0243451 0.354581 9.9964E-05 9.9964E-05 9.9964E-05
0.657772 0.0714216 0.060072 0.210434 9.9973E-05 9.9973E-05 9.9973E-05
0.15324 0.0174968 0.475732 0.178557 0.0450397 9.9991E-05 0.129835
0.217377 0.016912 0.371312 9.9991E-05 0.0130955 0.0790019 0.302201
0.232914 9.9982E-05 0.350814 9.9982E-05 0.0274591 0.0468527 0.34176
0.340345 9.9982E-05 0.229578 9.9982E-05 0.018933 0.182627 0.228317
0.091219 0.0339614 0.341201 0.0616056 0.094423 0.140331 0.237259
0.646391 9.9982E-05 0.185253 0.0530188 9.9982E-05 0.061894 0.0532433
0.554567 9.9991E-05 0.264348 0.0418094 0.0108278 0.0471809 0.0811667
0.138144 9.9991E-05 0.451072 0.228923 0.0121201 0.0349622 0.134678
0.219536 9.9982E-05 0.492143 0.184299 9.9982E-05 0.0209265 0.0828952
0.490191 9.9991E-05 0.204775 0.118553 0.0319662 0.0263186 0.128096
0.143717 0.049578 0.572529 0.0235571 9.9991E-05 0.131523 0.0789957
0.227916 0.00204739 0.605018 9.9982E-05 9.9982E-05 0.0436489 0.121169
0.206845 9.9982E-05 0.551914 0.088865 9.9982E-05 0.0600337 0.0921424
0.450411 9.9964E-05 0.362722 0.186468 9.9964E-05 9.9964E-05 9.9964E-05
0.305668 0.039461 0.325313 0.255121 0.0271583 9.9991E-05 0.0471778
0.167131 0.0589188 0.535205 0.1112 9.99942E-05 0.0618128 0.0656328
0.3613 0.0906634 0.439788 0.0536319 0.0258732 0.00184983 0.0268933
0.110157 0.121565 0.395937 0.148582 0.00888709 0.109254 0.105619
0.437306 0.0526586 0.509635 9.9964E-05 9.9964E-05 9.9964E-05 9.9964E-05
0.585592 0.00456403 0.264614 0.14493 9.9973E-05 9.9973E-05 9.9973E-05
0.142637 0.0140173 0.577515 0.20737 0.00724525 0.0501927 0.00102268
0.492245 9.9964E-05 0.24646 0.260895 9.9964E-05 9.9964E-05 9.9964E-05
0.373804 9.9973E-05 0.420405 0.138236 0.0672551 9.9973E-05 9.9973E-05
0.125098 0.00287776 0.528937 0.193344 0.100304 0.0166367 0.0328016
0.237639 0.0172948 0.517563 0.167177 0.044447 0.0157795 9.9991E-05
0.101447 0.0963339 0.574632 9.9991E-05 0.0148974 0.0834352 0.129154
0.117911 0.0933303 0.265506 0.173847 0.00774669 0.153724 0.187934
0.133711 0.0566903 0.380436 0.0583919 0.0102757 0.151495 0.208999
0.222207 0.0511153 0.42948 9.9991E-05 0.0140176 0.133191 0.14989
0.0908864 0.084232 0.366026 0.126544 0.00670383 0.138241 0.187368
0.110415 0.000657642 0.501694 0.12791 0.0695137 0.0815718 0.108237
0.683563 0.0264217 9.9991E-05 0.00853439 0.0230859 0.0954957 0.162799
0.0686972 0.0505657 0.568949 9.9991E-05 0.0411256 0.0344589 0.236104
0.543946 9.9973E-05 9.9973E-05 9.9973E-05 0.00970481 0.322055 0.123994
0.115706 9.9982E-05 0.569158 0.0509043 9.9982E-05 0.0934204 0.170612
0.536611 9.9964E-05 0.187435 0.275554 9.9964E-05 9.9964E-05 9.9964E-05
0.671848 0.0478597 9.9973E-05 0.278219 0.00177347 9.9973E-05 9.9973E-05
0.269507 9.9973E-05 0.507749 0.201446 0.020998 9.9973E-05 9.9973E-05
0.215408 9.9964E-05 0.702654 0.0815379 9.9964E-05 9.9964E-05 9.9964E-05
0.415503 9.9964E-05 0.462498 0.121599 9.9964E-05 9.9964E-05 9.9964E-05
0.117494 9.9964E-05 0.563035 0.319072 9.9964E-05 9.9964E-05 9.9964E-05
0.196161 0.00548801 0.576553 0.221498 9.9973E-05 9.9973E-05 9.9973E-05
0.0267473 0.0267302 0.0943857 9.9991E-05 0.0864444 0.735219 0.0303739
0.0470015 0.121591 9.9982E-05 9.9982E-05 0.00132685 0.697802 0.132079
9.9973E-05 0.0387604 9.9973E-05 9.9973E-05 0.014924 0.850751 0.0952651
9.9964E-05 9.9964E-05 0.0592367 9.9964E-05 0.143762 0.796602 9.9964E-05
0.0105035 0.00468498 0.500557 0.408777 0.0643787 9.9991E-05 0.0109982
9.9982E-05 0.00169945 0.511291 0.335996 9.9982E-05 0.0986271 0.0521869
9.9973E-05 0.0178613 0.407341 0.527664 0.0468341 9.9973E-05 9.9973E-05
9.9982E-05 0.115957 0.507075 0.280907 0.0303067 0.0655543 9.9982E-05
0.0603076 0.05083 0.521886 0.224962 9.9991E-05 0.13232 0.00959455
0.0818864 0.0729164 0.177677 0.6292 9.9982E-05 0.0381203 9.9982E-05
9.9982E-05 9.9982E-05 0.519505 0.379247 0.0521496 0.00411676 0.0447813
0.189343 9.9973E-05 0.344567 0.440567 0.025223 9.9973E-05 9.9973E-05
9.9982E-05 0.147752 0.391015 9.9982E-05 0.0337344 0.257393 0.169904
0.181087 0.0388078 0.361296 0.352355 9.9982E-05 9.9982E-05 0.0662538
9.9982E-05 0.116104 0.247709 0.567715 0.0450941 0.0231792 9.9982E-05
9.9964E-05 9.9964E-05 0.512609 0.443168 9.9964E-05 9.9964E-05 0.0438233
0.0426232 0.00654279 0.429505 0.5199 0.00122953 9.9982E-05 9.9982E-05
0.0193395 9.9982E-05 0.552163 0.416529 9.9982E-05 0.00545409 0.00631455
9.9982E-05 9.9982E-05 0.488511 0.414147 0.0370268 0.0154983 0.0446164
0.142682 9.9964E-05 0.056451 0.800467 9.9964E-05 9.9964E-05 9.9964E-05
0.1537 0.00469698 0.212128 0.555245 0.00670002 9.9991E-05 0.0674291
0.0199493 0.0253426 0.336178 0.605035 0.013295 9.9982E-05 9.9982E-05
0.276425 9.9955E-05 9.9955E-05 0.723075 9.9955E-05 9.9955E-05 9.9955E-05
9.9991E-05 0.0397467 0.367395 0.515252 0.023313 0.0524701 0.00172333
0.305855 9.9973E-05 0.0391988 0.647345 0.00730179 9.9973E-05 9.9973E-05
0.30313 9.99561E-05 9.99561E-05 0.69637 9.99561E-05 9.99561E-05 9.99561E-05
9.9973E-05 9.9973E-05 0.591073 0.332622 9.9973E-05 0.0529401 0.0230652
0.0441173 0.0126074 0.171942 0.702252 9.9982E-05 0.0688819 9.9982E-05
0.0547086 0.114161 0.336485 0.416266 0.00121417 0.0200097 0.0571558
0.03657 0.0641629 0.569335 0.173086 0.00142118 0.0469869 0.108439
9.9973E-05 0.0706931 0.46191 0.414305 9.9973E-05 9.9973E-05 0.0527925
0.280578 0.242691 0.359719 0.0309214 9.9982E-05 9.9982E-05 0.0858911
9.9973E-05 0.0353216 0.520474 0.397977 9.9973E-05 9.9973E-05 0.0459273
0.0542029 0.0454676 0.415564 0.40732 0.0234738 0.00364413 0.0503275
0.0682955 9.9973E-05 0.244523 0.67641 0.0104719 9.9973E-05 9.9973E-05
0.116937 0.153604 0.450149 0.27901 9.9973E-05 9.9973E-05 9.9973E-05
0.0418329 0.330697 9.9982E-05 0.00544469 0.0720876 0.549738 9.9982E-05
0.000590591 0.0973975 0.00778215 0.106305 0.0679816 0.719843 9.9991E-05
0.0395667 0.137187 9.9973E-05 9.9973E-05 0.135762 0.687184 9.9973E-05
0.0542149 0.147355 9.9973E-05 9.9973E-05 0.0948293 0.703301 9.9973E-05
0.019666 0.185871 0.0194917 9.9982E-05 0.080784 0.693987 9.9982E-05
9.9982E-05 0.0566534 0.0180922 0.819182 9.9982E-05 0.0501443 0.0557286
0.00997748 0.0779742 0.0496427 0.769045 0.0231078 0.0701525 9.9991E-05
0.0535927 9.9973E-05 0.104343 0.815173 9.9973E-05 9.9973E-05 0.0265915
0.0393725 0.0594442 0.378687 0.226005 0.0198138 0.0734933 0.203184
9.9982E-05 0.0234498 0.631056 0.197524 0.0184679 0.129302 9.9982E-05
0.124293 9.9982E-05 0.311933 0.53882 9.9982E-05 0.0228551 0.0018984
0.00551732 9.9982E-05 0.528304 0.410129 9.9982E-05 0.011584 0.0442658
0.0199796 9.9982E-05 0.394416 0.479932 9.9982E-05 0.0591625 0.0463095
0.0634842 0.0341175 0.50382 0.348726 9.9982E-05 0.049652 9.9982E-05
0.021792 0.0911572 0.542377 0.26071 9.9991E-05 0.0187778 0.0650861
0.0452731 0.0425685 0.20406 0.694744 9.9982E-05 9.9982E-05 0.0131552
9.9973E-05 0.0490323 0.327409 0.578755 0.0445043 9.9973E-05 9.9973E-05
9.9973E-05 0.0725276 0.335852 0.58358 0.00773958 9.9973E-05 9.9973E-05
0.197979 0.08161 0.568541 9.9973E-05 9.9973E-05 0.15157 9.9973E-05
9.9982E-05 0.0217238 0.326936 0.615757 0.0025286 0.0328543 9.9982E-05
0.00133759 9.9991E-05 0.41158 0.526137 0.00826062 0.0368623 0.0157219
0.00273712 0.123875 0.339355 0.0588796 9.9991E-05 0.0489207 0.426132
0.0877704 9.9982E-05 0.395426 0.0176517 9.9982E-05 0.0784737 0.420478
0.0613495 9.9982E-05 0.406779 9.9982E-05 0.012283 0.0952219 0.424166
0.130875 9.9982E-05 0.244014 9.9982E-05 0.104691 0.0744149 0.445806
0.134191 9.9982E-05 0.45807 9.9982E-05 0.0859467 0.0159674 0.305625
0.107865 9.9982E-05 0.546734 0.276656 9.9982E-05 0.0646913 0.00385444
0.0878627 9.9982E-05 0.048046 9.9982E-05 0.0709931 0.168958 0.62394
9.9982E-05 9.9982E-05 0.31686 0.0363485 0.0400346 0.123727 0.48283
0.175849 9.99911E-05 0.393434 0.111704 0.0418458 0.124914 0.152154
0.200503 0.035212 0.624928 9.9982E-05 0.0571684 0.0819885 9.9982E-05
0.345571 0.0322505 0.491076 9.9982E-05 0.00474996 0.126153 9.9982E-05
0.150743 0.0317332 0.696004 9.9982E-05 0.0122043 0.109115 9.9982E-05
0.107486 0.103904 0.558555 0.115126 0.0266032 0.0788685 0.00945755
9.9973E-05 9.9973E-05 0.393729 9.9973E-05 0.0153111 0.238355 0.352305
9.9982E-05 0.0845265 0.488118 9.9982E-05 0.0593362 0.0900584 0.277761
9.9973E-05 9.9973E-05 0.464182 9.9973E-05 0.0275559 0.0592995 0.448662
9.9991E-05 0.0256506 0.419318 0.111592 0.0605474 0.0781181 0.304674
0.112787 9.9982E-05 0.367236 9.9982E-05 0.00338205 0.080633 0.435762
0.0925616 0.0291493 0.390284 0.066764 0.0331749 0.0685102 0.319556
0.0453873 0.0264852 0.181731 9.9991E-05 0.0142131 0.190936 0.541147
0.0338237 0.103628 0.38824 9.9982E-05 9.9982E-05 0.0676999 0.406408
0.335786 0.0180017 0.59299 9.9973E-05 9.9973E-05 0.0529219 9.9973E-05
0.0200748 0.0140457 0.306767 0.128842 0.0699862 0.112679 0.347606
0.0310819 9.9973E-05 0.198571 9.9973E-05 9.9973E-05 0.157171 0.612877
9.9991E-05 0.0755227 0.365579 0.0941907 0.0840583 0.0530598 0.32749
0.152662 0.28489 0.149363 0.194419 0.00476136 0.152967 0.0609363
0.180681 0.164662 0.552871 9.9973E-05 9.9973E-05 9.9973E-05 0.101486
0.0671831 9.9982E-05 0.544249 9.9982E-05 0.00643615 0.209521 0.172411
0.107212 0.173009 0.599732 9.9982E-05 0.0698141 0.0500336 9.9982E-05
0.118627 9.9982E-05 0.528309 0.142348 0.0407326 0.169783 9.9982E-05
0.121068 0.0259198 0.410919 0.027939 0.0201662 0.216483 0.177505
0.131046 0.0409427 0.3716 9.9982E-05 9.9982E-05 0.221792 0.234419
0.131116 0.133728 0.373678 0.128142 0.0411692 0.0701014 0.122065
0.026265 0.0374789 0.29059 0.0939567 0.0507384 0.0503245 0.450646
0.0415028 9.9982E-05 0.498422 9.9982E-05 0.023842 0.0624761 0.373557
0.0765164 9.9982E-05 0.138462 9.9982E-05 0.0419011 0.169058 0.573862
0.148363 0.10671 0.649607 9.9991E-05 0.016014 0.0580304 0.0211767
0.181432 0.069536 0.519473 0.106028 0.013194 0.110237 9.9991E-05
0.633749 9.9973E-05 0.236654 9.9973E-05 0.0679469 0.0613497 9.9973E-05
9.9991E-05 0.114338 0.575922 0.0633117 0.00538379 0.184793 0.0561517
0.140595 0.182558 0.359646 0.173892 0.023615 0.0496257 0.0700685
0.130769 9.9991E-05 0.49435 0.0388185 0.0902391 0.186957 0.0587666
0.160213 0.0517194 0.408089 0.128968 0.108477 0.0954352 0.0470984
0.463512 9.9964E-05 9.9964E-05 9.9964E-05 9.9964E-05 0.328227 0.207861
0.609136 9.9973E-05 9.9973E-05 9.9973E-05 0.080525 0.232511 0.077528
0.37606 0.051338 0.31759 9.9991E-05 0.0303429 0.0774294 0.14714
0.400608 9.9982E-05 0.0736061 9.9982E-05 0.0598807 0.301933 0.163772
0.315032 9.9964E-05 9.9964E-05 9.9964E-05 9.9964E-05 0.459016 0.225552
0.268169 0.0136627 0.346416 0.0700689 0.0614348 0.109987 0.130262
0.184096 9.9982E-05 0.396718 9.9982E-05 0.0131475 0.265506 0.140332
0.272615 0.056605 0.174222 0.037695 0.0184346 0.288235 0.152193
0.448362 9.9982E-05 0.121466 9.9982E-05 0.0915706 0.23176 0.106642
0.206203 9.9991E-05 0.440026 0.0359367 0.0414924 0.0825756 0.193667
0.453417 9.9991E-05 0.131111 0.0265711 0.0782027 0.158187 0.152411
0.527431 9.9973E-05 9.9973E-05 9.9973E-05 0.076904 0.358432 0.0369333
0.0493151 0.038093 0.599729 0.029216 0.0224844 0.181044 0.0801183
0.213444 0.0130591 0.342572 9.9991E-05 0.0418728 0.152766 0.236185
9.9991E-05 0.0365055 0.399206 0.0971904 0.0457519 0.267559 0.153687
9.9973E-05 9.9973E-05 0.605501 9.9973E-05 0.0308008 0.17847 0.184929
0.0246987 9.9982E-05 0.524259 0.139962 9.9982E-05 0.150442 0.160438
0.0698204 9.9982E-05 0.545849 0.0252683 9.9982E-05 0.188014 0.170848
9.9982E-05 0.0624382 0.368323 9.9982E-05 0.0513987 0.339964 0.177676
0.0166503 0.0516214 0.596914 9.9991E-05 0.0704408 0.122869 0.141405
9.9982E-05 9.9982E-05 0.442464 0.0771297 0.145482 0.091486 0.243239
0.143544 9.9991E-05 0.311231 0.0300837 0.087955 0.187773 0.239314
0.0947619 0.082328 0.304384 0.203758 9.9991E-05 0.196753 0.117915
0.0572696 0.113616 0.561225 0.00586416 0.0168944 0.20757 0.0375611
0.0383322 9.9991E-05 0.485421 0.095676 0.103443 0.11349 0.163538
0.109415 0.0123079 0.5767 0.0505599 0.0133757 0.112562 0.12508
9.9982E-05 0.0459922 0.399061 9.9982E-05 0.0442824 0.294269 0.216196
0.0614369 0.0709991 0.442274 9.9991E-05 0.0233802 0.200104 0.201705
0.253566 9.9973E-05 0.144504 9.9973E-05 9.9973E-05 0.350457 0.251174
0.07214 9.9982E-05 0.594947 9.9982E-05 0.0966143 0.12721 0.108889
0.214035 9.9973E-05 0.153113 9.9973E-05 9.9973E-05 0.267752 0.3648
0.0620455 0.113513 9.9991E-05 0.0252806 0.00703176 0.773508 0.0185206
9.9973E-05 0.736098 0.143071 0.0195429 9.9973E-05 0.100988 9.9973E-05
9.9955E-05 0.985731 9.9955E-05 9.9955E-05 9.9955E-05 0.0137695 9.9955E-05
9.9955E-05 0.957552 9.9955E-05 9.9955E-05 0.0419481 9.9955E-05 9.9955E-05
9.9955E-05 0.95535 0.0441504 9.9955E-05 9.9955E-05 9.9955E-05 9.9955E-05
9.9964E-05 0.936566 0.00267194 9.9964E-05 9.9964E-05 9.9964E-05 0.0603623
9.9955E-05 0.919501 0.0799995 9.9955E-05 9.9955E-05 9.9955E-05 9.9955E-05
9.9964E-05 0.949172 9.9964E-05 9.9964E-05 0.0403457 0.0100824 9.9964E-05
9.9973E-05 0.777594 9.9973E-05 9.9973E-05 0.020851 0.175974 0.0252806
0.0150148 0.0248646 0.0378046 0.000656717 0.102351 0.810488 0.00881973
9.9973E-05 0.116946 0.0586976 9.9973E-05 0.10509 0.718966 9.9973E-05
0.00951586 0.0319763 0.0159287 0.00510945 0.0750183 0.804151 0.0583
9.9973E-05 0.118228 0.0662936 9.9973E-05 0.0312327 0.783945 9.9973E-05
9.9982E-05 0.0967722 0.00185218 0.00811509 9.9982E-05 0.842747 0.050314
9.9982E-05 0.0942934 9.9982E-05 0.0037046 0.0386589 0.855711 0.00743239
0.0330007 0.0581976 0.0910424 9.9991E-05 0.0943323 0.631089 0.092238
9.9973E-05 9.9973E-05 0.0642106 9.9973E-05 0.119704 0.772213 0.0435731
0.0457065 0.096464 0.0604844 0.0399282 0.0397854 0.681791 0.03584
9.9982E-05 9.9982E-05 0.0129747 0.0111774 0.0435333 0.89934 0.0327748
0.00183177 0.0347679 9.9982E-05 0.0075782 0.0378813 0.917741 9.9982E-05
0.000698898 0.0304055 0.0203689 0.0527558 0.0691637 0.788508 0.0380996
9.9982E-05 0.0347459 0.0114576 9.9982E-05 0.0480357 0.901452 0.00410931
0.00105829 9.9973E-05 0.0600861 9.9973E-05 0.0809282 0.857627 9.9973E-05
9.9991E-05 0.0236415 0.0480929 0.00836045 0.0904514 0.792921 0.0364331
9.9973E-05 9.9973E-05 0.115392 9.9973E-05 0.0659431 0.778639 0.039726
9.9973E-05 9.9973E-05 0.0720023 9.9973E-05 0.0324217 0.770668 0.124608
9.9973E-05 9.9973E-05 0.162054 9.9973E-05 0.0371038 0.741119 0.0594233
9.9973E-05 9.9973E-05 0.150242 9.9973E-05 0.0144283 0.794526 0.0405037
0.18336 0.138338 0.420265 0.11898 9.9982E-05 0.138857 9.9982E-05
0.0545809 0.0530257 0.709292 0.0561757 0.0170786 0.109747 9.9991E-05
0.116443 0.0704639 0.569571 0.0695845 0.0535003 0.0771885 0.043249
0.699115 0.0180904 0.171316 0.046552 9.9982E-05 0.0647263 9.9982E-05
0.149864 0.16099 0.559688 0.0447656 9.9982E-05 0.0844924 9.9982E-05
0.671169 9.9973E-05 0.15146 9.9973E-05 9.9973E-05 0.175045 0.00202619
0.213443 9.9982E-05 0.607001 9.9982E-05 0.0150447 0.0503602 0.113951
0.104475 0.18254 0.446765 0.15669 9.9982E-05 0.10933 9.9982E-05
0.185912 0.0754001 0.582026 0.0725147 0.0220995 0.0619477 9.9991E-05
9.9973E-05 9.9973E-05 0.458755 0.434623 0.034026 0.072296 9.9973E-05
0.238656 0.198652 0.414264 0.0495552 0.000783357 0.0979887 9.9991E-05
0.182596 0.0398428 0.644984 0.026991 0.0316326 0.0398279 0.0341256
0.0975315 0.175885 0.57033 0.036073 0.0988921 0.0211878 9.9991E-05
0.248532 0.495504 0.0930377 0.134434 9.9982E-05 9.9982E-05 0.0282922
0.881899 0.0996246 9.9973E-05 0.00534351 9.9973E-05 0.0128324 9.9973E-05
0.690018 0.0321315 0.212681 9.9973E-05 9.9973E-05 0.0648697 9.9973E-05
0.132597 0.0975596 0.666685 0.0282992 0.0153994 0.0593594 9.9991E-05
0.258288 0.0193866 0.564136 9.9982E-05 0.0206301 0.13736 9.9982E-05
0.286252 9.9973E-05 0.584691 0.0252927 9.9973E-05 0.103465 9.9973E-05
0.125814 0.0187222 0.628256 0.109857 9.9991E-05 0.0676069 0.0496439
0.0144946 0.0783734 0.571305 0.0485273 0.0083457 0.184504 0.0944497
