9.9973E-05 0.0689457 9.9973E-05 0.870169 9.9973E-05 0.0461414 0.014444
0.0395088 9.9964E-05 0.025111 0.93498 9.9964E-05 9.9964E-05 9.9964E-05
9.9973E-05 9.9973E-05 9.9973E-05 0.775147 0.0858058 0.0798843 0.0588633
9.9973E-05 9.9973E-05 9.9973E-05 0.773307 0.069211 0.0658578 0.091324
0.00416377 9.9973E-05 9.9973E-05 0.833075 9.9973E-05 0.0766918 0.0857691
0.16805 9.9991E-05 0.0338278 0.565833 0.0526478 0.0681402 0.111402
0.127405 0.0428586 9.9973E-05 0.806957 9.9973E-05 9.9973E-05 0.0224788
0.159342 9.9973E-05 9.9973E-05 0.694059 9.9973E-05 0.014968 0.131331
0.061088 9.99729E-05 0.0854266 0.800941 9.99729E-05 9.99729E-05 0.0522445
0.137892 9.9982E-05 9.9982E-05 0.691588 0.0977044 0.0642786 0.00833662
0.127534 9.9973E-05 9.9973E-05 0.710682 0.0274492 9.9973E-05 0.134035
9.9964E-05 0.879244 9.9964E-05 9.9964E-05 0.0983236 0.0220321 9.9964E-05
9.9991E-05 0.489904 0.00494661 0.0063511 0.384947 0.0584401 0.0553111
0.0592243 0.727954 9.9991E-05 0.0442427 0.112636 0.0510205 0.00482256
9.9973E-05 0.727701 9.9973E-05 0.0128107 0.133488 0.1257 9.9973E-05
0.0788237 0.311309 0.0616479 0.108976 0.373901 0.0652422 9.9991E-05
9.9964E-05 0.455527 9.9964E-05 9.9964E-05 0.424452 0.119622 9.9964E-05
0.0444328 0.417789 0.103177 9.9982E-05 0.334578 0.0998232 9.9982E-05
9.9982E-05 0.576766 0.0688966 0.117924 0.211959 0.0242543 9.9982E-05
0.0694182 0.768944 9.9973E-05 0.0102216 9.9973E-05 9.9973E-05 0.151116
0.137165 0.379632 0.115686 9.9982E-05 0.320637 0.04668 9.9982E-05
0.142308 0.267655 0.0675639 9.9982E-05 0.447835 0.0744391 9.9982E-05
9.9982E-05 0.278515 0.13369 0.0493134 0.494349 9.9982E-05 0.0439329
9.9973E-05 0.724386 0.026798 9.9973E-05 0.113733 0.134783 9.9973E-05
9.9991E-05 0.155045 0.00538493 0.10444 0.560276 0.114958 0.0597957
0.0337638 0.426987 9.9982E-05 0.0739281 0.40273 0.0623913 9.9982E-05
9.9973E-05 0.831226 0.0166186 0.0300795 9.9973E-05 0.121776 9.9973E-05
9.9964E-05 0.842571 9.9964E-05 0.0254464 9.9964E-05 0.131583 9.9964E-05
0.0549044 0.796239 0.0225337 0.0120949 0.102645 9.9991E-05 0.0114832
9.9973E-05 0.0200312 9.9973E-05 0.84719 0.109545 0.0229341 9.9973E-05
9.9964E-05 0.044204 9.9964E-05 0.841139 0.114257 9.9964E-05 9.9964E-05
9.9973E-05 0.0381417 9.9973E-05 0.783045 0.148925 0.0295881 9.9973E-05
9.9982E-05 9.9982E-05 0.0871807 0.713682 0.0850268 0.0970961 0.0168146
9.999E-05 0.0789015 0.153487 0.0517068 0.610865 0.0113527 0.0935861
9.9982E-05 0.0441531 0.27392 0.124922 0.502059 0.0547453 9.9982E-05
9.9964E-05 9.9964E-05 0.262833 0.083586 0.653181 9.9964E-05 9.9964E-05
9.9982E-05 0.538952 0.0450153 0.129506 0.110453 9.9982E-05 0.175874
9.9973E-05 9.9973E-05 0.639539 0.0577539 0.282004 9.9973E-05 0.0204031
9.999E-05 0.207119 0.14061 0.0298276 0.575465 0.0411912 0.00568718
0.0297281 9.9991E-05 0.131962 0.018016 0.756042 0.0616685 0.00248326
0.0301416 0.0425466 0.157581 0.100669 0.612881 0.022748 0.0334326
9.9982E-05 9.9982E-05 0.126364 0.0905044 0.624539 0.0707244 0.0876679
9.9982E-05 0.256478 0.576708 0.0179522 0.127622 9.9982E-05 0.0210406
0.224249 0.0414671 0.0438476 9.9982E-05 0.653515 0.036721 9.9982E-05
0.0188527 9.9982E-05 0.309917 0.0631299 0.533966 0.0739345 9.9982E-05
0.0499182 9.9991E-05 0.0695489 0.179896 0.582047 0.00259532 0.115894
0.0113358 9.9973E-05 0.610033 9.9973E-05 0.374265 9.9973E-05 0.00406679
9.9982E-05 9.9982E-05 0.261101 0.0241554 0.633182 0.0105651 0.0707971
0.0337916 0.0288185 0.149705 0.103492 0.618147 9.9991E-05 0.0659462
0.206808 9.9964E-05 0.721028 0.0717632 9.9964E-05 9.9964E-05 9.9964E-05
0.0600045 0.433901 0.229577 9.9982E-05 0.0624699 9.9982E-05 0.213848
0.344326 0.420125 0.186099 9.9973E-05 9.9973E-05 9.9973E-05 0.0491498
0.0828403 0.10614 0.0592774 0.0805309 0.572972 0.0450119 0.0532282
0.0596183 0.206729 9.9982E-05 0.0961462 0.597642 0.0396644 9.9982E-05
0.140413 0.142848 9.9982E-05 0.0680716 0.620088 0.0283806 9.9982E-05
0.0520347 0.394187 0.130326 0.1135 0.128756 9.9991E-05 0.181097
0.15532 0.14773 9.9973E-05 9.9973E-05 0.561795 9.9973E-05 0.134855
0.0599114 0.17296 9.9991E-05 0.0809351 0.54796 0.0999429 0.0381912
9.9991E-05 0.23834 0.225685 0.0939125 0.299757 0.00848392 0.133722
0.127078 0.474353 0.0774537 0.194174 0.0251598 0.029403 0.0723794
0.0765973 9.9991E-05 0.123326 0.0640912 0.610851 0.00105223 0.123982
0.0104202 0.406862 0.0298453 0.116283 0.337409 9.9991E-05 0.0990803
0.0687425 0.635873 0.0844963 0.0425614 9.9982E-05 9.9982E-05 0.168127
0.0676728 0.432647 0.0338781 9.9991E-05 0.439755 0.023229 0.00271821
0.151631 0.176662 9.9964E-05 9.9964E-05 0.671307 9.9964E-05 9.9964E-05
0.0432745 0.181275 0.132376 0.00872225 0.353953 0.174849 0.105549
0.117081 0.499071 0.117051 0.041301 0.207431 0.0179661 9.9991E-05
0.0961449 0.458187 0.038141 9.9982E-05 0.373541 0.0337863 9.9982E-05
0.0567425 0.0707575 0.016417 9.9991E-05 0.646061 0.0634266 0.146496
0.0521372 0.598147 0.113242 0.0560407 0.110215 9.9991E-05 0.0701181
9.9973E-05 0.115092 0.32572 9.9973E-05 0.536667 9.9973E-05 0.0222205
9.9973E-05 0.188394 0.603093 0.0745789 0.133635 9.9973E-05 9.9973E-05
9.9991E-05 0.143638 0.124947 0.0591802 0.56978 0.0043051 0.0980502
0.0954512 9.9973E-05 0.895533 9.9973E-05 9.9973E-05 0.00660724 0.00210858
0.0664493 0.216044 0.717106 9.9964E-05 9.9964E-05 9.9964E-05 9.9964E-05
9.9955E-05 9.9955E-05 0.702879 9.9955E-05 0.296622 9.9955E-05 9.9955E-05
9.9973E-05 0.0973427 0.379363 0.0440463 0.478948 9.9973E-05 9.9973E-05
9.9991E-05 0.0856327 0.123535 0.148793 0.502782 0.0658248 0.0733321
0.00153642 0.0964983 0.324002 0.0383867 0.47327 0.0304543 0.0358526
9.9991E-05 0.0382911 0.543545 0.0512804 0.220042 0.0343433 0.112398
9.9982E-05 0.00414428 0.498063 0.0542085 0.212537 9.9982E-05 0.230847
9.9991E-05 0.0139178 0.24633 0.0854336 0.490613 0.130185 0.0334205
9.9982E-05 0.153441 0.533874 0.00596919 0.257004 0.0495128 9.9982E-05
9.9982E-05 0.0674429 0.436753 0.0686753 0.423249 0.00367975 9.9982E-05
9.9955E-05 9.9955E-05 0.593983 9.9955E-05 0.405517 9.9955E-05 9.9955E-05
0.157677 0.0243764 0.775195 9.9982E-05 9.9982E-05 0.0282957 0.0142558
0.0161581 0.129302 0.223163 9.9982E-05 0.594144 0.037032 9.9982E-05
9.9973E-05 0.0885081 9.9973E-05 0.801013 0.0948331 0.0153462 9.9973E-05
9.9964E-05 0.0173823 9.9964E-05 0.908841 0.0733766 9.9964E-05 9.9964E-05
9.9964E-05 9.9964E-05 9.9964E-05 0.852266 0.125192 0.022142 9.9964E-05
0.015786 9.9964E-05 9.9964E-05 0.913809 0.0700051 9.9964E-05 9.9964E-05
9.9964E-05 9.9964E-05 0.0378079 0.866366 0.0954266 9.9964E-05 9.9964E-05
0.0409878 9.9982E-05 9.9982E-05 0.861235 0.012975 0.0458081 0.0387939
9.99551E-05 9.99551E-05 9.99551E-05 0.910971 0.0885289 9.99551E-05 9.99551E-05
9.9991E-05 0.0837348 0.259393 0.0900332 0.382484 0.0955479 0.0887069
0.0172834 0.106661 0.120324 0.133773 0.522921 0.0765967 0.0224401
9.9964E-05 0.193489 0.792934 0.0131771 9.9964E-05 9.9964E-05 9.9964E-05
0.03005 0.215866 0.0977904 0.0610926 0.440285 0.154816 9.9991E-05
9.9982E-05 0.237936 0.338598 0.0177527 0.387912 0.0176012 9.9982E-05
9.9964E-05 9.9964E-05 0.262143 0.0849476 0.65251 9.9964E-05 9.9964E-05
0.0682586 0.0550821 0.345715 0.0332428 0.497502 9.9982E-05 9.9982E-05
9.9964E-05 9.9964E-05 0.431048 9.9964E-05 0.469674 0.0988778 9.9964E-05
9.9973E-05 0.158537 0.713254 0.0806365 9.9973E-05 9.9973E-05 0.0472732
0.119658 9.9991E-05 0.196667 0.127386 0.4375 0.0548267 0.0638614
0.0557261 0.0897928 0.11802 0.0268815 0.709379 9.9982E-05 9.9982E-05
0.0610821 0.112629 0.132457 0.0398998 0.525402 0.0513019 0.0772278
0.13371 9.9973E-05 0.490527 9.9973E-05 0.353864 0.0215999 9.9973E-05
0.00178307 9.9973E-05 0.451366 9.9973E-05 0.507396 0.0391548 9.9973E-05
9.9991E-05 0.0729715 0.311037 0.0532938 0.470925 0.0065794 0.085094
9.9964E-05 9.9964E-05 0.613126 9.9964E-05 0.233869 0.152605 9.9964E-05
9.9982E-05 0.0130421 0.442817 0.104546 0.422191 0.0172042 9.9982E-05
0.00810287 0.00797489 0.156108 0.200612 0.545992 9.9991E-05 0.0811102
0.188467 0.355452 0.0906029 0.0507054 0.221713 9.9991E-05 0.0929599
0.00387987 0.310921 9.9991E-05 0.116734 0.348835 0.0683371 0.151192
0.0291934 0.0650457 0.0559104 0.0724188 0.570714 0.0315974 0.175121
0.0883072 0.0872451 0.0658559 0.0754145 0.530855 0.108975 0.0433475
9.9964E-05 0.529016 9.9964E-05 0.0633216 0.407262 9.9964E-05 9.9964E-05
0.0419097 0.149461 0.0401563 9.9991E-05 0.511844 0.0878663 0.168663
9.9973E-05 0.287253 9.9973E-05 0.028511 0.476937 9.9973E-05 0.206999
0.14972 0.0785192 0.00693605 0.0566666 0.564105 9.9991E-05 0.143953
0.0799415 0.0745713 0.0982241 0.0794424 0.566065 0.0409337 0.0608216
0.0277701 0.300015 9.9982E-05 0.0836351 0.556455 9.9982E-05 0.0319248
9.9973E-05 0.226563 0.0129015 9.9973E-05 0.543572 9.9973E-05 0.216663
0.0960003 0.0782869 0.0111559 0.0772778 0.642374 0.0268649 0.0680398
0.102452 0.0276855 9.9991E-05 0.0925466 0.49595 0.0676018 0.213664
9.9982E-05 0.300841 0.0756286 9.9982E-05 0.497184 0.0668947 0.0592511
0.159166 0.0789858 9.9991E-05 0.0696298 0.540907 0.0994959 0.0517162
0.0109623 0.0512164 0.126519 9.9991E-05 0.53526 0.0917962 0.184147
0.190036 0.323767 9.9982E-05 0.0808038 0.368927 9.9982E-05 0.0362657
0.0894121 0.141007 9.9991E-05 0.0188302 0.656741 0.0451325 0.0487771
0.094538 0.132111 9.9973E-05 9.9973E-05 0.731826 9.9973E-05 0.0412249
9.9982E-05 0.370991 0.135711 9.9982E-05 0.19926 0.079283 0.214554
0.274727 0.371767 0.122652 0.0108658 0.169173 0.0205074 0.030308
0.0556091 0.046457 9.9982E-05 0.00370741 0.674244 9.9982E-05 0.219782
0.231684 0.228404 0.234582 9.9982E-05 0.156061 9.9982E-05 0.149069
9.9982E-05 0.487008 0.130772 0.0594353 0.198884 9.9982E-05 0.123701
0.0140303 0.191305 0.128555 9.9982E-05 0.470393 9.9982E-05 0.195517
9.9982E-05 0.483866 0.0903202 0.0405403 0.2659 9.9982E-05 0.119173
0.0299298 0.421601 0.0877461 0.00967682 0.242454 9.9991E-05 0.208493
0.0105385 0.23133 9.9982E-05 0.0701786 0.62101 9.9982E-05 0.066743
0.0383627 0.0855212 0.0982802 0.0778145 0.574573 0.0784977 0.046951
9.9991E-05 0.314273 0.159327 0.0260236 0.371151 0.0808623 0.0482624
0.217312 0.415071 0.128031 9.9991E-05 0.092783 0.0505899 0.0961129
0.0530649 0.0768756 0.10489 0.118003 0.53634 0.0351305 0.0756967
0.204807 0.0742792 0.0474682 9.9991E-05 0.529046 0.0901562 0.0541437
0.427747 0.119385 0.252809 0.100808 9.9982E-05 9.9982E-05 0.099051
0.148423 0.0263847 0.0534371 0.102935 0.639899 0.0288205 9.9991E-05
0.295355 0.1458 0.172899 0.0764668 0.236701 0.0726781 9.9991E-05
0.162527 0.163235 0.0572912 0.0272182 0.479695 0.109933 9.9991E-05
0.389322 0.143536 0.0164954 0.05231 0.33732 9.9991E-05 0.0609171
0.433717 0.0841145 0.0869524 0.00291724 0.246565 9.9991E-05 0.145634
0.197054 0.0287952 0.121081 0.0326296 0.48878 9.9991E-05 0.13156
0.113166 0.088629 0.106292 0.081632 0.498471 0.00921667 0.102594
0.109977 0.274137 0.0385887 0.141888 0.385956 0.0493544 9.9991E-05
0.357096 0.199684 0.218748 0.0231937 9.9991E-05 0.158567 0.0426101
0.150646 9.9982E-05 0.195525 0.0170507 0.525723 9.9982E-05 0.110856
0.240947 0.168106 0.137011 9.9973E-05 0.453637 9.9973E-05 9.9973E-05
0.145337 0.253254 0.179173 9.9991E-05 0.340885 0.0061131 0.075137
0.0405221 0.0747747 0.104793 0.125411 0.50293 0.128429 0.0231405
0.29117 0.0695524 9.9982E-05 0.258746 0.122849 0.257482 9.9982E-05
0.428352 9.9964E-05 9.9964E-05 0.477927 9.9964E-05 0.0933219 9.9964E-05
0.512294 9.9964E-05 9.9964E-05 0.352461 9.9964E-05 0.134845 9.9964E-05
0.215043 0.0755362 9.9982E-05 0.318141 0.0161199 0.37496 9.9982E-05
0.255255 9.9964E-05 0.0171521 9.9964E-05 0.727193 9.9964E-05 9.9964E-05
0.116813 0.147383 9.9982E-05 0.144981 0.563389 9.9982E-05 0.0272347
9.9964E-05 0.00531265 9.9964E-05 9.9964E-05 0.297146 0.697142 9.9964E-05
9.9982E-05 0.0934504 9.9982E-05 0.000869709 0.317588 0.511853 0.0760385
0.0501512 9.9982E-05 9.9982E-05 0.0869073 0.322341 0.398164 0.142236
0.430193 0.0722604 0.174475 9.9973E-05 0.322771 9.9973E-05 9.9973E-05
0.224384 0.0548381 0.0546736 0.030983 0.44959 0.0874143 0.0981172
0.53132 9.9973E-05 0.241255 9.9973E-05 0.210495 9.9973E-05 0.0166309
0.212073 0.0864346 0.0404274 9.9973E-05 0.660765 9.9973E-05 9.9973E-05
0.241608 0.0849124 0.235273 9.9982E-05 0.437405 0.000601571 9.9982E-05
0.263172 9.9991E-05 0.0301911 0.000318908 0.640533 0.0506157 0.0150696
0.482359 0.120953 0.147832 9.9982E-05 0.225259 9.9982E-05 0.0233961
0.0703021 0.0528043 0.118779 0.00976559 0.564313 0.167417 0.016619
0.173902 9.9982E-05 0.0961185 0.0736222 0.552096 0.104062 9.9982E-05
0.00173246 9.9973E-05 0.0540305 0.0001985 9.9973E-05 0.943739 9.9973E-05
9.9955E-05 9.9955E-05 9.9955E-05 9.9955E-05 0.0795231 0.919977 9.9955E-05
9.9973E-05 0.0572647 9.9973E-05 0.0302027 0.355449 0.556784 9.9973E-05
9.9973E-05 9.9973E-05 9.9973E-05 0.0160508 0.24728 0.683194 0.0531756
9.9964E-05 9.9964E-05 0.0336594 9.9964E-05 0.128846 0.837095 9.9964E-05
9.995E-05 9.995E-05 9.995E-05 9.995E-05 9.995E-05 0.9994 9.995E-05
9.9955E-05 9.9955E-05 9.9955E-05 9.9955E-05 9.9955E-05 0.960513 0.0389869
9.9955E-05 9.9955E-05 9.9955E-05 9.9955E-05 0.109197 0.890303 9.9955E-05
9.9955E-05 9.9955E-05 9.9955E-05 9.9955E-05 9.9955E-05 0.971123 0.0283777
9.995E-05 9.995E-05 9.995E-05 9.995E-05 9.995E-05 0.9994 9.995E-05
9.995E-05 9.995E-05 9.995E-05 9.995E-05 9.995E-05 0.9994 9.995E-05
9.9982E-05 0.0292173 9.9982E-05 0.053889 0.192792 0.713713 0.0101881
9.9973E-05 0.039009 9.9973E-05 9.9973E-05 0.159845 0.774081 0.0267651
9.9964E-05 0.029475 9.9964E-05 9.9964E-05 9.9964E-05 0.96176 0.00836566
9.9982E-05 0.0723262 0.0647258 9.9982E-05 0.399929 0.360746 0.102073
9.9991E-05 0.0108216 0.0288228 0.0379059 0.166098 0.665625 0.0906273
0.0550207 0.0011207 9.9982E-05 0.0278028 0.1445 0.771356 9.9982E-05
9.9964E-05 0.0784758 9.9964E-05 9.9964E-05 0.0439436 0.877181 9.9964E-05
9.9964E-05 9.9964E-05 0.015868 9.9964E-05 9.9964E-05 0.982316 0.00141593
9.9964E-05 0.0488236 9.9964E-05 0.0548412 9.9964E-05 0.895935 9.9964E-05
9.995E-05 9.995E-05 9.995E-05 9.995E-05 9.995E-05 0.9994 9.995E-05
9.9982E-05 0.00951455 9.9982E-05 0.00555488 0.192646 0.671916 0.12017
9.9973E-05 0.0335007 0.0441892 9.9973E-05 9.9973E-05 0.90997 0.0120397
0.542807 9.9973E-05 0.134005 0.267032 9.9973E-05 0.0558563 9.9973E-05
0.236224 0.0626028 9.9991E-05 0.131785 0.41952 0.0777235 0.0720444
0.244724 9.9982E-05 9.9982E-05 0.180036 0.482749 0.031033 0.0612583
0.474637 0.0531825 0.0651779 0.151665 0.126159 0.12185 0.00732813
0.194639 0.00817197 0.0541966 0.144794 0.461151 0.136947 9.9991E-05
0.415194 0.0517089 0.00973712 0.21245 0.300207 0.0106032 9.9991E-05
0.190413 9.9991E-05 0.0387049 0.120034 0.514064 0.0869984 0.0496859
0.351952 9.9982E-05 0.0487848 0.109089 0.401749 0.0882248 9.9982E-05
0.253609 0.0154335 9.9982E-05 0.14875 0.52429 0.0577172 9.9982E-05
0.338858 9.9973E-05 9.9973E-05 0.142638 0.354208 0.163996 9.9973E-05
0.153549 9.9991E-05 0.0277788 0.180289 0.520284 0.0729334 0.0450658
0.0486163 9.9973E-05 9.9973E-05 0.810993 0.0426399 9.9973E-05 0.0974505
0.00517619 0.0103999 0.0281303 0.909135 9.9982E-05 0.046959 9.9982E-05
0.0153669 9.9982E-05 0.00752016 0.923565 0.010371 9.9982E-05 0.0429766
9.9964E-05 9.9964E-05 9.9964E-05 0.933447 0.022865 9.9964E-05 0.0432885
0.0192472 0.141489 9.9982E-05 0.817307 0.00498992 9.9982E-05 0.0167669
9.9964E-05 0.0481755 9.9964E-05 0.898555 9.9964E-05 0.0528693 9.9964E-05
9.9982E-05 9.9982E-05 0.0103127 0.845853 0.0457883 0.0822586 0.0155878
0.114357 9.9973E-05 9.9973E-05 0.837508 0.00803617 9.9973E-05 0.0397997
9.9964E-05 0.053948 0.0192375 0.926415 9.9964E-05 9.9964E-05 9.9964E-05
0.0590301 9.9964E-05 9.9964E-05 0.845994 9.9964E-05 0.0945757 9.9964E-05
9.9973E-05 0.14579 0.139802 0.600619 9.9973E-05 9.9973E-05 0.11349
9.9973E-05 0.165361 0.0584463 0.587255 9.9973E-05 9.9973E-05 0.188638
0.0966076 0.191383 0.0438437 0.523281 9.9982E-05 9.9982E-05 0.144685
0.033786 0.253001 0.0887119 0.513786 9.9982E-05 9.9982E-05 0.110515
9.9991E-05 0.144247 0.183644 0.0927124 0.527343 0.0237015 0.0282519
9.9982E-05 0.0859132 0.301489 0.043472 0.555655 9.9982E-05 0.0132711
9.9991E-05 0.0972933 0.117194 0.0224381 0.586105 0.00533494 0.171535
0.0225463 0.227846 0.229114 0.0379333 0.395463 9.9991E-05 0.0869981
9.9973E-05 0.429282 0.100203 9.9973E-05 0.133316 9.9973E-05 0.336898
9.9982E-05 9.9982E-05 0.25245 0.0223073 0.575902 0.0969565 0.0521842
9.9991E-05 0.0308741 0.336307 0.0122986 0.597261 0.00259392 0.020565
0.0410731 0.128192 0.18597 9.9991E-05 0.547882 0.0274623 0.0693217
0.0326879 9.9982E-05 0.526454 9.9982E-05 0.370398 0.0601762 0.010084
9.9982E-05 9.9982E-05 0.208586 0.0732501 0.597139 0.0236563 0.0971692
9.9982E-05 0.0722902 0.439437 0.0426749 0.396872 9.9982E-05 0.0485255
0.0817333 0.0312788 0.82995 9.9973E-05 9.9973E-05 9.9973E-05 0.0567379
0.0034024 0.246296 0.205937 0.0773446 0.394015 0.0380658 0.0349396
0.175704 9.9982E-05 0.500246 0.0195834 0.28184 9.9982E-05 0.0224263
0.0499554 9.9982E-05 0.318746 0.0320132 0.585726 0.013359 9.9982E-05
9.9982E-05 0.104564 0.66913 0.045465 0.0987975 9.9982E-05 0.0818436
0.104962 9.9973E-05 9.9973E-05 0.0573236 0.0370709 9.9973E-05 0.800344
0.0798278 9.9973E-05 9.9973E-05 0.0353019 0.108904 9.9973E-05 0.775667
0.0866756 9.9973E-05 0.00260493 9.9973E-05 0.0208016 9.9973E-05 0.889618
0.0174181 9.9973E-05 0.10905 0.0547872 9.9973E-05 9.9973E-05 0.818445
0.0628761 9.9973E-05 9.9973E-05 9.9973E-05 0.112102 0.0426524 0.782069
0.017028 9.9973E-05 9.9973E-05 9.9973E-05 0.0434484 0.0999878 0.839236
9.9973E-05 9.9973E-05 0.021311 0.85942 0.0746859 0.0442832 9.9973E-05
9.9982E-05 0.0579347 9.9982E-05 0.857916 0.0642413 0.00777412 0.0119337
0.00700917 0.00352745 9.9982E-05 0.783401 0.101197 0.104665 9.9982E-05
9.9982E-05 0.132491 9.9982E-05 0.753809 0.0106924 0.0820103 0.0207972
9.9973E-05 9.9973E-05 9.9973E-05 0.804758 0.119439 0.0363782 0.0391247
9.9973E-05 0.0416308 0.0481189 0.365205 9.9973E-05 9.9973E-05 0.544745
0.0422971 9.9973E-05 0.107583 0.442818 9.9973E-05 9.9973E-05 0.407002
9.9964E-05 9.9964E-05 0.144765 0.396609 9.9964E-05 9.9964E-05 0.458226
9.9973E-05 0.0801163 9.9973E-05 0.781801 0.116937 0.0208457 9.9973E-05
0.0567872 9.9973E-05 0.103872 0.34307 9.9973E-05 9.9973E-05 0.495971
0.171214 9.9991E-05 0.00394332 0.145919 0.25821 0.402128 0.0184845
0.0920924 0.0364716 0.0173473 0.104394 0.515258 0.234336 9.9991E-05
9.9964E-05 9.9964E-05 9.9964E-05 0.240037 0.542282 0.217281 9.9964E-05
0.121879 0.0318512 0.0479906 0.21027 0.310894 0.25466 0.022455
9.9982E-05 0.135177 0.0750262 0.106549 0.459809 0.223239 9.9982E-05
0.298516 9.9964E-05 9.9964E-05 0.400581 9.9964E-05 0.300504 9.9964E-05
0.0488365 0.244378 0.0997091 9.9982E-05 0.439506 9.9982E-05 0.16737
0.196297 0.140747 0.14917 9.9991E-05 0.374857 0.000537732 0.138292
0.0169917 0.580747 9.9982E-05 0.0667001 0.171087 9.9982E-05 0.164274
0.115933 0.159347 0.154031 9.9982E-05 0.406752 9.9982E-05 0.163736
0.502912 0.0931213 0.344636 9.9973E-05 9.9973E-05 9.9973E-05 0.0590306
0.0210961 0.179607 0.0916389 0.0547626 0.562578 9.9991E-05 0.0902179
0.101963 0.354196 0.0843344 9.9982E-05 0.416262 9.9982E-05 0.0430439
0.0692078 0.522719 0.0259425 9.9982E-05 0.289627 9.9982E-05 0.0923036
0.0396307 0.278737 0.118319 0.0275345 0.346226 0.137371 0.0521825
0.308046 0.464778 0.185416 9.9982E-05 0.0209737 9.9982E-05 0.0205866
0.177594 0.177351 0.0462377 9.9991E-05 0.46619 0.0472228 0.0853044
0.0368612 0.208911 0.0705726 9.9991E-05 0.525154 0.0156227 0.142779
0.138186 0.0591087 0.0732776 0.080651 0.391545 0.199651 0.0575812
0.108619 0.332058 0.0946408 9.9982E-05 0.332252 9.9982E-05 0.13223
0.0124218 0.197102 0.167122 9.9991E-05 0.374116 0.05086 0.198278
0.098663 0.168465 0.146077 0.0284367 0.471149 0.0501722 0.0370371
0.108834 0.148581 0.0828485 9.9982E-05 0.54798 9.9982E-05 0.111556
9.9991E-05 0.0807789 0.0374279 0.0269128 0.69093 0.0415764 0.122274
9.9991E-05 0.0466482 0.186717 0.054778 0.540003 0.089989 0.0817642
9.9991E-05 0.141186 0.118687 0.0940785 0.526516 0.0373569 0.0820758
9.9964E-05 9.9964E-05 9.9964E-05 0.776393 0.141509 0.0816977 9.9964E-05
9.9973E-05 9.9973E-05 0.01976 0.856006 0.11323 0.0107039 9.9973E-05
0.0857961 0.0117926 9.9991E-05 0.749552 0.0473704 0.0187148 0.0866737
9.9982E-05 9.9982E-05 0.0710193 0.786625 0.0474406 0.0367986 0.0579163
9.9964E-05 9.9964E-05 9.9964E-05 0.831332 0.123915 0.0443522 9.9964E-05
0.0475796 0.676355 9.9991E-05 0.0161152 0.0986426 0.00988308 0.151324
0.0885662 0.241734 0.0935476 9.9991E-05 0.398931 0.115346 0.0617743
0.20521 0.0336989 9.9982E-05 0.17678 0.523684 0.0604278 9.9982E-05
0.0506086 0.238588 9.9982E-05 9.9982E-05 0.588202 0.105382 0.0170193
9.9982E-05 0.166898 0.0887366 0.0756113 0.530784 9.9982E-05 0.13777
0.235925 0.403813 9.9982E-05 9.9982E-05 0.217471 0.0572339 0.0853579
0.128445 0.574319 0.000801399 0.116805 9.9982E-05 9.9982E-05 0.179429
9.9982E-05 0.17828 0.0698404 9.9982E-05 0.476437 0.0639994 0.211242
0.089641 0.409224 0.0483735 0.00318799 0.0583305 0.107994 0.283249
0.153876 0.10454 0.112199 0.0817592 0.401273 0.0567895 0.0895631
0.0364502 0.516685 0.136835 0.158708 9.9991E-05 0.00983493 0.141387
0.00407704 0.277076 9.9982E-05 0.0540793 0.573971 9.9982E-05 0.090597
9.9982E-05 0.678818 0.0913758 0.0798072 0.0623038 9.9982E-05 0.0874955
0.167564 0.315051 0.0232106 0.0263012 0.309555 0.0456639 0.112654
0.150005 0.0968206 0.0453405 0.0373935 0.530213 0.0414059 0.0988213
0.43561 9.9973E-05 0.138638 9.9973E-05 0.291191 9.9973E-05 0.134261
0.213517 0.119625 0.0535663 0.00117125 0.577432 9.9991E-05 0.0345879
0.161432 0.0657141 0.15628 0.042837 0.513037 0.0605997 9.9991E-05
0.420898 0.0134017 0.0943142 9.9982E-05 0.433108 9.9982E-05 0.0380781
0.301215 9.9982E-05 0.0273057 9.9982E-05 0.484213 0.0395306 0.147536
0.212233 9.9982E-05 0.148219 0.0401425 0.558647 9.9982E-05 0.040558
0.506478 9.9973E-05 0.22222 9.9973E-05 0.165265 9.9973E-05 0.105737
0.514708 9.9973E-05 0.139503 9.9973E-05 0.27414 9.9973E-05 0.0713488
0.361419 9.9973E-05 0.0246738 9.9973E-05 0.519627 9.9973E-05 0.0939807
0.399958 9.9973E-05 0.245079 9.9973E-05 0.233682 9.9973E-05 0.120981
0.287608 0.162178 9.9973E-05 9.9973E-05 0.505739 9.9973E-05 0.0441749
9.9982E-05 0.636669 0.199844 9.9982E-05 0.0284818 0.0073824 0.127423
0.15784 0.4743 0.100299 9.9991E-05 0.209222 0.000695529 0.0575428
0.0159892 0.438024 0.0731204 9.9991E-05 0.246001 0.0713118 0.155454
0.00307794 0.248269 0.0267656 9.9991E-05 0.532053 0.129201 0.0605331
0.0177086 0.507457 0.135982 9.9982E-05 0.2005 9.9982E-05 0.138153
0.107133 0.210532 9.9982E-05 0.0524005 0.607636 9.9982E-05 0.0220995
0.0349046 0.146939 9.9991E-05 0.0442471 0.579999 0.0605963 0.133215
9.9982E-05 0.262883 9.9982E-05 0.105583 0.505587 0.0287893 0.0969577
9.9982E-05 0.238792 0.0281606 9.9982E-05 0.479889 0.118457 0.134502
0.00563084 0.0935867 0.143463 0.0807996 0.439909 0.0618316 0.174779
9.9982E-05 0.485498 0.0472908 9.9982E-05 0.186143 0.0543492 0.226519
9.9982E-05 0.301335 0.142855 9.9982E-05 0.293854 0.058471 0.203286
0.0161042 0.255086 0.0885541 9.9991E-05 0.622319 0.00995959 0.00787662
0.0556718 0.311545 0.0183446 9.9991E-05 0.529126 0.0502346 0.0349784
0.0852874 0.30613 0.0323825 0.0235922 0.428064 0.00578649 0.118757
0.113408 0.118559 0.106228 9.9991E-05 0.549239 0.035833 0.076632
0.0711356 0.406193 9.9991E-05 0.0906814 0.262655 0.00763821 0.161597
0.0810289 0.158829 0.0959917 9.9982E-05 0.622048 9.9982E-05 0.0419018
9.9991E-05 0.270108 0.0805459 0.0344405 0.441948 0.103961 0.0688958
0.0876018 0.0721872 0.0354339 0.0662016 0.528398 0.125793 0.0843845
0.005632 0.0652495 0.023615 0.335483 0.500877 0.0690438 9.9991E-05
0.109353 0.0201132 0.102559 0.115257 0.413218 0.227223 0.0122763
0.169771 0.11471 9.9982E-05 0.185508 0.478012 0.0517989 9.9982E-05
9.9991E-05 0.137996 0.075242 0.0154679 0.506385 0.179075 0.0857341
0.0818527 0.143829 0.0306002 0.153619 0.418241 0.171758 9.9991E-05
0.140788 0.298221 0.095913 9.9982E-05 0.460647 9.9982E-05 0.00423167
0.0132884 0.0368898 0.137844 0.121422 0.427903 0.199877 0.062776
0.473555 0.168427 0.0698979 0.137302 0.0142808 0.136437 9.9991E-05
0.0701199 0.230183 9.9982E-05 0.0043361 0.491189 0.203972 9.9982E-05
0.0122605 0.064693 0.0914617 0.155169 0.441837 0.234479 9.9991E-05
0.0890502 0.065181 0.0820838 0.0343828 0.492749 0.236453 9.9991E-05
0.174374 0.182227 0.0652897 0.132566 0.324713 0.111978 0.00885101
0.0822115 0.0275189 0.0736691 0.229646 0.500164 0.0866908 9.9991E-05
0.121695 0.0223084 9.9982E-05 0.209148 0.517675 0.128973 9.9982E-05
0.357163 9.9973E-05 0.0224045 0.433119 9.9973E-05 0.187014 9.9973E-05
9.9982E-05 0.0371485 0.0102267 0.212445 0.553964 0.186016 9.9982E-05
0.0829376 0.079285 9.9982E-05 0.108495 0.489517 0.239566 9.9982E-05
0.134478 0.0712609 0.0239896 0.11578 0.540984 0.109347 0.0041604
0.132596 0.0293737 9.9982E-05 0.121537 0.492333 0.22396 9.9982E-05
0.0705767 0.111573 0.0173217 0.136867 0.527682 0.135879 9.9991E-05
0.180763 9.9982E-05 0.236368 9.9982E-05 0.396532 0.0684911 0.117646
0.180563 0.114922 0.122541 0.053085 0.432942 0.095847 9.9991E-05
0.311742 0.11442 0.553588 9.9982E-05 0.0137153 9.9982E-05 0.00633498
0.315224 0.00550792 0.531413 9.9982E-05 0.0282985 9.9982E-05 0.119356
0.129317 0.0956079 0.106998 0.0864785 0.513298 0.0682015 9.9991E-05
0.162188 0.0281709 9.9982E-05 0.132643 0.375164 0.301634 9.9982E-05
0.106025 9.9982E-05 0.156142 0.0552759 0.258019 0.424338 9.9982E-05
0.298476 0.0315074 0.0193589 0.162646 0.163945 0.323967 9.9991E-05
0.0647452 0.0975417 0.10195 0.0991531 0.284586 0.351925 9.9991E-05
0.52338 9.9982E-05 0.261993 9.9982E-05 0.125953 0.0854778 0.00299597
0.348673 9.9982E-05 0.271018 0.085955 0.22525 0.068903 9.9982E-05
0.0548444 0.115782 0.149457 9.9982E-05 0.536581 0.143135 9.9982E-05
0.0954406 0.0130811 0.186025 0.0899156 0.492761 0.119392 0.00338466
0.223875 9.9991E-05 0.361314 0.0463694 0.165198 0.175165 0.0279783
0.0239838 0.0446679 0.268345 0.0840459 0.438993 0.101131 0.0388329
0.192077 9.9982E-05 0.149948 0.0233764 0.531685 0.102714 9.9982E-05
0.0423803 0.0977549 0.218176 0.102692 0.420556 0.103067 0.0153731
0.21114 0.0982919 0.304578 9.9982E-05 0.339429 9.9982E-05 0.0463611
0.115976 0.139655 0.363412 9.9982E-05 0.312285 0.0684717 9.9982E-05
0.113208 0.0802841 0.193743 0.0026867 0.467159 0.079714 0.0632044
0.183259 9.9982E-05 0.193753 9.9982E-05 0.410682 0.0500333 0.162072
0.34243 9.9991E-05 0.0622137 0.0319834 0.516614 0.0457028 0.000956011
0.241501 0.0132068 0.150959 9.9982E-05 0.532297 9.9982E-05 0.061836
0.294874 9.9973E-05 0.372099 9.9973E-05 0.235791 9.9973E-05 0.0969355
0.0718954 0.0287234 0.171669 0.0722877 0.613784 9.9991E-05 0.0415403
0.249879 0.0711613 0.429027 9.9991E-05 0.215043 0.0042276 0.0305609
0.170955 9.9982E-05 0.290359 0.0676248 0.423311 9.9982E-05 0.0475507
0.0104453 0.00700805 0.235836 0.0941722 0.584772 0.0485007 0.0192662
0.114579 0.102957 0.322638 9.9982E-05 0.345712 0.113914 9.9982E-05
0.111789 0.08787 0.0265426 0.14009 0.463595 0.170013 9.9991E-05
0.210881 9.9991E-05 0.0474682 0.0773222 0.483899 0.148593 0.0317369
0.0958865 0.068752 0.0298223 0.124537 0.338428 0.27063 0.0719446
0.159456 0.0239092 9.9991E-05 0.18793 0.378783 0.179323 0.0704991
0.0958564 0.0275186 0.0201718 0.0488269 0.50795 0.208717 0.0909589
0.162377 9.9991E-05 0.0927639 0.152661 0.407756 0.154005 0.030337
0.456592 9.9982E-05 0.193702 0.0789128 9.9982E-05 0.171782 0.0988116
0.111167 9.9982E-05 9.9982E-05 0.0439607 0.588812 0.16827 0.0875901
0.451672 0.0365544 0.0231051 0.334251 9.9982E-05 0.154217 9.9982E-05
0.104773 0.0752282 0.0215252 0.0276166 0.50959 0.249493 0.0117734
0.370071 9.9964E-05 0.487806 9.9964E-05 0.141723 9.9964E-05 9.9964E-05
0.34699 0.0445932 0.583144 9.9973E-05 9.9973E-05 9.9973E-05 0.0249726
0.155502 0.0611294 0.234376 9.9991E-05 0.529979 0.00451101 0.0144033
0.178557 0.0805568 0.130331 9.9973E-05 0.610255 9.9973E-05 9.9973E-05
0.244589 0.0534521 0.299146 9.9982E-05 0.397799 9.9982E-05 0.00481308
0.0792672 9.9982E-05 0.379171 9.9982E-05 0.496897 0.0294782 0.014987
0.135753 0.117754 0.201065 9.9982E-05 0.539899 9.9982E-05 0.00532989
0.0596872 0.00932486 0.0158027 0.791234 0.043296 0.0445012 0.0361542
0.00778843 9.9982E-05 0.00651609 0.726515 9.9982E-05 0.0993414 0.159639
9.9964E-05 0.0451227 9.9964E-05 0.882657 9.9964E-05 0.0718207 9.9964E-05
9.9955E-05 9.9955E-05 9.9955E-05 0.942687 0.0568133 9.9955E-05 9.9955E-05
0.0207791 0.0388726 0.248384 0.0534059 0.56686 0.00659588 0.0651025
9.9982E-05 9.9982E-05 0.383373 0.0723981 0.485272 0.0437304 0.0150263
9.9964E-05 0.0575914 0.436077 9.9964E-05 0.505932 9.9964E-05 9.9964E-05
9.9982E-05 0.0511662 0.144622 0.129573 0.661253 0.013185 9.9982E-05
0.00199773 9.9991E-05 0.31495 0.0520999 0.361469 0.128316 0.141067
0.0571411 0.11604 0.505735 0.0267482 0.22302 9.9991E-05 0.0712158
9.9973E-05 0.0848884 0.259162 9.9973E-05 0.575589 0.0800611 9.9973E-05
0.127517 9.9964E-05 0.564944 9.9964E-05 0.30714 9.9964E-05 9.9964E-05
0.0159153 0.165521 9.9991E-05 0.230426 0.397478 0.166487 0.024073
0.121132 0.105532 0.329389 9.9991E-05 0.368354 0.0453055 0.0301876
9.9973E-05 0.105496 0.49649 9.9973E-05 0.360887 9.9973E-05 0.0368268
9.9973E-05 0.0746695 0.381046 9.9973E-05 0.543662 0.000322153 9.9973E-05
9.9982E-05 0.0782451 0.399751 0.0505511 0.435788 9.9982E-05 0.0354643
9.9973E-05 0.00606519 0.376395 9.9973E-05 0.585686 9.9973E-05 0.0315547
9.9964E-05 9.9964E-05 0.472307 0.0669946 0.460298 9.9964E-05 9.9964E-05
9.9955E-05 9.9955E-05 0.934288 9.9955E-05 0.0652124 9.9955E-05 9.9955E-05
0.0656993 0.0951229 0.596403 0.0186526 0.182349 0.0416729 9.9991E-05
0.00905396 9.9982E-05 0.565942 9.9982E-05 0.322687 0.00602914 0.0960879
0.158091 9.9955E-05 0.841409 9.9955E-05 9.9955E-05 9.9955E-05 9.9955E-05
9.9991E-05 0.0729472 0.383673 0.0461738 0.387697 0.0587124 0.0506962
0.244652 9.9973E-05 0.622368 9.9973E-05 0.126622 9.9973E-05 0.00605766
0.230955 9.9964E-05 0.750084 0.0185609 9.9964E-05 9.9964E-05 9.9964E-05
9.9982E-05 0.0278311 0.341608 0.00857566 0.619025 0.00276104 9.9982E-05
9.9991E-05 0.115528 0.644077 0.0540293 0.131433 0.0202163 0.0346166
9.9991E-05 0.0658496 0.415259 0.0345817 0.430351 0.0263877 0.0274711
0.0635892 0.0655945 0.257105 0.0388941 0.42175 0.152967 9.9991E-05
9.9982E-05 0.0865831 0.266862 0.0450894 0.571484 9.9982E-05 0.0297819
0.139513 0.484151 9.9973E-05 9.9973E-05 0.339346 9.9973E-05 0.0366902
9.9973E-05 9.9973E-05 0.3711 9.9973E-05 0.514819 0.0831445 0.0306361
9.9982E-05 0.210743 0.309963 0.000328568 0.414877 0.0638881 9.9982E-05
9.9955E-05 9.9955E-05 0.628204 9.9955E-05 0.371296 9.9955E-05 9.9955E-05
0.184093 9.9982E-05 0.2026 0.0507246 0.553392 9.9982E-05 0.00898953
0.0603454 0.0836294 0.038533 0.621281 9.9982E-05 9.9982E-05 0.196011
0.013585 0.0602667 0.0848488 0.738562 0.0679053 9.9991E-05 0.0347326
0.0487325 0.0565297 9.9973E-05 0.799553 9.9973E-05 9.9973E-05 0.0948852
0.0592653 0.00547261 9.9973E-05 0.789382 9.9973E-05 9.9973E-05 0.14558
0.084301 9.9973E-05 9.9973E-05 0.713763 0.0239964 9.9973E-05 0.17764
9.9991E-05 0.155514 0.668801 0.0441192 0.101634 0.00287257 0.0269584
0.00696978 0.18372 0.601389 0.0652052 0.127077 9.9991E-05 0.0155393
0.0300239 9.9973E-05 0.834539 9.9973E-05 0.117502 0.0176351 9.9973E-05
0.0390486 0.0387753 0.174998 0.0862453 0.660733 9.9982E-05 9.9982E-05
9.9982E-05 0.0789836 0.263392 0.0827809 0.500716 0.0739278 9.9982E-05
0.157234 9.9973E-05 0.565854 9.9973E-05 0.231148 0.0454647 9.9973E-05
0.0575041 9.9973E-05 0.283946 9.9973E-05 0.543601 0.114649 9.9973E-05
9.9973E-05 9.9973E-05 0.491085 0.045413 0.365877 0.0973254 9.9973E-05
9.9991E-05 0.0473495 0.329303 0.0263021 0.58524 0.00510698 0.00659846
0.165108 0.0130764 0.216466 9.9991E-05 0.566992 0.0264105 0.011847
9.9982E-05 0.0588183 0.587474 9.9982E-05 0.247722 0.0321063 0.0736788
9.9982E-05 0.138292 0.537259 0.0135872 0.308385 0.00227629 9.9982E-05
9.9973E-05 0.170165 0.432545 9.9973E-05 0.329549 9.9973E-05 0.0674409
0.178756 0.12595 9.9991E-05 0.0504733 0.608429 0.00764501 0.0286459
9.9982E-05 0.00054431 0.545263 0.0113703 0.393931 9.9982E-05 0.0486909
0.0208721 0.0119421 0.425674 0.055996 0.458578 0.0197691 0.00716927
0.0202721 0.0230182 0.0359412 0.0724625 0.417369 0.382945 0.0479915
9.9973E-05 9.9973E-05 9.9973E-05 0.128544 0.302211 0.495087 0.0738577
0.081847 9.9982E-05 9.9982E-05 0.0422107 0.412628 0.461429 0.00168576
0.0697449 0.00359625 0.0125584 0.136108 0.34978 0.428112 9.9991E-05
0.0615699 0.0149373 9.9991E-05 0.0513938 0.529414 0.261913 0.080672
0.183929 0.0314492 0.287437 9.9982E-05 0.464917 0.0320675 9.9982E-05
0.0675335 9.9973E-05 9.9973E-05 0.288493 0.012971 0.630703 9.9973E-05
9.9973E-05 9.9973E-05 0.0878445 0.14903 0.243501 0.519324 9.9973E-05
0.196639 9.9991E-05 0.0864087 0.0289489 0.496337 0.144839 0.0467274
0.154339 0.116321 9.9982E-05 0.127891 0.571381 0.0298673 9.9982E-05
0.266662 0.146806 0.00303901 0.1111 0.470745 0.00154738 9.9991E-05
0.113006 0.0202294 0.0970728 0.0133346 0.571913 0.100229 0.0842151
0.129339 0.0765266 0.0163788 0.0556327 0.632212 0.0330833 0.0568275
0.00795798 9.9973E-05 9.9973E-05 0.169096 0.292804 0.529842 9.9973E-05
0.00469293 0.0453624 0.0387432 0.161243 0.374418 0.375441 9.9991E-05
0.0396666 9.9973E-05 9.9973E-05 0.0663068 0.427419 0.466308 9.9973E-05
0.0224448 0.101778 0.031824 0.0246964 0.436503 0.342033 0.0407213
0.0192573 9.9982E-05 0.0996591 0.113032 0.253128 0.514724 9.9982E-05
9.9982E-05 0.142262 9.9982E-05 0.11259 0.383483 0.328061 0.0334043
9.9982E-05 0.0212001 9.9982E-05 0.132911 0.152753 0.586912 0.106024
0.0308843 0.0546906 0.00352882 0.00413318 0.424287 0.381978 0.100498
0.309286 9.9982E-05 9.9982E-05 0.0414001 0.619709 0.018984 0.0104212
9.9982E-05 0.0478006 9.9982E-05 0.224763 0.351047 0.328368 0.0478214
0.0513938 9.9982E-05 9.9982E-05 0.0978506 0.107589 0.69134 0.0516262
0.0445296 0.0581508 0.0702322 0.1187 0.297406 0.409235 0.00174576
0.312599 0.200685 0.0341169 0.110808 0.200389 9.9991E-05 0.141301
0.218713 0.201304 9.9973E-05 9.9973E-05 0.510197 0.0694869 9.9973E-05
0.0594424 0.126449 0.00683546 0.0745916 0.323806 0.35361 0.0552658
0.129061 0.0653176 9.9991E-05 0.0546635 0.651617 0.0362023 0.0630386
0.147851 0.111356 9.9982E-05 0.147056 0.496757 9.9982E-05 0.0967788
0.0913537 9.9991E-05 0.0929765 0.175111 0.259904 0.314497 0.0660581
0.139031 9.9973E-05 9.9973E-05 0.254602 0.342927 0.263139 9.9973E-05
0.0185848 0.0172114 0.121696 0.0484305 0.558491 0.152761 0.0828244
9.9982E-05 9.9982E-05 0.162999 0.137197 0.327511 0.349493 0.0225996
0.0220256 0.0503957 9.9991E-05 0.0656965 0.382323 0.468964 0.0104947
0.0659673 9.9982E-05 9.9982E-05 0.189474 0.118209 0.593584 0.0325662
0.092827 9.9991E-05 0.128099 0.0588292 0.582043 0.0942677 0.0438342
0.163271 0.124635 0.06813 0.0721302 0.505879 9.9991E-05 0.0658551
0.642119 9.9982E-05 0.0643699 0.0338333 0.246399 9.9982E-05 0.0130793
0.0879326 0.0913064 0.0328376 0.11639 0.587724 0.0568386 0.0269704
0.120528 0.321791 0.0741601 0.00945125 0.294449 0.0724118 0.107209
0.119584 0.0112554 0.0661383 0.178785 0.479268 0.144869 9.9991E-05
0.184449 0.0761133 0.0483058 0.070233 0.469401 0.138718 0.0127806
0.561795 9.9964E-05 9.9964E-05 0.225453 9.9964E-05 0.212353 9.9964E-05
0.680661 9.9964E-05 9.9964E-05 0.229303 9.9964E-05 0.0896367 9.9964E-05
0.412149 0.0268103 0.0330536 0.0893874 0.358476 0.0800237 9.9991E-05
0.421873 0.0732225 9.9982E-05 0.264307 0.0384648 0.201933 9.9982E-05
0.414925 9.9964E-05 9.9964E-05 0.363362 9.9964E-05 0.221313 9.9964E-05
0.335864 9.9991E-05 0.0026276 0.0756433 0.411944 0.165587 0.00823419
0.20224 0.110673 9.9982E-05 0.177692 0.424154 0.0850406 9.9982E-05
0.379902 9.9991E-05 0.00386413 0.194425 0.267756 0.109284 0.0446698
0.511589 0.0399295 9.9982E-05 0.191033 0.113518 0.143731 9.9982E-05
0.233432 0.0483202 0.0117315 0.152516 0.443988 0.109912 9.9991E-05
0.366044 0.161543 0.0929318 0.207055 0.100728 0.0715968 9.9991E-05
0.615525 9.9964E-05 9.9964E-05 0.335251 9.9964E-05 0.0488239 9.9964E-05
0.0560923 0.121505 0.0377099 0.10713 0.515662 0.161801 9.9991E-05
0.282357 0.0724713 0.0120864 0.0428443 0.333489 0.256652 9.9991E-05
9.9982E-05 0.100091 0.0326675 0.255543 0.44916 0.162338 9.9982E-05
9.9964E-05 9.9964E-05 9.9964E-05 0.18064 0.535494 0.283466 9.9964E-05
9.9982E-05 9.9982E-05 0.117275 0.102964 0.495793 0.263911 0.019858
0.154945 0.0369934 9.9991E-05 0.108071 0.448801 0.235531 0.0155577
0.0339542 0.0914249 9.9991E-05 0.310597 0.31813 0.24532 0.000473596
0.0877552 0.0623972 9.9982E-05 0.176083 0.547238 0.126326 9.9982E-05
0.0771743 0.0748068 9.9982E-05 0.14061 0.411311 0.295898 9.9982E-05
0.165426 9.9991E-05 0.0453039 0.227285 0.307301 0.25354 0.00104351
0.0264012 0.186731 0.211804 0.165754 0.23926 0.151158 0.0188904
0.0473974 0.134295 0.00199192 0.128228 0.471308 0.119376 0.0974039
0.109258 0.0275495 0.00563008 0.126931 0.464663 0.209484 0.0564843
0.0236291 0.00622252 0.204515 0.0934548 0.44618 0.153866 0.0721319
0.120098 0.0102718 9.9982E-05 0.231912 0.394232 0.243286 9.9982E-05
0.0551108 9.9982E-05 9.9982E-05 0.163139 0.564285 0.193631 0.0236345
0.247934 9.9982E-05 0.0211361 0.340372 0.203405 0.186953 9.9982E-05
0.00364581 0.18231 9.9982E-05 0.0913854 0.525162 0.197297 9.9982E-05
0.209951 0.0561262 9.9982E-05 0.23919 0.18902 0.305513 9.9982E-05
0.018522 9.9973E-05 0.0705983 0.806195 9.9973E-05 9.9973E-05 0.104384
0.0181579 0.171305 0.006475 0.103872 0.0595524 0.0198657 0.620772
9.9964E-05 0.0932736 0.0029025 9.9964E-05 9.9964E-05 9.9964E-05 0.903424
9.9955E-05 0.0724179 9.9955E-05 9.9955E-05 9.9955E-05 9.9955E-05 0.927082
9.9973E-05 0.041104 9.9973E-05 9.9973E-05 0.0431752 0.0229773 0.892444
9.9964E-05 0.0483448 9.9964E-05 9.9964E-05 9.9964E-05 0.0531013 0.898154
9.9964E-05 0.00133274 9.9964E-05 9.9964E-05 0.0982894 9.9964E-05 0.899978
9.9964E-05 0.106695 9.9964E-05 0.00233517 9.9964E-05 9.9964E-05 0.89057
9.9982E-05 0.0400384 9.9982E-05 0.177147 0.0189813 0.0107406 0.752892
0.022989 9.9982E-05 0.0708202 0.851676 9.9982E-05 0.0449334 0.00938113
9.9982E-05 0.0586872 9.9982E-05 0.76344 0.00291787 0.0735802 0.101174
0.00855206 9.9982E-05 0.0390487 0.869026 9.9982E-05 0.0669253 0.0162481
0.0697712 0.118502 9.9982E-05 0.788586 0.014214 9.9982E-05 0.00872695
9.9964E-05 0.0514843 9.9964E-05 0.871121 9.9964E-05 0.0769947 9.9964E-05
9.9982E-05 0.0228337 0.00170993 0.873201 9.9982E-05 0.0177466 0.084309
0.0497383 0.0331519 9.9982E-05 0.70203 9.9982E-05 0.151777 0.0631028
0.0118233 0.00710092 0.00314193 0.815264 0.033709 0.12886 9.9991E-05
9.9982E-05 0.0176589 0.0360735 0.6811 9.9982E-05 0.150044 0.114924
9.9964E-05 9.9964E-05 0.014784 0.907319 9.9964E-05 0.0774974 9.9964E-05
0.00275022 9.9973E-05 0.0364865 0.955808 9.9973E-05 9.9973E-05 0.00465563
0.0788982 0.0136781 9.9982E-05 0.8273 9.9982E-05 0.054631 0.0252923
9.9964E-05 9.9964E-05 9.9964E-05 0.909774 9.9964E-05 0.0203122 0.0695136
0.0262789 9.9973E-05 9.9973E-05 0.87172 0.0660217 0.0356796 9.9973E-05
9.9973E-05 9.9973E-05 0.0137328 0.863864 0.0870694 0.0350344 9.9973E-05
9.9964E-05 9.9964E-05 9.9964E-05 0.866572 0.129429 0.00359878 9.9964E-05
9.9964E-05 9.9964E-05 9.9964E-05 0.767396 0.113382 0.118822 9.9964E-05
9.9964E-05 9.9964E-05 9.9964E-05 0.783981 0.148005 0.0676135 9.9964E-05
9.9973E-05 9.9973E-05 0.00964643 0.824391 0.143245 0.0224176 9.9973E-05
0.213295 0.0728948 0.0808296 0.110093 0.437533 9.9991E-05 0.085255
0.149558 9.9982E-05 0.0467381 0.0698546 0.68341 9.9982E-05 0.0502394
0.0661318 0.0577058 0.143597 0.0914917 0.481945 0.125249 0.0338793
0.611094 9.9973E-05 0.179654 9.9973E-05 0.183602 9.9973E-05 0.0253511
0.167241 0.152191 0.0441309 0.0782595 0.519055 0.0340569 0.00506534
0.670168 9.9973E-05 0.0768063 0.0485985 0.204128 9.9973E-05 9.9973E-05
0.232872 9.9973E-05 9.9973E-05 0.0105169 0.713305 9.9973E-05 0.043006
0.26595 9.9982E-05 0.0620583 0.0536776 0.456117 9.9982E-05 0.161998
0.319281 0.0338729 9.9982E-05 0.0207862 0.575255 9.9982E-05 0.0506047
0.0343386 9.9982E-05 0.346034 0.0563008 0.469835 9.9982E-05 0.0932917
0.272076 0.0104324 0.0343584 0.0723885 0.469252 9.9991E-05 0.141392
0.197105 0.0686505 0.0400171 0.0253289 0.597841 9.9991E-05 0.0709575
0.187702 9.9973E-05 9.9973E-05 0.0368441 0.635067 9.9973E-05 0.140087
0.176843 0.427107 0.198455 9.9982E-05 9.9982E-05 0.0111811 0.186213
0.739342 9.9973E-05 0.161999 9.9973E-05 0.00643263 9.9973E-05 0.091927
0.67757 9.9964E-05 9.9964E-05 9.9964E-05 0.221499 9.9964E-05 0.100532
0.153651 0.066509 0.0277353 0.117873 0.607774 0.0263571 9.9991E-05
0.286782 0.0591157 9.9982E-05 0.0951443 0.548852 9.9982E-05 0.00990618
0.231123 9.9982E-05 0.065093 0.0982896 0.59008 9.9982E-05 0.015214
0.0967382 9.9991E-05 0.109756 0.0210689 0.662245 0.102804 0.00728778
