0.0180845 9.9973E-05 0.0125399 0.860103 9.9973E-05 9.9973E-05 0.076321 0.0326519
0.0817756 9.9955E-05 9.9955E-05 0.890615 0.02711 9.9955E-05 9.9955E-05 9.9955E-05
9.9964E-05 9.9964E-05 0.0309426 0.794448 9.9964E-05 0.149978 0.0242323 9.9964E-05
0.0256405 9.9973E-05 0.0654746 0.788404 9.9973E-05 0.0583526 0.0618281 9.9973E-05
9.9964E-05 9.9964E-05 0.0357148 0.842545 9.9964E-05 0.0699164 0.0514237 9.9964E-05
9.999E-05 0.1528 0.072007 0.559673 0.021614 0.0309047 0.114693 0.0482084
0.0989007 0.0979137 9.9964E-05 0.77383 0.0289559 9.9964E-05 9.9964E-05 9.9964E-05
9.9973E-05 0.064835 0.0384791 0.682415 0.0969805 9.9973E-05 0.11699 9.9973E-05
9.99639E-05 0.0420431 9.99639E-05 0.818972 9.99639E-05 9.99639E-05 0.088945 0.0496397
9.9982E-05 0.0853351 0.0912032 0.669935 0.0138232 0.0905556 0.0489483 9.9982E-05
0.007854 0.165707 9.9982E-05 0.693725 0.00915865 0.0154775 0.107877 9.9982E-05
0.817633 9.9964E-05 0.0609379 9.9964E-05 9.9964E-05 0.0791723 9.9964E-05 0.0418566
0.378851 9.9982E-05 0.0858742 9.9982E-05 0.0477867 0.417391 0.0662264 0.00367084
0.698238 0.00457065 0.046513 0.0519484 0.0449724 0.153558 9.9982E-05 9.9982E-05
0.606549 9.9964E-05 0.129656 0.0603168 9.9964E-05 0.203079 9.9964E-05 9.9964E-05
0.439657 0.0584901 0.0784339 0.119837 9.9982E-05 0.292342 0.0110408 9.9982E-05
0.276107 9.9973E-05 0.0970219 0.0215558 0.0183441 0.586671 9.9973E-05 9.9973E-05
0.386753 0.00452844 0.0881602 9.9982E-05 9.9982E-05 0.378311 0.0243423 0.117705
0.574355 9.9973E-05 0.100705 0.0627736 9.9973E-05 0.229896 9.9973E-05 0.0319704
0.833939 0.0585187 9.9964E-05 0.0347181 9.9964E-05 9.9964E-05 0.0724247 9.9964E-05
0.38659 0.0461804 0.0590869 9.9982E-05 9.9982E-05 0.296947 0.0817132 0.129283
0.266553 0.186364 0.00643236 9.9973E-05 9.9973E-05 0.464645 0.0757057 9.9973E-05
0.305491 0.054481 0.0354792 0.052481 9.9982E-05 0.518464 9.9982E-05 0.0334035
0.692416 0.00711193 0.0754823 9.9973E-05 9.9973E-05 0.182848 9.9973E-05 0.0418424
0.0213405 0.0849692 0.0542566 0.0960332 0.0320794 0.670236 9.9991E-05 0.0409848
0.454837 0.0229359 0.0571798 0.0277229 0.000583965 0.436541 9.9982E-05 9.9982E-05
0.822456 9.9964E-05 0.143088 9.9964E-05 0.00119767 0.0328583 9.9964E-05 9.9964E-05
0.78624 9.9955E-05 0.190379 9.9955E-05 9.9955E-05 0.0228812 9.9955E-05 9.9955E-05
0.778869 0.0475626 0.0220944 0.0305687 0.0295741 0.0911314 9.9982E-05 9.9982E-05
9.9955E-05 9.9955E-05 0.0620041 0.836046 9.9955E-05 0.10145 9.9955E-05 9.9955E-05
9.9946E-05 9.9946E-05 9.9946E-05 0.825205 9.9946E-05 0.174195 9.9946E-05 9.9946E-05
0.0274981 9.9973E-05 0.0177125 0.789142 0.000634595 0.164713 9.9973E-05 9.9973E-05
9.9964E-05 9.9964E-05 0.161097 0.705181 9.9964E-05 0.0460053 9.9964E-05 0.0873173
0.00761537 0.0313508 9.9991E-05 0.0345861 0.0785055 0.558346 0.10506 0.184436
0.0381113 9.9982E-05 0.119944 0.0655843 9.9982E-05 0.418401 0.0648069 0.292952
9.9955E-05 9.9955E-05 0.0403336 9.9955E-05 9.9955E-05 0.529622 9.9955E-05 0.429544
0.567471 9.9991E-05 0.0239285 0.108577 0.0452759 0.0121428 0.22488 0.0176245
0.023417 9.9991E-05 0.015306 0.0342996 0.0306785 0.320016 0.0129189 0.563264
0.176033 0.0158106 0.0116098 0.0186519 0.0900194 0.528825 0.0115074 0.147544
9.9982E-05 0.0319047 9.9982E-05 0.0737815 0.0409237 0.673392 0.0398592 0.139939
0.0838601 0.159553 9.9982E-05 0.0350208 9.9982E-05 0.608819 0.0587929 0.0537537
0.0526018 0.0328606 0.00436962 0.0595142 0.0187045 0.595891 0.0951079 0.14095
0.219584 0.0190992 9.9982E-05 0.0566945 9.9982E-05 0.106793 0.00248605 0.595144
0.07891 0.203169 0.0442101 0.0386576 9.9982E-05 0.542567 9.9982E-05 0.0922864
0.00605114 0.0593261 0.106838 0.0539917 0.0291953 0.537135 0.0140855 0.193378
9.9973E-05 0.132202 9.9973E-05 0.0744175 0.0270529 0.693049 9.9973E-05 0.0729785
9.9955E-05 9.9955E-05 9.9955E-05 9.9955E-05 0.0489035 0.289836 9.9955E-05 0.660761
0.0407465 0.00677725 0.0771713 0.00511113 9.9991E-05 0.636003 0.0145024 0.219589
0.165852 9.9982E-05 0.0528038 0.104548 9.9982E-05 0.532902 0.0392813 0.104413
9.9973E-05 0.231798 9.9973E-05 0.032809 0.00550801 9.9973E-05 0.0219069 0.707679
0.335539 0.131878 9.9982E-05 9.9982E-05 0.00708043 0.130032 0.153144 0.242127
0.393421 0.300172 0.0579784 9.9982E-05 0.0460461 0.00915156 9.9982E-05 0.193031
0.116748 0.0806533 0.0629619 0.0840899 9.9991E-05 0.551228 0.0338097 0.0704101
0.197495 0.0282659 0.0492713 0.0604335 0.132808 0.531526 9.9982E-05 9.9982E-05
0.078022 0.0278088 0.0917839 0.046911 0.094596 0.566489 0.0812389 0.0131502
0.248563 0.135023 9.9991E-05 0.0749294 0.016792 0.164094 0.183042 0.177456
0.123137 0.0654642 9.9982E-05 9.9982E-05 0.0287183 0.57404 0.174196 0.0342444
0.0800663 0.193551 0.0498202 0.0764108 9.9991E-05 0.547447 0.0514646 0.00113976
0.314506 0.0284981 0.0262052 0.113591 0.0273837 0.32272 9.9991E-05 0.166995
0.497082 0.165464 0.0205905 0.175403 9.9982E-05 0.0650567 9.9982E-05 0.0762034
0.0333836 0.136253 0.0116367 0.064381 0.017018 0.56066 0.0850607 0.0916075
0.393434 9.9991E-05 0.0114776 0.0818707 0.119101 0.31096 0.0733783 0.0096783
0.576283 0.15885 9.9973E-05 0.00632232 9.9973E-05 9.9973E-05 0.144228 0.114017
0.3785 0.0646632 0.0215501 9.9991E-05 0.0188745 0.471546 0.0315068 0.0132593
0.166091 0.0649527 0.0930927 9.9982E-05 0.150434 0.502565 9.9982E-05 0.0226653
0.118239 0.0729897 0.0787296 0.114911 0.0427787 0.440276 0.04803 0.0840471
0.445787 0.00782661 0.0460476 0.0483753 0.113049 0.221368 0.0120817 0.105465
0.370281 0.0543068 0.0493159 9.9991E-05 0.0776784 0.356538 0.0038056 0.0879745
9.9982E-05 9.9982E-05 0.0437282 0.0370066 0.0698646 0.576753 0.253651 0.0187974
0.568999 0.0580388 9.9991E-05 0.00556517 0.0490179 0.119252 0.0876534 0.111374
9.9973E-05 0.0198195 9.9973E-05 9.9973E-05 0.0137768 0.538014 0.0335832 0.394506
0.198745 9.9973E-05 0.0199571 0.0151178 9.9973E-05 0.121816 9.9973E-05 0.644064
0.0448327 9.9991E-05 0.0412322 0.113043 0.0254821 0.575242 0.0211942 0.178875
9.9946E-05 0.101696 9.9946E-05 9.9946E-05 9.9946E-05 9.9946E-05 9.9946E-05 0.897704
0.0403567 0.0442999 0.00365096 9.9982E-05 0.0852384 9.9982E-05 0.0038674 0.822387
9.99501E-05 9.99501E-05 9.99501E-05 9.99501E-05 9.99501E-05 0.240945 9.99501E-05 0.758456
0.134227 9.9964E-05 9.9964E-05 9.9964E-05 9.9964E-05 0.418602 0.0221855 0.424586
9.9991E-05 0.0647751 0.0850869 0.0401139 0.0432922 0.544544 0.0593579 0.16273
0.0870679 9.9973E-05 9.9973E-05 0.0326731 0.0270281 0.424612 9.9973E-05 0.428319
0.0368041 9.9982E-05 0.0590776 0.0294845 9.9982E-05 0.151208 0.148668 0.574558
0.086417 9.9973E-05 9.9973E-05 0.0187198 9.9973E-05 0.204004 0.197827 0.492733
9.9982E-05 0.0214866 0.0856153 0.0866469 9.9982E-05 0.482374 0.0312983 0.292379
0.138807 9.9982E-05 0.0398681 0.0444836 0.0115313 0.224634 9.9982E-05 0.540476
0.0689587 0.00265329 9.9973E-05 0.0349706 9.9973E-05 0.424983 9.9973E-05 0.468134
9.9964E-05 0.0568927 9.9964E-05 9.9964E-05 0.0437265 0.359702 9.9964E-05 0.539278
9.9964E-05 0.214419 9.9964E-05 9.9964E-05 0.0981255 9.9964E-05 0.0100733 0.676983
0.0574871 0.0402214 9.9982E-05 0.0407255 9.9982E-05 0.608373 0.00196641 0.251027
0.0202473 9.9973E-05 0.053454 0.79236 9.9973E-05 0.0636091 0.0700298 9.9973E-05
9.9946E-05 9.9946E-05 9.9946E-05 0.901756 9.9946E-05 0.0976448 9.9946E-05 9.9946E-05
9.99559E-05 9.99559E-05 0.059942 0.831348 9.99559E-05 0.108211 9.99559E-05 9.99559E-05
9.9964E-05 0.0461334 9.9964E-05 0.885236 9.9964E-05 0.0400252 9.9964E-05 0.0282051
0.00211364 0.0209351 0.0218467 0.84587 9.9973E-05 0.108934 9.9973E-05 9.9973E-05
9.9973E-05 9.9973E-05 0.0247431 0.846419 0.0648386 0.0156538 0.048046 9.9973E-05
9.9964E-05 0.00450939 0.00356189 0.897936 9.9964E-05 0.093593 9.9964E-05 9.9964E-05
0.0997863 0.00942818 0.0639944 0.127284 0.0259891 0.491366 0.0482933 0.133858
0.0659892 0.00328133 0.0701652 0.00219233 0.0594064 0.585481 0.018486 0.194999
0.20733 9.9973E-05 9.9973E-05 0.00217425 0.0112015 9.9973E-05 0.0284845 0.75051
9.9982E-05 0.0227008 0.0925266 0.0779088 0.133568 0.498367 9.9982E-05 0.174729
0.163029 9.9982E-05 0.0132538 0.0446242 9.9982E-05 0.389048 0.0245092 0.365335
9.9982E-05 9.9982E-05 0.00372998 0.0558842 0.0849309 0.598159 0.00543465 0.251661
0.0434211 0.078861 0.0195861 0.0138485 0.0556732 0.502026 9.9991E-05 0.286484
9.9955E-05 9.9955E-05 0.144107 9.9955E-05 9.9955E-05 0.381013 9.9955E-05 0.47438
0.157429 9.9964E-05 9.9964E-05 0.0694318 9.9964E-05 9.9964E-05 0.08098 0.69176
0.0630516 9.9991E-05 0.0444699 0.133878 0.0801722 0.495094 0.00708733 0.176146
9.9982E-05 0.0774062 0.00511999 0.0748032 9.9982E-05 0.645766 0.0439035 0.152801
0.118066 0.0962006 0.0334763 0.164955 0.0048862 0.496161 9.9991E-05 0.0861553
9.9973E-05 0.120034 9.9973E-05 9.9973E-05 0.113497 0.327594 0.0378698 0.400705
9.9982E-05 0.0104332 9.9982E-05 0.00907065 0.0853967 0.525778 0.00971651 0.359405
0.104577 9.9964E-05 9.9964E-05 9.9964E-05 9.9964E-05 0.431839 0.0477985 0.415386
9.9964E-05 9.9964E-05 0.0731755 9.9964E-05 0.063809 0.278384 9.9964E-05 0.584232
0.134399 9.9964E-05 9.9964E-05 0.10439 9.9964E-05 0.37592 9.9964E-05 0.384891
9.9973E-05 0.0589418 9.9973E-05 0.132233 9.9973E-05 0.472814 0.107578 0.228133
0.387019 0.101514 9.9991E-05 0.0819912 0.159955 0.238433 0.0093666 0.0216212
0.219896 0.0501889 9.9973E-05 0.118715 9.9973E-05 0.455913 0.154986 9.9973E-05
0.088337 9.9982E-05 0.0425042 0.15748 0.207189 0.488762 0.0155277 9.9982E-05
0.0595228 0.0307949 0.0413383 0.0299331 0.0248985 0.608871 0.124331 0.0803102
0.425428 9.9982E-05 0.0130293 0.00750302 0.0103359 0.467296 0.0762086 9.9982E-05
0.265907 0.0336219 9.9973E-05 9.9973E-05 0.056564 0.511197 0.13241 9.9973E-05
0.370616 9.9973E-05 0.0285815 9.9973E-05 0.128353 0.346586 0.125563 9.9973E-05
0.0380526 0.0587443 0.0323864 0.114893 0.0463777 0.487492 0.10977 0.112284
0.0379257 0.0989462 9.9991E-05 0.0467863 0.0244681 0.615856 0.15317 0.0227477
0.179742 0.0739835 9.9982E-05 9.9982E-05 0.00240249 0.592058 0.0296454 0.121969
0.306653 9.9973E-05 9.9973E-05 0.040312 9.9973E-05 0.46464 0.118931 0.0691641
0.102904 0.0694576 0.0420395 0.0067217 0.0265183 0.637473 0.114786 9.9991E-05
0.114552 0.108438 0.0853352 0.0691966 0.01665 0.495637 9.9991E-05 0.110091
0.273124 9.9982E-05 0.100737 9.9982E-05 0.163425 0.425238 0.0274635 0.00981298
0.0464817 0.117205 9.9991E-05 0.045494 0.0726209 0.624417 0.0851793 0.00850258
0.215788 9.9982E-05 0.132826 9.9982E-05 0.0611769 0.508426 0.0745268 0.00705625
0.289193 0.167802 9.9982E-05 0.0591138 0.0751757 0.37384 0.0346756 9.9982E-05
0.128751 0.0540427 0.08771 9.9991E-05 0.0469017 0.57552 0.0540402 0.0529342
0.156632 0.0306779 0.0103043 0.0472664 0.075555 0.620348 0.0591169 9.9991E-05
0.40912 9.9982E-05 0.0631132 9.9982E-05 0.0982157 0.199085 0.11896 0.111305
0.28576 0.275823 0.0307063 9.9982E-05 0.164456 0.0954852 0.147569 9.9982E-05
0.138373 0.00880981 9.9982E-05 0.101613 9.9982E-05 0.492199 0.139791 0.119014
0.232828 0.165446 0.0370242 9.9991E-05 0.178206 0.0218357 0.168283 0.196278
0.530204 9.9982E-05 9.9982E-05 0.00235607 0.0940709 0.266696 0.0867875 0.0196849
0.362336 9.9973E-05 9.9973E-05 9.9973E-05 0.0257862 0.377572 0.0936325 0.140374
0.442368 9.9973E-05 9.9973E-05 0.0161754 9.9973E-05 0.289712 0.131512 0.119932
0.413121 0.0113838 0.00118917 9.9991E-05 0.0148699 0.286824 0.213918 0.0585941
0.164428 9.9964E-05 9.9964E-05 0.0978787 9.9964E-05 0.676196 9.9964E-05 0.0610972
0.0269637 0.0558162 0.0596739 0.0200365 0.0332196 0.626994 0.115648 0.0616481
0.208398 0.00861104 0.0652058 0.123068 0.00139329 0.397841 0.0438664 0.151616
0.319756 0.251422 0.0470327 9.9991E-05 0.0935098 0.0375861 0.0925803 0.158013
0.0905824 0.0695774 9.9982E-05 0.131556 0.0680578 0.551941 0.0880862 9.9982E-05
0.0807876 0.219804 0.0353294 0.0311793 9.9991E-05 0.499593 0.0181654 0.115042
0.130246 0.356733 9.9982E-05 0.13103 0.232979 9.9982E-05 0.0107814 0.138032
9.9982E-05 0.0137478 0.0785462 0.0641357 0.122089 0.627582 9.9982E-05 0.0936992
0.0885922 0.236193 9.9982E-05 0.133117 0.0452488 0.358067 9.9982E-05 0.138583
0.0897803 0.134905 0.0399879 0.103704 0.0206434 0.52574 0.0318875 0.0533514
0.101637 0.426154 9.9982E-05 0.0190595 9.9982E-05 0.354455 0.0249966 0.0734982
0.121069 0.398658 9.9991E-05 0.0131871 0.101476 0.203943 0.0739562 0.0876109
0.0714755 0.214745 9.9991E-05 0.0266229 0.0761377 0.409919 0.0624698 0.13853
0.0111585 0.119419 9.9982E-05 0.111821 0.0333779 0.575119 0.148904 9.9982E-05
0.236168 0.13942 0.145325 0.0465313 0.00972913 0.349329 9.9991E-05 0.0733973
0.160657 0.336526 0.172812 0.0244261 0.177788 9.9982E-05 9.9982E-05 0.12759
0.0610192 0.14538 0.0542319 0.0541487 9.9982E-05 0.498969 9.9982E-05 0.186051
0.20084 0.253969 9.9982E-05 9.9982E-05 0.0121452 0.346488 0.00973404 0.176624
0.169613 0.188605 9.9973E-05 9.9973E-05 0.104716 0.427139 9.9973E-05 0.109627
0.0386619 0.0952384 0.0656765 0.0942714 0.0832253 0.453081 9.9991E-05 0.169746
0.0620904 0.291401 0.221716 0.271538 0.0158061 0.132447 0.00490184 9.9991E-05
9.9955E-05 0.398605 0.12389 0.477005 9.9955E-05 9.9955E-05 9.9955E-05 9.9955E-05
9.9955E-05 0.493708 0.124911 0.380881 9.9955E-05 9.9955E-05 9.9955E-05 9.9955E-05
0.0395816 0.229538 0.379695 0.315696 9.9973E-05 0.0351897 9.9973E-05 9.9973E-05
0.00617144 0.257583 9.9964E-05 9.9964E-05 0.0670807 0.668765 9.9964E-05 9.9964E-05
0.0161995 0.110038 0.0701098 0.0965894 0.0895155 0.555186 0.0363321 0.0260297
0.0455347 9.9955E-05 0.689923 9.9955E-05 9.9955E-05 0.264042 9.9955E-05 9.9955E-05
0.21624 9.9973E-05 0.477126 0.0321861 9.9973E-05 0.230082 9.9973E-05 0.044066
9.9982E-05 9.9982E-05 0.365568 0.0614961 0.0462881 0.438875 0.0435772 0.0439954
0.0131714 0.386858 9.9973E-05 9.9973E-05 0.187222 0.286851 9.9973E-05 0.125598
9.9991E-05 0.136178 0.0200889 0.0776741 0.148848 0.480371 0.0455321 0.0912081
0.0704022 0.525114 9.9964E-05 9.9964E-05 0.156768 0.247315 9.9964E-05 9.9964E-05
0.0597447 0.16501 9.9973E-05 9.9973E-05 0.0512293 0.652774 9.9973E-05 0.0709425
0.196395 0.19714 9.9973E-05 9.9973E-05 0.16547 0.399843 9.9973E-05 0.0408519
0.0847683 0.211032 0.0487913 9.9991E-05 0.0751683 0.55779 0.0199067 0.00244422
0.124908 0.454374 9.9982E-05 9.9982E-05 0.128717 0.167632 0.037301 0.0868672
0.0436065 0.0814429 0.132221 0.0292296 0.0534255 0.560223 9.9991E-05 0.0997517
0.00174786 0.214159 0.00117515 0.0896061 0.0383383 0.504699 0.00564535 0.14463
0.0253725 9.9955E-05 0.972418 9.9955E-05 9.9955E-05 0.00170974 9.9955E-05 9.9955E-05
9.9955E-05 9.9955E-05 0.916519 9.9955E-05 0.0290718 0.0539095 9.9955E-05 9.9955E-05
0.1277 9.9991E-05 0.599016 0.0118632 0.00244462 0.164091 0.00313961 0.0916445
9.9964E-05 9.9964E-05 0.636955 0.0229457 9.9964E-05 0.309578 0.0301213 9.9964E-05
9.9955E-05 9.9955E-05 0.799304 9.9955E-05 9.9955E-05 0.147767 9.9955E-05 0.0524287
0.0413723 9.9946E-05 0.958028 9.9946E-05 9.9946E-05 9.9946E-05 9.9946E-05 9.9946E-05
9.9946E-05 9.9946E-05 0.967798 9.9946E-05 9.9946E-05 9.9946E-05 0.031602 9.9946E-05
0.0472368 9.9955E-05 0.866904 9.9955E-05 9.9955E-05 0.085359 9.9955E-05 9.9955E-05
9.9964E-05 9.9964E-05 0.962164 9.9964E-05 9.9964E-05 0.00636194 0.0275452 0.00352921
9.994E-05 9.994E-05 0.9993 9.994E-05 9.994E-05 9.994E-05 9.994E-05 9.994E-05
9.994E-05 9.994E-05 0.9993 9.994E-05 9.994E-05 9.994E-05 9.994E-05 9.994E-05
0.0302608 9.9964E-05 0.745868 0.0550282 9.9964E-05 0.168443 9.9964E-05 9.9964E-05
9.9964E-05 9.9964E-05 0.747849 0.119668 9.9964E-05 0.128192 9.9964E-05 0.00389132
9.9946E-05 9.9946E-05 0.97787 9.9946E-05 9.9946E-05 9.9946E-05 9.9946E-05 0.0215299
0.058934 0.0550467 0.369889 0.0579476 0.00512531 0.348953 0.0165862 0.0875187
0.0205726 0.0145201 0.661457 9.9973E-05 9.9973E-05 0.247677 0.0554741 9.9973E-05
9.9973E-05 9.9973E-05 0.723456 0.0213986 9.9973E-05 0.150574 0.0718433 0.032428
0.0172594 9.9964E-05 0.863511 9.9964E-05 9.9964E-05 0.113661 0.00516823 9.9964E-05
9.9964E-05 0.00304296 0.970263 9.9964E-05 0.0118227 0.0144716 9.9964E-05 9.9964E-05
9.9964E-05 9.9964E-05 0.865293 0.0121103 9.9964E-05 0.08787 0.0343269 9.9964E-05
9.9946E-05 0.00651056 0.99289 9.9946E-05 9.9946E-05 9.9946E-05 9.9946E-05 9.9946E-05
0.018862 9.9991E-05 0.664283 0.0256646 0.0585077 0.186606 0.00211784 0.0438587
9.9955E-05 9.9955E-05 0.916931 9.9955E-05 0.0245891 9.9955E-05 9.9955E-05 0.0579801
0.0886562 0.542917 0.0324479 0.282709 0.0064845 9.9982E-05 9.9982E-05 0.0465853
0.026137 0.21828 0.0733821 0.125806 0.00908177 0.427409 0.119804 9.9991E-05
9.9982E-05 0.230834 0.00920245 0.186735 9.9982E-05 0.455747 0.111758 0.00552469
9.9973E-05 0.455002 0.135051 0.149953 9.9973E-05 0.205385 0.0543094 9.9973E-05
0.0953037 0.139343 0.10548 0.0783876 0.0293126 0.550874 0.00119927 9.9991E-05
9.9982E-05 0.430948 0.102783 0.197027 0.064676 0.177713 9.9982E-05 0.0266527
0.180729 0.1359 0.0329275 0.155631 0.0679357 0.426677 9.9982E-05 9.9982E-05
9.9964E-05 0.384052 0.130533 0.096663 9.9964E-05 0.388352 9.9964E-05 9.9964E-05
0.0926807 0.194172 0.129473 0.0943448 9.9973E-05 0.489029 9.9973E-05 9.9973E-05
9.9964E-05 0.311901 0.148542 0.170847 9.9964E-05 0.368311 9.9964E-05 9.9964E-05
0.144989 0.120957 0.0458352 0.222232 9.9982E-05 0.458333 0.0074539 9.9982E-05
9.9982E-05 0.0494817 9.9982E-05 0.777894 0.0125991 0.0659251 0.0908372 0.00306267
9.9955E-05 9.9955E-05 0.0566825 0.907333 0.0354844 9.9955E-05 9.9955E-05 9.9955E-05
0.0109624 9.9964E-05 9.9964E-05 0.924496 9.9964E-05 0.00677082 0.0573707 9.9964E-05
9.9955E-05 9.9955E-05 9.9955E-05 0.918268 9.9955E-05 0.0391498 0.0420825 9.9955E-05
0.0303984 9.9973E-05 0.0213971 0.882527 9.9973E-05 0.0180595 0.0473177 9.9973E-05
0.00730283 9.9964E-05 0.0847698 0.883241 0.0242869 9.9964E-05 9.9964E-05 9.9964E-05
9.9964E-05 9.9964E-05 0.0842314 0.879666 9.9964E-05 0.0256434 0.0100598 9.9964E-05
9.9964E-05 0.0571376 9.9964E-05 0.88651 9.9964E-05 0.0162855 0.0396669 9.9964E-05
0.0431367 9.9964E-05 0.0222789 0.901236 9.9964E-05 9.9964E-05 9.9964E-05 0.0329486
0.000619175 0.0943776 0.0847292 0.812526 9.9973E-05 0.00744785 9.9973E-05 9.9973E-05
0.151563 9.9973E-05 9.9973E-05 0.644582 0.0164249 9.9973E-05 0.102573 0.0845569
0.110772 9.9973E-05 9.9973E-05 0.58803 0.0099662 9.9973E-05 0.21632 0.0746126
0.278561 0.0691632 9.9982E-05 0.509871 0.0390838 9.9982E-05 0.0830489 0.0200719
0.305127 0.0309364 9.9982E-05 0.480377 0.0368561 9.9982E-05 0.0666711 0.0798328
0.186488 0.105345 0.0139829 0.00599791 9.9991E-05 0.46537 0.0156007 0.207116
0.200742 9.9982E-05 0.0889337 9.9982E-05 0.0461564 0.350354 0.0251533 0.28846
0.228518 9.9982E-05 0.0566583 9.9982E-05 0.0555457 0.525322 0.0878429 0.0459125
0.408859 0.0829402 9.9973E-05 0.0118295 9.9973E-05 0.36017 9.9973E-05 0.135902
0.518908 9.9982E-05 0.0264307 9.9982E-05 0.0214755 0.0786623 0.232719 0.121605
9.9991E-05 0.125098 0.036389 0.0147865 0.0354408 0.626818 0.00439435 0.156973
0.0704714 9.9964E-05 9.9964E-05 9.9964E-05 9.9964E-05 0.52504 0.0707659 0.333323
0.0900567 0.0731836 9.9973E-05 9.9973E-05 9.9973E-05 0.418877 0.0618497 0.355733
9.9973E-05 0.00051596 0.0662394 9.9973E-05 0.0257547 0.271287 9.9973E-05 0.635903
9.9973E-05 9.9973E-05 0.0381769 0.0363418 9.9973E-05 0.625795 0.152751 0.146635
0.0694408 9.9973E-05 9.9973E-05 9.9973E-05 0.119515 0.404268 0.116695 0.28978
9.9964E-05 0.0301687 9.9964E-05 9.9964E-05 0.168425 9.9964E-05 0.030894 0.770113
0.149842 0.134243 0.0400164 0.0549154 9.9982E-05 0.50566 9.9982E-05 0.115123
0.0260634 0.171674 9.9973E-05 9.9973E-05 0.0991417 0.240697 9.9973E-05 0.462124
0.061803 9.9964E-05 9.9964E-05 9.9964E-05 0.172287 0.464361 9.9964E-05 0.301149
0.162346 9.9973E-05 9.9973E-05 0.00792511 9.9973E-05 0.108416 0.0647051 0.656307
9.9955E-05 0.130216 9.9955E-05 0.037191 9.9955E-05 9.9955E-05 0.832093 9.9955E-05
9.9973E-05 0.0884846 0.00640314 0.0465714 9.9973E-05 0.0279099 0.830331 9.9973E-05
9.9955E-05 0.0831007 9.9955E-05 9.9955E-05 0.000725965 9.9955E-05 0.915674 9.9955E-05
9.9964E-05 0.0322493 9.9964E-05 0.0659616 9.9964E-05 9.9964E-05 0.855109 0.0462798
0.00139199 0.0477424 0.0735469 9.9982E-05 9.9982E-05 0.0273776 0.809892 0.0398488
9.9973E-05 0.0348923 0.0207248 9.9973E-05 0.0242793 0.0769903 0.842813 9.9973E-05
9.9955E-05 9.9955E-05 0.0450391 0.861689 9.9955E-05 0.0927721 9.9955E-05 9.9955E-05
0.121239 9.9964E-05 9.9964E-05 0.779738 9.9964E-05 0.075046 0.0235772 9.9964E-05
0.000503214 0.0258212 0.0841267 0.758424 9.9973E-05 0.130825 9.9973E-05 9.9973E-05
0.134926 9.9964E-05 0.112503 0.729724 9.9964E-05 0.0224468 9.9964E-05 9.9964E-05
9.9964E-05 0.081158 0.0551067 0.763007 9.9964E-05 0.100328 9.9964E-05 9.9964E-05
0.0221683 0.0478429 9.9973E-05 0.346675 9.9973E-05 9.9973E-05 0.508654 0.07436
9.9973E-05 0.0551405 9.9973E-05 0.419778 0.0641889 9.9973E-05 0.401109 0.0594836
9.9973E-05 9.9973E-05 0.00174219 0.416959 0.0431412 9.9973E-05 0.452712 0.0851458
0.00120029 9.9964E-05 9.9964E-05 0.787029 9.9964E-05 0.178895 0.0324756 9.9964E-05
9.9964E-05 0.0497172 9.9964E-05 0.338201 9.9964E-05 9.9964E-05 0.472392 0.13929
9.9973E-05 0.0897615 0.395046 0.167209 0.098961 0.248723 9.9973E-05 9.9973E-05
9.9982E-05 0.0841375 0.231691 0.0721737 0.0366749 0.490838 0.0842846 9.9982E-05
0.0200186 9.9964E-05 0.23433 0.218558 9.9964E-05 0.526694 9.9964E-05 9.9964E-05
9.9982E-05 0.12553 0.181726 0.222669 9.9982E-05 0.400714 0.0208645 0.0482978
0.126529 9.9982E-05 0.220025 0.15144 0.0714205 0.379118 9.9982E-05 0.0512682
9.9955E-05 0.268476 0.299736 0.431288 9.9955E-05 9.9955E-05 9.9955E-05 9.9955E-05
0.297319 0.0391181 9.9982E-05 9.9982E-05 0.0908086 0.402201 0.162617 0.00773534
0.209296 0.261592 9.9982E-05 9.9982E-05 0.0931091 0.36267 0.0422208 0.0309118
0.594304 9.9964E-05 9.9964E-05 0.0573142 9.9964E-05 0.197102 0.15088 9.9964E-05
0.0927394 0.0280543 9.9982E-05 9.9982E-05 0.256546 0.431584 0.0672726 0.123604
0.202734 0.358942 9.9973E-05 9.9973E-05 0.300928 9.9973E-05 0.0197949 0.117301
0.227929 0.0299555 9.9973E-05 0.104339 0.134867 0.50261 9.9973E-05 9.9973E-05
0.242138 0.0289085 9.9991E-05 0.00662705 0.202872 0.384056 0.0680355 0.0672631
0.475112 9.9982E-05 9.9982E-05 0.0867121 0.0360355 0.288227 0.0520873 0.0616263
0.155534 0.0420866 0.100067 0.0657385 0.0441472 0.481126 0.108103 0.00319809
0.524855 0.290233 9.9973E-05 9.9973E-05 0.0860525 0.0060543 9.9973E-05 0.0925048
0.199127 0.0512753 0.0563074 9.9991E-05 0.153127 0.376753 0.121045 0.0422653
0.196897 0.0143019 0.0539785 9.9991E-05 0.081788 0.417023 0.135672 0.100239
0.0832085 0.0879933 0.185549 0.0861475 9.9991E-05 0.364178 0.0696615 0.123163
0.27852 0.0953252 0.00473092 9.9982E-05 0.200626 0.351321 0.0692763 9.9982E-05
0.0989601 0.0716843 0.0175119 9.9991E-05 0.223269 0.399625 0.0862415 0.102608
0.167827 0.042299 0.0908268 9.9991E-05 0.0960844 0.3888 0.0556813 0.158382
0.111905 0.0368951 0.017823 0.00696017 0.0965821 0.546885 0.0803726 0.102577
0.118918 0.0504246 0.0812928 9.9982E-05 0.0789984 0.604898 0.0652678 9.9982E-05
0.121052 0.0765702 0.175715 0.0121943 9.9991E-05 0.308491 0.147279 0.1586
0.209306 0.155925 0.029199 0.0233214 9.9982E-05 0.544982 0.037067 9.9982E-05
9.9964E-05 9.9964E-05 0.0848663 0.767962 0.0359359 0.110836 9.9964E-05 9.9964E-05
9.9973E-05 9.9973E-05 0.0516502 0.843309 0.0363969 0.0580312 9.9973E-05 0.0103123
9.9991E-05 0.0285131 0.0338897 0.768349 0.0271636 0.0155021 0.0404333 0.0860495
9.9973E-05 9.9973E-05 0.0405403 0.805771 0.0648083 0.0196548 9.9973E-05 0.0689259
9.9973E-05 9.9973E-05 0.0154462 0.844327 0.043409 0.095785 0.000733315 9.9973E-05
0.719743 0.0190505 9.9973E-05 0.0361556 9.9973E-05 0.15964 0.065111 9.9973E-05
0.241881 0.0687813 0.0844131 0.012823 0.0931978 0.419228 0.0795759 9.9991E-05
0.0468544 0.157414 0.186759 0.19366 9.9991E-05 0.325813 0.0543558 0.0350441
0.173057 9.9973E-05 0.0672458 9.9973E-05 9.9973E-05 0.610252 0.0891094 0.0600363
0.218636 9.9973E-05 0.0249265 9.9973E-05 9.9973E-05 0.509278 0.122793 0.124066
0.384063 0.113506 0.0226653 0.00491743 0.137371 0.226146 0.111231 9.9991E-05
0.511308 0.0912 9.9973E-05 0.117677 9.9973E-05 9.9973E-05 0.188221 0.0912936
0.188018 9.9991E-05 0.0127742 0.00474641 0.131034 0.468565 0.170154 0.0246076
0.436591 9.9991E-05 0.0717951 0.093553 0.110803 0.0316442 0.22144 0.0340746
0.142011 0.206776 0.0421496 0.0803869 0.038689 0.324326 0.0924375 0.0732239
0.616003 9.9991E-05 0.0183731 0.118573 0.0758792 0.0154678 0.15447 0.00113455
0.226349 0.00746107 0.0429511 0.0886373 0.00474172 0.542698 0.0870619 9.9991E-05
0.518889 0.0443029 9.9982E-05 0.0667858 0.0652999 0.119492 0.18503 9.9982E-05
0.336229 0.0494945 0.0752572 0.0290611 0.0714216 0.223007 0.118348 0.0971817
0.0601915 0.174537 0.0192217 0.0698434 0.0532621 0.447766 0.0869229 0.0882555
0.120696 0.398328 9.9973E-05 9.9973E-05 0.159903 0.264699 0.0560738 9.9973E-05
0.0968508 0.18764 9.9982E-05 0.0587997 0.0430788 0.519024 9.9982E-05 0.0944065
0.131252 0.202766 9.9982E-05 0.0815068 9.9982E-05 0.508093 0.0308262 0.0453568
0.0804317 0.407974 9.9973E-05 9.9973E-05 0.0582697 0.401872 0.0511526 9.9973E-05
0.0741958 0.0914501 0.0610475 0.052019 0.105148 0.476215 0.0457307 0.0941933
9.9973E-05 0.195774 9.9973E-05 9.9973E-05 0.0732697 0.518272 0.176247 0.0361375
0.0230743 0.55363 9.9982E-05 9.9982E-05 0.155055 0.059729 0.0858837 0.122429
0.0427285 0.540364 9.9982E-05 9.9982E-05 0.107637 0.22347 0.00423522 0.0813648
9.9973E-05 0.326951 9.9973E-05 9.9973E-05 0.105808 0.460478 0.0712941 0.0351683
0.0182989 0.434169 9.9982E-05 9.9982E-05 0.072805 0.135101 0.0967692 0.242657
0.136555 0.359576 9.9964E-05 9.9964E-05 9.9964E-05 0.440373 9.9964E-05 0.0630961
0.567092 9.9973E-05 0.0710073 9.9973E-05 0.0990232 9.9973E-05 0.169398 0.0931803
0.352013 9.9973E-05 9.9973E-05 9.9973E-05 0.322312 0.218817 0.0942357 0.0123225
0.435151 9.9991E-05 0.0118799 0.0304992 0.0375683 0.338386 0.0997926 0.0466236
0.148604 0.0192316 0.0975752 9.9982E-05 0.073387 0.559339 0.101663 9.9982E-05
0.503095 9.9982E-05 0.00440377 9.9982E-05 0.0407835 0.137824 0.191613 0.122081
9.9991E-05 0.148435 0.115537 0.115538 0.0688275 0.439795 0.0467862 0.0649812
0.123766 9.9991E-05 0.0508738 0.050922 0.0244512 0.542782 0.0825079 0.124597
0.367462 9.9982E-05 0.0755601 9.9982E-05 0.0324991 0.376107 0.103219 0.0449522
0.229879 9.9982E-05 0.0542533 9.9982E-05 0.00212893 0.496548 0.181945 0.0350451
0.263827 0.00212196 0.0794551 0.0111305 0.0409727 0.33583 0.128617 0.138046
0.445743 9.9982E-05 0.0512013 9.9982E-05 0.0478484 0.149855 0.170255 0.134897
0.267519 9.9991E-05 0.0863217 0.0270739 0.0697245 0.26915 0.220856 0.0592547
0.308426 9.9973E-05 9.9973E-05 9.9973E-05 0.121337 0.540747 0.016894 0.0122967
0.071899 0.0121813 0.104614 0.0446058 0.145231 0.537696 0.0408741 0.0428989
0.226203 0.0800865 9.9982E-05 0.0774696 0.150638 0.374153 0.09125 9.9982E-05
0.133924 0.00858159 0.0975347 9.9982E-05 0.1426 0.464857 0.152302 9.9982E-05
0.37463 0.0120714 0.0126824 0.0926207 0.0498156 0.318429 0.139651 9.9991E-05
0.182195 9.9982E-05 0.0143057 9.9982E-05 0.00572232 0.553691 0.171237 0.0726499
0.248754 9.9991E-05 0.0753121 0.0694461 0.061586 0.464043 0.0600063 0.0207521
0.171509 9.9991E-05 0.0741244 0.0825228 0.130058 0.46182 0.0510722 0.0287936
0.0834143 0.0187121 0.143497 0.331859 9.9982E-05 0.365579 9.9982E-05 0.0567393
9.9973E-05 0.0436761 0.209697 0.132332 9.9973E-05 0.413256 9.9973E-05 0.20074
0.0142756 0.124643 0.143742 0.139278 9.9991E-05 0.445126 0.0306354 0.102201
0.0917006 0.064621 0.0494245 0.0522506 0.00692092 0.601454 0.0218214 0.111807
0.0346431 9.9982E-05 0.166327 0.195909 0.0808534 0.445167 9.9982E-05 0.0769004
0.208641 0.094463 0.0101696 9.9982E-05 0.219549 0.425898 0.0410792 9.9982E-05
0.0621269 9.9973E-05 0.177042 0.174535 9.9973E-05 0.487756 9.9973E-05 0.0982399
0.132417 0.44173 0.112186 0.191243 9.9982E-05 0.0181293 9.9982E-05 0.104096
0.137238 0.0741607 0.163449 0.0304932 0.0591874 0.495826 0.0395456 9.9991E-05
9.9973E-05 9.9973E-05 0.108935 0.123812 0.111246 0.598452 0.0572552 9.9973E-05
0.17034 0.0437198 0.163556 0.0960072 0.0460829 0.448943 9.9991E-05 0.0312519
0.237992 0.148868 0.170982 0.105378 0.0710487 0.212244 0.00501544 0.048472
0.114751 0.0121172 0.181241 0.110038 0.0146394 0.455588 9.9991E-05 0.111525
9.9973E-05 0.0990334 0.15919 0.123086 0.088277 0.530113 9.9973E-05 9.9973E-05
9.9973E-05 0.303965 0.190047 0.455382 0.0331576 9.9973E-05 9.9973E-05 0.017148
0.0425083 0.0942631 0.221866 0.0725901 9.9982E-05 0.491876 0.0766963 9.9982E-05
9.9982E-05 0.127653 0.267738 0.0805856 9.9982E-05 0.448386 0.0416297 0.0338083
0.0867611 0.167537 0.0722355 0.0650589 9.9982E-05 0.591037 0.017171 9.9982E-05
0.00824401 0.0559334 0.123471 0.240869 0.0124706 0.558812 9.9982E-05 9.9982E-05
9.9991E-05 0.0206693 0.192262 0.12348 0.0959723 0.399744 0.0352435 0.132529
9.9991E-05 0.0263703 0.0505921 0.0218604 0.330216 0.396918 0.0142542 0.159689
9.9991E-05 0.0203366 0.00658171 0.114244 0.189825 0.506955 0.0380634 0.123894
0.115669 0.0072831 9.9964E-05 9.9964E-05 0.822176 9.9964E-05 9.9964E-05 0.054472
9.9955E-05 9.9955E-05 9.9955E-05 0.00192733 0.942947 9.9955E-05 0.0546255 9.9955E-05
0.092916 9.9982E-05 0.14935 9.9982E-05 0.395799 0.329809 0.0177377 0.0141887
9.9982E-05 0.10292 0.335116 0.0804876 0.0883381 0.361526 0.031413 9.9982E-05
9.9973E-05 0.0887542 0.318805 0.0903779 0.230752 0.271011 9.9973E-05 9.9973E-05
9.9982E-05 0.225145 0.231819 0.208985 0.152825 0.154043 0.0269832 9.9982E-05
9.9973E-05 0.0158218 0.224731 0.220053 0.194103 0.344991 9.9973E-05 9.9973E-05
9.9973E-05 0.169581 0.0425228 0.0680403 0.643231 0.0763251 9.9973E-05 9.9973E-05
9.9973E-05 0.0656885 0.12764 0.0830491 0.633901 0.0894212 9.9973E-05 9.9973E-05
9.9955E-05 9.9955E-05 0.160169 9.9955E-05 0.383301 0.45603 9.9955E-05 9.9955E-05
0.0105142 9.9973E-05 0.0752163 0.0859183 0.426278 0.401773 9.9973E-05 9.9973E-05
9.9964E-05 9.9964E-05 0.0434216 0.080417 0.659976 0.215786 9.9964E-05 9.9964E-05
0.048685 9.9982E-05 0.0692179 0.0751623 0.321528 0.460608 0.0245993 9.9982E-05
9.9982E-05 0.0289287 0.167632 0.00354839 0.324207 0.46908 0.00640314 9.9982E-05
0.0312961 0.021113 0.0929858 0.149079 0.198353 0.427264 0.0798091 9.9991E-05
0.0459232 9.9982E-05 9.9982E-05 0.0360921 0.557132 0.289974 0.0552362 0.0154426
0.114566 9.9982E-05 0.0452692 9.9982E-05 0.488905 0.284664 0.00998364 0.0564126
0.00117211 0.0745323 9.9991E-05 0.028194 0.260374 0.55155 0.0448878 0.03919
9.9973E-05 0.0661362 0.0955115 9.9973E-05 0.41816 0.30325 0.116643 9.9973E-05
9.9991E-05 0.094369 0.16291 0.0615966 0.109969 0.299132 0.159511 0.112412
0.0188654 0.113114 9.9973E-05 9.9973E-05 0.394759 0.461298 9.9973E-05 0.0116642
9.9955E-05 9.9955E-05 9.9955E-05 9.9955E-05 0.666868 0.18895 0.143682 9.9955E-05
9.9955E-05 9.9955E-05 9.9955E-05 9.9955E-05 0.301771 0.597575 9.9955E-05 0.100155
0.00738409 9.9964E-05 9.9964E-05 9.9964E-05 0.749955 0.162011 9.9964E-05 0.0802507
0.0324589 0.00247467 0.0452743 9.9973E-05 0.561048 0.358444 9.9973E-05 9.9973E-05
9.9982E-05 9.9982E-05 0.0203337 0.0731858 0.248734 0.593087 0.0382341 0.0262248
0.0156489 9.9991E-05 0.0281976 0.0220858 0.289084 0.482046 0.107297 0.0555404
0.0642532 0.0692691 0.198572 0.144976 0.0857593 0.384909 9.9991E-05 0.0521619
0.0575395 0.10741 0.172823 0.113774 0.155794 0.374872 9.9991E-05 0.0176874
0.101719 0.123212 0.254657 0.158411 0.0510336 0.300501 9.9991E-05 0.0103652
0.155922 0.0582361 0.171267 0.12589 0.0503508 0.315482 0.122752 9.9991E-05
0.0345564 0.0312538 0.174637 0.0483531 0.0349312 0.456995 0.0803515 0.138922
9.9991E-05 0.0783955 0.242719 0.102256 0.0627185 0.278647 0.142471 0.0926933
9.9973E-05 0.0960705 0.121007 0.167256 0.560366 9.9973E-05 0.0550009 9.9973E-05
9.9982E-05 0.0444794 0.200946 0.0927109 0.106458 0.517186 0.0380201 9.9982E-05
9.9964E-05 0.193057 0.0647441 0.35736 0.384439 9.9964E-05 9.9964E-05 9.9964E-05
9.9982E-05 0.00399386 0.173622 0.0226087 0.309414 0.477737 0.0124253 9.9982E-05
9.9973E-05 0.0120962 9.9973E-05 9.9973E-05 0.788889 0.0518396 0.0137248 0.133151
0.0752009 9.9955E-05 9.9955E-05 9.9955E-05 0.845488 9.9955E-05 9.9955E-05 0.0788117
9.9955E-05 9.9955E-05 9.9955E-05 9.9955E-05 0.479008 0.437304 9.9955E-05 0.0831877
9.9955E-05 9.9955E-05 9.9955E-05 0.00208792 0.409231 0.588182 9.9955E-05 9.9955E-05
0.0374185 9.9964E-05 9.9964E-05 9.9964E-05 0.585659 0.352296 9.9964E-05 0.024226
9.9964E-05 9.9964E-05 9.9964E-05 9.9964E-05 0.557972 0.403338 0.0160769 0.022213
0.0656252 9.9964E-05 0.048927 9.9964E-05 0.446174 0.438874 9.9964E-05 9.9964E-05
9.9982E-05 9.9982E-05 0.0638416 0.783249 0.0916799 0.0421552 0.0137293 0.00514535
0.0526157 9.9973E-05 0.117554 0.689655 0.0435937 9.9973E-05 0.0962814 9.9973E-05
9.9955E-05 9.9955E-05 0.0985231 0.864684 9.9955E-05 9.9955E-05 0.0362934 9.9955E-05
9.9964E-05 9.9964E-05 9.9964E-05 0.919347 0.0184842 0.0499594 0.0118097 9.9964E-05
0.163808 0.0205676 0.0174392 0.052464 9.9982E-05 0.456124 9.9982E-05 0.289397
0.0711465 9.9982E-05 0.0463814 0.0449111 0.0216339 0.41322 9.9982E-05 0.402507
0.0847569 9.9964E-05 9.9964E-05 9.9964E-05 0.0396777 0.455184 9.9964E-05 0.419982
9.9982E-05 0.124093 0.0598247 0.0765552 9.9982E-05 0.534782 0.000223391 0.204322
9.9973E-05 0.120455 0.0697768 9.9973E-05 9.9973E-05 0.457564 0.13096 0.220943
0.109843 0.030107 9.9982E-05 0.0137011 9.9982E-05 0.209707 0.0278155 0.608627
0.0205152 9.9973E-05 0.0134258 9.9973E-05 0.0619264 0.52355 9.9973E-05 0.380283
9.9964E-05 0.079365 9.9964E-05 9.9964E-05 0.154852 0.320846 9.9964E-05 0.444537
0.0400672 9.9973E-05 0.167947 0.249651 0.117815 0.424221 9.9973E-05 9.9973E-05
0.0086793 0.0432184 0.0738116 9.9991E-05 0.119224 0.379871 0.0419052 0.333191
0.128585 9.9964E-05 9.9964E-05 9.9964E-05 9.9964E-05 0.258369 0.0734417 0.539204
0.0567121 9.9964E-05 9.9964E-05 9.9964E-05 0.0313805 0.516122 9.9964E-05 0.395385
0.13242 9.9964E-05 9.9964E-05 9.9964E-05 0.0196161 0.338135 9.9964E-05 0.509429
9.9973E-05 9.9973E-05 0.00954258 9.9973E-05 0.0739729 0.516776 0.0133309 0.386078
9.9955E-05 9.9955E-05 9.9955E-05 0.0439023 9.9955E-05 0.625987 9.9955E-05 0.329611
9.9955E-05 9.9955E-05 9.9955E-05 9.9955E-05 0.0205398 0.0424757 9.9955E-05 0.936485
0.0154717 0.106025 0.0186817 9.9982E-05 0.109007 0.237077 9.9982E-05 0.513538
0.024109 0.00888655 0.0486274 9.9991E-05 0.0791813 0.26653 0.00822417 0.564341
9.9955E-05 0.165979 9.9955E-05 9.9955E-05 0.015674 9.9955E-05 9.9955E-05 0.817847
0.0729093 9.9973E-05 9.9973E-05 0.0371945 9.9973E-05 0.407314 0.109161 0.373121
9.9955E-05 0.267351 9.9955E-05 9.9955E-05 9.9955E-05 0.0635168 9.9955E-05 0.668633
0.0114873 0.214169 9.9973E-05 0.00366002 0.0981589 9.9973E-05 9.9973E-05 0.672225
0.00418213 0.0274039 0.0206872 0.0394738 0.0304367 0.553641 9.9991E-05 0.324076
0.158925 9.9982E-05 9.9982E-05 0.0371947 0.00483367 0.191469 0.0590965 0.548281
0.0664177 0.0337719 0.0710789 0.0105301 9.9991E-05 0.314733 0.0159361 0.487432
0.0170495 0.0668196 9.9982E-05 0.0781875 0.0311107 0.569908 9.9982E-05 0.236725
0.00948355 9.9964E-05 9.9964E-05 9.9964E-05 9.9964E-05 0.508803 0.109142 0.372171
0.304598 0.157278 0.0757577 9.9991E-05 0.1215 0.245549 0.0542085 0.0410081
0.038211 9.9991E-05 0.00734991 0.0306473 0.0490876 0.535 0.0492134 0.290391
0.161751 9.9964E-05 9.9964E-05 0.0696199 9.9964E-05 0.416108 9.9964E-05 0.352121
0.0239533 0.0574476 9.9973E-05 9.9973E-05 0.0260073 0.332668 9.9973E-05 0.559624
9.9982E-05 9.9982E-05 0.0716834 0.0429452 0.0160891 0.438389 0.13949 0.291204
0.0757753 0.0788025 9.9973E-05 0.625353 9.9973E-05 9.9973E-05 0.218928 0.000840597
0.0116513 0.0043314 9.9982E-05 0.725535 9.9982E-05 0.0521823 0.101512 0.104588
0.0261347 0.0664583 9.9964E-05 0.815232 9.9964E-05 9.9964E-05 0.0917754 9.9964E-05
9.9964E-05 0.0628382 9.9964E-05 0.781483 0.00684372 9.9964E-05 0.148435 9.9964E-05
9.9964E-05 0.0127751 9.9964E-05 0.70832 9.9964E-05 0.0637862 0.214719 9.9964E-05
0.24174 9.9973E-05 0.0111067 0.0307771 9.9973E-05 0.0665642 9.9973E-05 0.649512
0.199563 9.9973E-05 9.9973E-05 0.0793578 9.9973E-05 0.0877513 0.0217462 0.611282
9.9973E-05 0.0535329 0.00802386 9.9973E-05 0.0616378 0.169251 9.9973E-05 0.707255
0.00532035 9.9982E-05 0.0102288 0.0842776 0.0901945 0.636537 9.9982E-05 0.173242
0.127473 9.9973E-05 0.0134519 0.167952 9.9973E-05 0.495569 9.9973E-05 0.195255
9.9973E-05 0.0830286 0.0388377 0.00307163 9.9973E-05 0.262936 9.9973E-05 0.611826
0.0242328 0.0858563 9.9973E-05 9.9973E-05 0.0591247 0.564629 9.9973E-05 0.265857
0.030788 9.9982E-05 0.0601209 0.0804997 0.0449545 0.375514 9.9982E-05 0.407923
0.0608319 0.0687322 9.9982E-05 0.0127908 0.0559334 0.56899 9.9982E-05 0.232522
9.9973E-05 9.9973E-05 0.0161221 9.9973E-05 0.00918278 0.554655 0.0798211 0.33992
0.0312718 9.9982E-05 0.0737867 9.9982E-05 0.0652613 0.121665 0.102695 0.60512
0.11212 0.000872165 9.9973E-05 0.0197075 9.9973E-05 0.297483 9.9973E-05 0.569517
0.174977 9.9964E-05 9.9964E-05 9.9964E-05 9.9964E-05 0.295197 0.0393572 0.490068
0.0999079 0.172979 0.0256824 0.05842 9.9982E-05 0.6206 0.0222114 9.9982E-05
0.140237 9.9964E-05 9.9964E-05 9.9964E-05 9.9964E-05 0.321274 0.0405949 0.497494
0.128087 0.00131423 0.0150972 9.9982E-05 9.9982E-05 0.404674 0.0491764 0.401451
0.0151811 0.0497991 0.447312 0.10467 0.00135752 0.300944 0.0533104 0.0274259
9.9973E-05 0.0756145 0.39779 0.0733834 0.127742 0.325171 9.9973E-05 9.9973E-05
9.9973E-05 0.0511447 0.400404 0.113935 9.9973E-05 0.419309 9.9973E-05 0.0149068
9.9964E-05 0.146919 0.433925 0.13986 9.9964E-05 0.278897 9.9964E-05 9.9964E-05
0.0280171 0.0579525 0.296446 0.0878195 0.0204238 0.5048 0.00444086 9.9991E-05
9.9973E-05 0.167289 0.046948 0.0155127 9.9973E-05 0.430349 9.9973E-05 0.339602
9.9964E-05 0.0725329 0.649141 0.272826 9.9964E-05 0.00509969 9.9964E-05 9.9964E-05
9.9973E-05 9.9973E-05 0.486456 0.160997 0.076904 0.249949 9.9973E-05 0.0253943
9.9982E-05 0.138897 0.181571 0.112685 0.0781423 0.442412 9.9982E-05 0.046093
0.079397 0.238948 9.9964E-05 0.131561 9.9964E-05 0.549694 9.9964E-05 9.9964E-05
0.185282 0.235675 9.9982E-05 0.0725791 9.9982E-05 0.454 0.0416532 0.0106105
9.9982E-05 0.226245 0.00299377 0.0812333 9.9982E-05 0.586605 0.0349981 0.0677248
9.9964E-05 0.139313 9.9964E-05 9.9964E-05 9.9964E-05 0.635808 0.120964 0.103515
9.9964E-05 0.000370161 0.422864 0.233528 9.9964E-05 0.342838 9.9964E-05 9.9964E-05
0.120911 9.9982E-05 0.354342 0.0514407 9.9982E-05 0.360711 0.0500748 0.0623206
9.9964E-05 0.030451 0.526492 9.9964E-05 0.0688507 0.373807 9.9964E-05 9.9964E-05
0.00625136 0.0127568 0.303294 0.162265 0.0336547 0.390392 0.0703202 0.0210649
0.0128055 9.99701E-05 0.551742 0.140819 9.99701E-05 0.294233 9.99701E-05 9.99701E-05
0.0155673 9.9991E-05 0.238367 0.152013 0.0266745 0.432507 0.0152749 0.119497
9.9973E-05 0.0476497 0.579822 0.107616 9.9973E-05 0.22088 0.0437326 9.9973E-05
0.0277263 0.0701011 0.43116 0.0687174 9.9982E-05 0.312055 0.0900396 9.9982E-05
9.9982E-05 0.277968 0.00410398 0.0553793 9.9982E-05 0.548837 0.0952798 0.0182323
9.9982E-05 0.0535882 0.28654 0.15047 0.0528328 0.405035 0.051334 9.9982E-05
9.9973E-05 0.0767885 0.625698 0.118411 9.9973E-05 0.160966 0.0178367 9.9973E-05
9.9982E-05 9.9982E-05 0.314442 0.104829 0.0216194 0.384336 0.103377 0.0711969
0.2695 0.254906 9.9982E-05 0.128146 9.9982E-05 0.215614 0.104121 0.0275131
0.0518373 0.3277 0.0504976 9.9964E-05 9.9964E-05 0.569565 9.9964E-05 9.9964E-05
9.9982E-05 0.00488927 0.320749 0.128909 0.13269 0.369997 0.0425644 9.9982E-05
0.0227036 0.206983 0.10648 0.07855 9.9982E-05 0.473432 0.111651 9.9982E-05
0.0675582 0.153276 9.9973E-05 0.210756 9.9973E-05 0.470757 9.9973E-05 0.0973526
0.00581165 0.00762942 0.31717 0.085436 9.9991E-05 0.263957 0.110789 0.209107
0.067638 0.015646 0.250267 0.24983 0.0752279 0.341056 0.000235194 9.9991E-05
0.00978635 9.9991E-05 0.0615263 0.0810406 0.0704827 0.555021 0.0344216 0.187622
0.0646645 9.9964E-05 0.267804 0.168181 9.9964E-05 0.498951 9.9964E-05 9.9964E-05
0.0961166 9.9964E-05 0.466143 0.134945 9.9964E-05 0.302396 9.9964E-05 9.9964E-05
0.013803 0.0271268 0.581691 0.224571 9.9973E-05 0.152508 9.9973E-05 9.9973E-05
9.9982E-05 0.123635 0.0770592 0.088849 9.9982E-05 0.5715 0.101621 0.0371361
0.146277 0.205436 9.9982E-05 0.0986082 9.9982E-05 0.420883 0.0129578 0.115637
9.9982E-05 0.674614 0.0105728 0.0461523 0.000189522 0.235313 0.0329585 9.9982E-05
0.0533386 0.156665 9.9973E-05 0.0677711 9.9973E-05 0.648327 0.0735985 9.9973E-05
0.191543 0.129142 0.0594106 0.0533578 0.117426 0.341118 0.107903 9.9991E-05
9.9973E-05 0.147264 0.107881 0.128347 9.9973E-05 0.526366 9.9973E-05 0.0898429
9.9991E-05 0.11389 0.0484007 0.0929822 0.0685649 0.507128 0.0448536 0.124081
9.9955E-05 0.607878 0.154903 0.236719 9.9955E-05 9.9955E-05 9.9955E-05 9.9955E-05
9.9955E-05 0.722928 0.0696427 0.206929 9.9955E-05 9.9955E-05 9.9955E-05 9.9955E-05
