9.9973E-05 0.0802846 0.0535775 0.0365202 0.00245609 9.9973E-05 9.9973E-05 0.826862
0.0505053 0.00614101 0.0179782 9.9964E-05 9.9964E-05 9.9964E-05 9.9964E-05 0.924976
9.9964E-05 0.086241 0.00788642 9.9964E-05 9.9964E-05 9.9964E-05 0.148153 0.75732
0.00568488 0.053558 0.0859815 0.0613773 9.9982E-05 9.9982E-05 0.0422321 0.750966
0.0222768 9.9964E-05 9.9964E-05 0.0190272 9.9964E-05 9.9964E-05 0.0639319 0.894364
0.0128755 0.00437809 0.0448323 0.112334 0.173708 0.0619115 0.00476324 0.585197
9.9973E-05 0.0341187 9.9973E-05 9.9973E-05 0.129663 0.0218742 0.0118654 0.802179
0.022594 0.0427397 0.0900781 0.0458538 0.114487 9.9982E-05 9.9982E-05 0.684048
9.99729E-05 0.0259527 0.0607267 9.99729E-05 0.0427452 0.0796087 9.99729E-05 0.790667
9.9982E-05 0.0358344 0.0302892 0.0637762 0.103671 9.9982E-05 0.0964078 0.669822
9.9964E-05 9.9964E-05 0.0776641 9.9964E-05 0.148859 9.9964E-05 0.0486291 0.724448
9.9973E-05 9.9973E-05 0.453625 0.0841899 0.0214366 0.225152 0.215296 9.9973E-05
0.0302408 0.0781537 0.253316 0.0346091 9.9982E-05 0.036883 0.566597 9.9982E-05
0.181412 0.0740287 0.387999 0.00182895 0.051007 0.0671328 0.223261 0.0133305
0.0440216 0.0426821 0.33299 0.117984 0.100331 9.9991E-05 0.328028 0.0338639
0.0395095 0.00476434 0.195479 0.0815732 0.0603265 0.0775044 0.40186 0.138983
0.137282 0.0215435 0.094508 0.0959113 0.0106535 0.0338244 0.573848 0.0324296
0.0322793 0.019734 0.21263 0.123967 0.053843 0.193036 0.364411 9.9991E-05
0.0461585 9.9991E-05 0.294895 0.0820407 0.0245437 0.112963 0.320501 0.118798
9.9982E-05 0.0749861 0.610835 0.0378443 0.172428 0.0924891 0.0112184 9.9982E-05
0.0683897 0.0271387 0.232191 0.0240413 0.0365665 0.142452 0.457777 0.0114433
0.0457556 0.0491612 0.116634 0.0411374 0.159845 0.161814 0.425553 9.9991E-05
0.0064727 9.9991E-05 0.201197 0.0210891 0.0442346 0.118113 0.560333 0.0484603
9.9982E-05 0.022651 0.329304 0.160561 0.073388 0.20396 0.209936 9.9982E-05
0.0867106 0.00448832 0.0824765 0.111004 9.9991E-05 0.104482 0.55363 0.0571095
0.0485358 9.9973E-05 0.212094 0.115885 0.103061 9.9973E-05 0.520124 9.9973E-05
0.0511348 0.025663 0.451094 0.155961 9.9982E-05 0.200823 0.115124 9.9982E-05
9.9982E-05 0.00134116 0.410529 0.22961 0.0947417 0.0582048 0.205373 9.9982E-05
0.120149 9.9973E-05 0.462181 9.9973E-05 0.0905343 0.0480443 0.278792 9.9973E-05
9.994E-05 0.9993 9.994E-05 9.994E-05 9.994E-05 9.994E-05 9.994E-05 9.994E-05
9.994E-05 0.9993 9.994E-05 9.994E-05 9.994E-05 9.994E-05 9.994E-05 9.994E-05
9.9973E-05 0.389914 0.0220535 9.9973E-05 9.9973E-05 0.00640639 0.109401 0.471926
9.9955E-05 0.27924 9.9955E-05 9.9955E-05 9.9955E-05 9.9955E-05 0.149079 0.571181
0.013628 9.9982E-05 0.0710548 9.9982E-05 0.102494 0.222489 0.555117 0.0350185
9.9982E-05 0.0189057 0.0639807 0.0391679 9.9982E-05 0.314855 0.529526 0.0333649
9.9973E-05 0.0131804 9.9973E-05 0.0484327 9.9973E-05 0.436949 0.441134 0.0600046
9.9964E-05 9.9964E-05 0.572341 9.9964E-05 9.9964E-05 0.13196 0.198043 0.0972566
0.0654071 0.0218568 9.9982E-05 0.0110499 0.041953 0.590116 0.269417 9.9982E-05
0.021174 9.9991E-05 0.142377 0.0268292 0.0189436 0.219304 0.486799 0.0844736
9.9973E-05 0.0351828 9.9973E-05 0.00496422 0.0539563 0.193467 0.712129 9.9973E-05
9.9982E-05 9.9982E-05 0.0301861 0.00440124 0.16086 0.196958 0.564554 0.0428412
9.9991E-05 0.0349889 0.0844004 0.00184665 0.0471043 0.130009 0.618431 0.0831194
9.9982E-05 0.00582263 0.071327 9.9982E-05 0.016727 0.695941 0.157175 0.0528072
0.00563071 0.00781928 9.9991E-05 0.065978 0.214355 0.0731783 0.605546 0.027393
0.00989731 0.0290359 9.9991E-05 0.0748841 0.0136626 0.261255 0.522634 0.0885313
9.9991E-05 0.0583778 0.0657442 0.0327897 0.200407 0.0698314 0.543436 0.0293137
9.9946E-05 9.9946E-05 9.9946E-05 9.9946E-05 9.9946E-05 0.656632 0.342769 9.9946E-05
9.9973E-05 0.0273065 0.052907 9.9973E-05 9.9973E-05 0.330328 0.525727 0.0634316
0.028771 0.0872643 9.9991E-05 0.0303951 0.12566 0.137454 0.537668 0.0526881
9.9964E-05 0.00522006 9.9964E-05 9.9964E-05 0.225573 0.708619 9.9964E-05 0.0601876
0.0549813 9.9982E-05 0.445597 0.00893218 0.0691784 0.24242 0.178691 9.9982E-05
0.122533 9.9973E-05 0.194223 9.9973E-05 0.379661 0.231123 0.072159 9.9973E-05
0.0987664 9.9982E-05 0.135829 0.0387543 0.0485479 9.9982E-05 0.580483 0.0974202
0.102934 0.0227916 0.055913 0.0586032 0.0753287 0.0548965 0.590567 0.0389662
9.9982E-05 9.9982E-05 0.155044 0.0797655 0.0835532 0.0946395 0.542498 0.0442992
0.0142842 0.0166191 0.360407 9.9991E-05 0.0948261 0.228789 0.15189 0.133084
0.0106181 0.00900653 0.300781 0.0123668 0.0458779 0.0115227 0.609727 9.9991E-05
0.0219602 0.038535 0.187318 0.121591 0.126334 9.9991E-05 0.466586 0.0375757
0.0600493 0.0391511 0.208963 0.0268271 0.0877161 0.185692 0.315388 0.0762128
0.0320372 0.039341 0.348369 0.0644875 0.148202 0.176073 0.0449849 0.146506
9.9982E-05 0.051295 0.170518 9.9982E-05 0.0762945 0.0710188 0.590824 0.0398502
0.0821595 0.0303391 0.272667 0.0862882 0.0663479 0.0837218 0.315587 0.0628902
0.0555116 0.0586124 0.498851 9.9982E-05 0.102146 0.225401 0.0592777 9.9982E-05
0.149847 0.0263772 0.203148 9.9982E-05 0.0844023 0.0426025 0.493423 9.9982E-05
0.190989 0.049499 9.9982E-05 0.103329 0.0938179 0.0167434 0.545422 9.9982E-05
0.067764 0.0545715 0.186908 0.000784654 0.0579644 9.9991E-05 0.594421 0.0374862
0.0116488 9.9991E-05 0.350903 0.0770374 0.098975 0.129131 0.279782 0.052423
0.14197 0.032419 0.13311 0.0535308 0.122376 0.0630692 0.453425 9.9991E-05
0.0568505 0.045749 0.198466 0.0136699 0.046835 0.0276369 0.558795 0.0519979
0.118441 0.0637509 0.393368 9.9982E-05 0.0798931 0.156033 0.188314 9.9982E-05
9.9955E-05 9.9955E-05 0.110231 9.9955E-05 9.9955E-05 0.392087 0.497183 9.9955E-05
9.9964E-05 0.0239928 0.116424 9.9964E-05 9.9964E-05 0.641875 0.217308 9.9964E-05
0.0971283 0.139193 0.0157697 0.0348476 9.9991E-05 0.223535 0.478828 0.0105989
9.9955E-05 9.9955E-05 9.9955E-05 9.9955E-05 0.154881 0.83032 0.0142994 9.9955E-05
0.0995713 9.9955E-05 9.9955E-05 9.9955E-05 0.0661851 0.833744 9.9955E-05 9.9955E-05
9.9946E-05 9.9946E-05 9.9946E-05 9.9946E-05 9.9946E-05 0.703799 0.295602 9.9946E-05
9.9973E-05 0.0259491 0.0539394 9.9973E-05 0.010592 0.474086 0.435133 9.9973E-05
0.0677835 0.00937927 0.0939118 0.164345 9.9991E-05 0.158952 0.444328 0.0611998
9.99688E-05 0.0442763 9.99688E-05 0.102849 9.99688E-05 0.479716 0.372759 9.99688E-05
9.9973E-05 0.0200842 0.180805 9.9973E-05 9.9973E-05 0.596664 0.184131 0.0180157
9.9964E-05 9.9964E-05 0.186313 9.9964E-05 9.9964E-05 0.539087 0.240992 0.0332079
0.0132169 0.055054 0.0776378 0.119763 9.9991E-05 0.187032 0.483729 0.0634678
0.00322437 0.00512094 9.9982E-05 0.0152514 9.9982E-05 0.625261 0.26296 0.0879817
9.9982E-05 0.0438965 0.0438128 0.00169535 9.9982E-05 0.469253 0.403503 0.0376394
9.9964E-05 0.00578593 9.9964E-05 9.9964E-05 0.068003 0.552648 0.373164 9.9964E-05
0.131637 9.9982E-05 0.0358689 0.0311149 0.113965 0.676969 9.9982E-05 0.0102455
9.9964E-05 9.9964E-05 9.9964E-05 0.0253773 9.9964E-05 0.250347 0.640095 0.0837807
0.0203547 0.0174886 0.0504426 0.018434 9.9991E-05 0.0216303 0.0876533 0.783897
9.9955E-05 0.0853062 9.9955E-05 9.9955E-05 9.9955E-05 9.9955E-05 0.0725823 0.841612
9.9964E-05 0.130754 9.9964E-05 0.0392634 9.9964E-05 9.9964E-05 0.0798108 0.749772
9.9964E-05 0.135956 9.9964E-05 9.9964E-05 0.0583495 9.9964E-05 0.0204293 0.784865
0.000589695 0.110721 9.9991E-05 0.0103452 0.0139303 0.00552042 0.124423 0.734371
9.9982E-05 0.0741396 9.9982E-05 0.0461581 0.0358438 0.00187568 0.0424205 0.799362
9.9964E-05 0.0611819 9.9964E-05 9.9964E-05 0.000765434 9.9964E-05 0.0730481 0.864605
9.9982E-05 0.0816708 0.113327 0.0523534 9.9982E-05 0.221848 0.44238 0.088221
9.9991E-05 0.0565671 0.0439051 0.0502956 0.0301639 0.225333 0.498258 0.095378
0.0182167 9.9973E-05 0.0389927 9.9973E-05 9.9973E-05 0.835144 0.0497335 0.0576129
0.0220165 9.9991E-05 0.0838545 0.00954231 0.061422 0.137551 0.583123 0.10239
9.9982E-05 0.0169784 0.0793554 9.9982E-05 0.00191542 0.403088 0.44337 0.0550926
0.0296251 0.0369961 9.9973E-05 9.9973E-05 9.9973E-05 0.28104 0.590079 0.0619593
0.0904949 0.0366709 9.9991E-05 0.00647769 0.082628 0.199953 0.543399 0.0402768
0.039996 0.0637769 9.9982E-05 0.00187203 9.9982E-05 0.394461 0.498611 0.00108333
9.9955E-05 9.9955E-05 0.237317 9.9955E-05 9.9955E-05 0.695587 9.9955E-05 0.0665959
9.9973E-05 9.9973E-05 0.105357 9.9973E-05 0.00247693 0.11913 0.609735 0.163002
0.108007 0.0251454 0.0777447 0.0325099 9.9982E-05 0.155008 0.601385 9.9982E-05
0.076905 0.0120514 0.174803 0.107519 9.9991E-05 0.123217 0.475906 0.0294983
0.050626 0.0204818 9.9982E-05 0.0333616 0.117401 0.565809 0.212121 9.9982E-05
0.0905448 0.000117349 9.9973E-05 9.9973E-05 9.9973E-05 0.394437 0.467311 0.0472892
9.9973E-05 0.0232997 0.123611 9.9973E-05 9.9973E-05 0.396023 0.406546 0.0502207
0.0128151 0.00765312 0.0163131 0.081731 9.9982E-05 0.58541 0.295878 9.9982E-05
9.9964E-05 9.9964E-05 0.0508033 9.9964E-05 9.9964E-05 0.462453 0.399887 0.0864575
9.9991E-05 0.0627626 0.0967759 0.0197403 0.0502954 0.160649 0.606302 0.00337389
0.25051 0.0252649 0.289668 0.0356359 0.097279 0.0349632 0.246295 0.0203843
9.9991E-05 0.0431361 0.380977 0.0616229 0.0717089 0.010191 0.403267 0.0289972
0.0153333 0.052798 0.182149 0.0893839 0.0663711 0.0227082 0.562279 0.00897682
0.0680346 0.020907 0.0683906 0.0410316 0.100401 9.9991E-05 0.618756 0.0823796
0.0796939 0.0356116 0.305733 9.9973E-05 9.9973E-05 0.0786148 0.500047 9.9973E-05
0.0041331 0.0113912 0.301743 9.9982E-05 0.0355368 9.9982E-05 0.632084 0.014911
0.0982385 9.9973E-05 0.396877 0.0334585 9.9973E-05 9.9973E-05 0.459904 0.011222
0.177388 0.0932233 0.0867429 0.0313009 9.9991E-05 0.0584842 0.544588 0.00817239
9.9973E-05 9.9973E-05 0.194076 9.9973E-05 0.0482707 0.0651996 0.611528 0.0806259
0.0687372 0.0693261 0.258924 9.9973E-05 9.9973E-05 0.0209505 0.581763 9.9973E-05
0.02188 9.9964E-05 0.362454 9.9964E-05 9.9964E-05 0.0761669 0.5391 9.9964E-05
0.0650311 9.9982E-05 0.125141 0.0141744 0.141103 9.9982E-05 0.634351 0.0199994
0.0258267 0.00990228 0.127127 0.0696923 0.0800115 9.9991E-05 0.665468 0.0218722
0.120877 0.0277945 0.252986 0.018827 9.9973E-05 9.9973E-05 0.579215 9.9973E-05
0.0858403 0.0219164 0.154623 0.0162401 0.102821 9.9991E-05 0.566773 0.0516857
0.0345192 9.9982E-05 0.151489 0.131911 0.0767433 0.0233851 0.581753 9.9982E-05
0.13145 0.0184348 0.233306 0.0100955 0.197468 9.9991E-05 0.39296 0.0161846
0.0683308 0.00179641 0.140121 0.0248781 0.0355778 0.0744176 0.593501 0.0613765
0.0334493 9.9982E-05 0.14945 0.051413 0.107702 9.9982E-05 0.621116 0.0366695
0.0502135 0.0124236 0.447084 0.113311 9.9991E-05 0.136738 0.2304 0.00972956
0.223153 9.9982E-05 0.292454 9.9982E-05 0.233863 0.0708036 0.178746 0.000780156
9.9991E-05 0.0306936 0.226564 0.0351326 0.0758602 0.0469601 0.554568 0.0301216
0.316709 0.019352 0.305534 0.0564634 0.129072 0.148087 0.0246828 9.9991E-05
0.121241 9.9982E-05 0.420065 9.9982E-05 0.0710902 0.0844249 0.290637 0.0123427
0.0809224 9.9964E-05 0.303955 9.9964E-05 9.9964E-05 0.145556 0.469167 9.9964E-05
0.0724827 0.0227058 0.464715 9.9982E-05 9.9982E-05 0.0590864 0.377012 0.00379844
0.0862836 9.9982E-05 0.474884 0.0394167 9.9982E-05 0.0758018 0.310792 0.0126219
0.00790337 0.0672326 0.136862 9.9991E-05 0.0508842 0.0269472 0.653134 0.0569363
0.079966 9.9991E-05 0.10997 0.140559 0.0806056 0.107859 0.37552 0.105419
0.160022 9.9973E-05 0.0633455 9.9973E-05 9.9973E-05 0.127667 0.555207 0.0934587
0.0775621 9.9982E-05 0.341197 0.00529387 0.243871 0.123446 0.20843 9.9982E-05
0.107439 0.0418018 0.0345529 9.9991E-05 0.0161871 0.0991265 0.557579 0.143213
0.0808286 9.9991E-05 0.010609 0.0582605 0.175637 0.231152 0.372721 0.0706918
0.178834 0.0312107 0.198768 9.9982E-05 0.384001 0.111063 9.9982E-05 0.0959233
0.105232 9.9991E-05 0.00221973 0.0222534 0.097905 0.0525507 0.600356 0.119384
0.129753 0.00561697 0.063438 9.9991E-05 0.174792 0.16451 0.393775 0.0680152
0.203918 0.0464234 0.0814695 0.0764428 0.0980608 0.0327997 0.404984 0.0559013
0.0441735 0.0208973 0.0757646 9.9991E-05 0.361122 0.198986 0.202776 0.0961802
0.07935 0.0146019 0.154446 9.9982E-05 0.423633 0.182479 0.14529 9.9982E-05
0.180036 9.9982E-05 0.141853 9.9982E-05 0.128598 0.0981391 0.432033 0.0191402
0.0147211 9.9991E-05 0.0588818 0.0532803 0.129178 0.112213 0.497481 0.134145
9.9982E-05 9.9982E-05 0.0842991 0.00700043 0.179578 0.140537 0.426831 0.161555
0.0210139 0.0053482 0.157308 0.216081 0.365592 0.207773 9.9991E-05 0.0267827
0.176575 9.9982E-05 9.9982E-05 0.128402 0.000920824 0.155067 0.435334 0.103501
9.9964E-05 9.9964E-05 0.0883847 9.9964E-05 0.346016 0.194691 0.370508 9.9964E-05
0.0896417 9.9982E-05 0.0850175 0.0131754 0.15055 0.254859 0.406556 9.9982E-05
0.0890036 0.000655934 0.0956919 0.0501769 0.0291437 0.161884 0.473307 0.100137
9.9991E-05 0.00699816 0.0314794 0.262368 0.227318 0.0704577 0.121149 0.28013
9.9955E-05 9.9955E-05 9.9955E-05 0.134906 0.387082 9.9955E-05 9.9955E-05 0.477512
0.0268043 9.9964E-05 9.9964E-05 0.124981 0.41616 9.9964E-05 9.9964E-05 0.431656
9.9973E-05 9.9973E-05 0.00501769 0.304498 0.244588 9.9973E-05 0.0700399 0.375556
9.9946E-05 9.9946E-05 9.9946E-05 9.9946E-05 0.338261 9.9946E-05 0.661139 9.9946E-05
0.0957095 9.9991E-05 0.13079 0.0940698 0.0790236 0.0358836 0.538082 0.0263413
0.00110984 0.0162774 0.000615662 0.718762 9.9982E-05 0.0059654 0.25707 9.9982E-05
0.0922917 0.0051299 0.110113 0.433258 9.9991E-05 0.032507 0.265453 0.0611468
0.0107692 9.9991E-05 0.042807 0.388619 0.153361 0.105013 0.267653 0.0316781
0.194841 0.0149541 9.9973E-05 9.9973E-05 0.447727 0.0711181 0.271061 9.9973E-05
0.17864 0.0223926 0.0861486 9.9991E-05 0.0826369 0.0247847 0.565328 0.0399692
0.214998 9.9973E-05 0.00855694 9.9973E-05 0.48615 0.111012 0.178983 9.9973E-05
0.0317112 9.9973E-05 0.078065 9.9973E-05 0.178238 0.119742 0.591944 9.9973E-05
0.107521 0.0081271 0.0795151 9.9991E-05 0.205259 0.0777061 0.447917 0.0738541
0.0759419 0.00835643 0.0596506 9.9982E-05 0.167053 0.0683272 0.620471 9.9982E-05
0.0730416 9.9973E-05 0.0471554 9.9973E-05 0.472527 0.1795 0.227475 9.9973E-05
0.0719757 9.9982E-05 0.0232797 0.0720763 0.140056 0.088843 0.603569 9.9982E-05
0.0439082 0.0236688 9.9991E-05 0.0489957 0.234235 0.0420353 0.547081 0.0599759
0.0356526 9.9955E-05 9.9955E-05 0.961517 9.9955E-05 0.00233028 9.9955E-05 9.9955E-05
0.0398414 9.9955E-05 9.9955E-05 0.915359 9.9955E-05 9.9955E-05 0.0442997 9.9955E-05
0.0393255 0.00763092 0.0761454 0.597084 9.9991E-05 0.0395288 0.179249 0.0609365
9.9982E-05 0.0164928 0.0502737 0.649194 9.9982E-05 0.0130095 0.258266 0.0125642
9.9946E-05 9.9946E-05 9.9946E-05 0.762646 9.9946E-05 9.9946E-05 0.236754 9.9946E-05
9.994E-05 9.994E-05 9.994E-05 0.9993 9.994E-05 9.994E-05 9.994E-05 9.994E-05
9.9955E-05 9.9955E-05 0.0273061 0.959832 9.9955E-05 0.0123622 9.9955E-05 9.9955E-05
9.9946E-05 9.9946E-05 9.9946E-05 0.847523 9.9946E-05 9.9946E-05 0.151877 9.9946E-05
9.9955E-05 0.0189787 0.0276519 0.95287 9.9955E-05 9.9955E-05 9.9955E-05 9.9955E-05
9.994E-05 9.994E-05 9.994E-05 0.9993 9.994E-05 9.994E-05 9.994E-05 9.994E-05
9.9946E-05 0.0192114 9.9946E-05 0.980189 9.9946E-05 9.9946E-05 9.9946E-05 9.9946E-05
9.9973E-05 0.0521906 0.0342543 0.744852 9.9973E-05 0.00306605 0.165337 9.9973E-05
9.9964E-05 0.0215839 9.9964E-05 0.737998 9.9964E-05 9.9964E-05 0.191438 0.0485804
9.9955E-05 0.0246869 9.9955E-05 0.946224 9.9955E-05 0.0285892 9.9955E-05 9.9955E-05
0.0350235 0.0126171 0.11187 0.392646 0.0274774 0.025676 0.343615 0.0510747
9.9973E-05 0.021936 0.0938908 0.665764 9.9973E-05 9.9973E-05 0.187241 0.0308681
0.0322278 0.017714 0.0122307 0.734106 0.00706033 9.9992E-05 0.188944 0.00761691
9.9955E-05 9.9955E-05 0.0678102 0.873774 9.9955E-05 9.9955E-05 0.0579162 9.9955E-05
9.9946E-05 9.9946E-05 9.9946E-05 0.991758 9.9946E-05 9.9946E-05 0.0076421 9.9946E-05
9.9973E-05 0.0138158 9.9973E-05 0.878531 0.00353992 9.9973E-05 0.0465617 0.0572516
9.9946E-05 0.0245744 9.9946E-05 0.974826 9.9946E-05 9.9946E-05 9.9946E-05 9.9946E-05
9.9973E-05 9.9973E-05 0.0227344 0.584829 9.9973E-05 0.159416 0.165006 0.0677145
0.0199499 9.9973E-05 0.0202329 0.891228 9.9973E-05 9.9973E-05 0.0605503 0.00773873
0.091239 9.9964E-05 9.9964E-05 0.0463468 0.583377 9.9964E-05 9.9964E-05 0.278637
9.9982E-05 0.0223896 0.162579 0.0296942 0.292286 9.9982E-05 0.392066 0.100785
0.00876885 0.0143548 9.9991E-05 0.00863609 0.285926 0.038067 0.418175 0.225972
9.9982E-05 0.0704242 0.0405741 0.0748868 0.491768 9.9982E-05 0.205581 0.116567
9.9982E-05 0.0780277 0.0809263 0.177136 0.204413 0.0503761 0.408921 9.9982E-05
0.0212435 0.0410183 9.9991E-05 0.0325688 0.436472 0.0236929 0.240628 0.204276
0.102993 0.0122099 0.156006 0.149994 0.176396 9.9991E-05 0.308676 0.0936249
9.9964E-05 9.9964E-05 9.9964E-05 0.150827 0.462443 9.9964E-05 0.325799 0.0605321
9.9991E-05 0.0619566 0.0287833 0.0984184 0.261813 0.00360638 0.491741 0.0535817
9.9973E-05 0.0327203 9.9973E-05 0.271769 0.385635 9.9973E-05 0.226504 0.0830709
0.0445571 9.9982E-05 0.022912 0.0575057 0.21121 9.9982E-05 0.469505 0.19411
0.00467445 9.9973E-05 0.0516695 9.9973E-05 0.0427325 9.9973E-05 0.0745875 0.826036
0.0445175 0.0764145 9.9964E-05 0.0501938 9.9964E-05 9.9964E-05 9.9964E-05 0.828474
9.9955E-05 0.0392066 0.0759049 9.9955E-05 9.9955E-05 9.9955E-05 9.9955E-05 0.884389
9.9964E-05 0.0468737 0.0405875 9.9964E-05 9.9964E-05 9.9964E-05 0.0237203 0.888419
9.9982E-05 0.0828841 0.0471955 0.0247732 0.0469147 9.9982E-05 0.0218868 0.776146
0.0319069 0.0674164 9.9964E-05 0.0834803 9.9964E-05 9.9964E-05 9.9964E-05 0.816797
9.9973E-05 0.0546288 0.0044846 0.0777138 9.9973E-05 9.9973E-05 0.0610325 0.80184
0.023371 0.0704059 0.0281066 9.9982E-05 0.0125111 0.0493422 9.9982E-05 0.816063
9.9973E-05 0.0163281 9.9973E-05 0.0150294 9.9973E-05 0.0370945 0.0286708 0.902577
9.9973E-05 9.9973E-05 0.0106844 0.0805041 0.0232339 9.9973E-05 0.0523678 0.83291
0.00601227 0.0434335 0.279303 9.9973E-05 9.9973E-05 0.102969 9.9973E-05 0.567982
0.00253888 0.0278885 0.321258 9.9973E-05 9.9973E-05 0.0695234 9.9973E-05 0.578492
0.0888345 0.0427283 0.293718 9.9982E-05 0.0702486 0.0215295 9.9982E-05 0.482741
0.0542778 9.9973E-05 0.333768 9.9973E-05 0.0087172 0.102703 9.9973E-05 0.500234
0.00175459 0.0320525 0.143702 0.0258348 9.9982E-05 0.315112 0.481344 9.9982E-05
0.103162 9.9973E-05 0.103016 9.9973E-05 9.9973E-05 0.241366 0.494255 0.0579009
9.9964E-05 9.9964E-05 0.147363 9.9964E-05 9.9964E-05 0.209689 0.558075 0.0844735
0.015383 0.0265614 0.165537 0.00469358 0.0790245 0.246001 0.401146 0.0616539
0.0751242 9.9973E-05 0.580248 0.0312694 9.9973E-05 0.100275 0.212783 9.9973E-05
0.0851163 9.9982E-05 0.0508349 9.9982E-05 0.0613453 0.118625 0.632655 0.0512237
0.00531649 0.0187234 0.0233987 0.0161285 0.0328225 0.32361 0.579901 9.9991E-05
0.0219587 0.0330451 0.128858 9.9982E-05 0.0667308 0.272579 0.476628 9.9982E-05
9.9964E-05 9.9964E-05 9.9964E-05 0.00156706 0.0309623 0.610952 0.356119 9.9964E-05
9.9982E-05 9.9982E-05 0.119653 0.110086 0.0400944 0.157506 0.56326 0.00920058
0.0784041 0.0104417 0.150405 9.9982E-05 9.9982E-05 0.391593 0.334286 0.0346702
0.120605 9.9964E-05 0.0499536 9.9964E-05 0.00072701 0.828315 9.9964E-05 9.9964E-05
0.00408597 0.0721084 0.115953 9.9982E-05 9.9982E-05 0.194696 0.584613 0.0283434
0.0718875 9.9982E-05 0.0085613 0.000667063 0.163386 0.451076 0.304222 9.9982E-05
0.0900368 9.9973E-05 0.0188364 9.9973E-05 0.0138024 0.387659 0.489366 9.9973E-05
9.9964E-05 9.9964E-05 0.192475 9.9964E-05 9.9964E-05 0.665735 0.100242 0.0411482
9.9955E-05 9.9955E-05 0.737436 9.9955E-05 0.128683 9.9955E-05 9.9955E-05 0.133381
0.0182555 9.9982E-05 0.686095 0.00434315 0.127332 9.9982E-05 0.0669602 0.0968141
0.0374613 0.0343861 0.816339 9.9973E-05 0.0884318 9.9973E-05 9.9973E-05 0.0230818
0.0190113 9.9973E-05 0.779174 9.9973E-05 0.032934 0.0639808 9.9973E-05 0.1046
0.0389327 9.9973E-05 0.748585 0.0259148 0.137914 9.9973E-05 0.048353 9.9973E-05
9.9982E-05 0.00678854 0.756854 0.0167342 0.0620226 9.9982E-05 0.108722 0.0486792
9.9964E-05 0.080681 9.9964E-05 0.0202096 9.9964E-05 9.9964E-05 0.0862393 0.81247
9.9973E-05 0.00514815 0.0921171 0.0249836 9.9973E-05 9.9973E-05 0.0785865 0.798865
0.00451934 0.0611251 0.00610473 0.0684832 0.0453791 9.9991E-05 0.130155 0.684133
9.9973E-05 0.00980809 0.0837687 0.144245 9.9973E-05 9.9973E-05 0.0489883 0.71289
9.9973E-05 9.9973E-05 0.0507204 0.0986046 0.00612466 9.9973E-05 0.0523709 0.791879
9.9964E-05 9.9964E-05 0.517731 9.9964E-05 0.0685941 0.00388177 9.9964E-05 0.409394
0.0553124 0.00432678 0.397835 9.9973E-05 9.9973E-05 0.0573457 9.9973E-05 0.48488
0.0464247 0.0130136 0.425996 9.9973E-05 9.9973E-05 0.0773229 9.9973E-05 0.436943
9.994E-05 0.9993 9.994E-05 9.994E-05 9.994E-05 9.994E-05 9.994E-05 9.994E-05
0.0125029 0.0154556 0.430707 9.9973E-05 9.9973E-05 0.155415 9.9973E-05 0.385619
0.0640252 0.00105984 9.9982E-05 0.377018 0.205003 9.9982E-05 0.201692 0.151001
9.9982E-05 0.0334419 0.0739746 0.175436 0.0423447 9.9982E-05 0.583749 0.0908532
9.9964E-05 0.024411 9.9964E-05 0.273939 9.9964E-05 9.9964E-05 0.544085 0.157165
0.0190407 0.0468425 9.9991E-05 0.176991 0.0947556 0.00523747 0.390984 0.266049
0.0512074 0.0461866 0.0605465 0.104917 9.9991E-05 0.0962623 0.547211 0.0935689
0.043961 9.9964E-05 9.9964E-05 0.306724 0.217229 9.9964E-05 9.9964E-05 0.431686
0.110128 9.9973E-05 0.361991 9.9973E-05 0.0233627 0.0786446 0.425574 9.9973E-05
0.181687 9.9973E-05 0.174638 9.9973E-05 0.168321 0.0939443 0.38111 9.9973E-05
0.085575 0.0200555 0.461218 9.9982E-05 9.9982E-05 0.027806 0.330644 0.0745016
0.215871 9.9982E-05 0.150851 9.9982E-05 0.0417115 0.146053 0.444336 0.000976876
0.351367 9.9964E-05 0.164355 9.9964E-05 0.294379 0.189499 9.9964E-05 9.9964E-05
0.058258 0.0261091 0.209648 0.0310139 0.0292912 9.9991E-05 0.544415 0.101164
0.177393 0.032376 0.230223 9.9982E-05 0.0262286 0.0438148 0.489766 9.9982E-05
9.9982E-05 0.013567 0.403098 9.9982E-05 0.0133361 0.163237 0.361075 0.0454868
9.9991E-05 0.0235503 0.138154 0.0468543 0.0404748 0.105572 0.523163 0.122131
0.125215 9.9973E-05 0.288277 9.9973E-05 0.264184 0.186857 0.135167 9.9973E-05
0.193698 9.9982E-05 0.127859 0.0799231 0.169981 0.0382996 0.39004 9.9982E-05
0.0408222 0.00196873 0.33174 0.0442458 9.9982E-05 0.0710889 0.509935 9.9982E-05
0.000637534 0.0118247 0.0260327 0.193451 0.108033 0.142327 0.437469 0.0802254
0.194957 9.9973E-05 0.280477 9.9973E-05 0.0370913 0.110043 0.377132 9.9973E-05
0.0190078 9.9991E-05 0.218827 0.0471049 0.0109067 0.175194 0.513693 0.0151655
0.117889 0.00329766 0.132308 0.106125 0.0540523 0.116308 0.469919 9.9991E-05
0.0297951 9.9982E-05 0.19583 9.9982E-05 0.0893322 0.100602 0.544503 0.0397382
0.012517 0.0707509 0.201425 0.072866 0.00764419 0.116701 0.517996 9.9991E-05
9.9991E-05 0.0601604 0.212588 0.0528054 0.00466924 0.115842 0.484775 0.0690596
9.9973E-05 9.9973E-05 0.148605 9.9973E-05 0.0610827 0.104559 0.578353 0.1071
9.9955E-05 9.9955E-05 9.9955E-05 0.0567694 9.9955E-05 9.9955E-05 0.162064 0.780667
0.0371883 9.9973E-05 9.9973E-05 0.0144182 9.9973E-05 0.0117976 0.0984345 0.837862
0.0180065 9.9991E-05 0.0218585 0.00862132 0.0221619 0.0396221 0.08407 0.80556
9.9973E-05 9.9973E-05 0.0137488 0.0103157 9.9973E-05 0.0789105 0.0669722 0.829753
0.00251908 0.0242705 9.9964E-05 9.9964E-05 9.9964E-05 9.9964E-05 0.1468 0.826011
0.0388224 9.9982E-05 0.607484 0.125904 0.0781788 0.00530792 0.144103 9.9982E-05
0.0690109 9.9991E-05 0.118278 0.11608 0.0958447 0.117979 0.423431 0.0592761
0.0799151 0.0195291 0.007267 0.160712 0.0958733 0.0651075 0.417826 0.153769
0.0473838 0.0416467 0.0897814 0.0589856 0.102253 0.00579948 0.628977 0.0251726
0.0676089 0.011406 0.203986 9.9982E-05 9.9982E-05 0.195779 0.453239 0.0677809
0.186268 0.0456519 0.324747 0.102334 0.107593 0.0293137 0.203992 9.9991E-05
9.9973E-05 0.0439195 0.553892 9.9973E-05 0.113634 0.185063 9.9973E-05 0.103191
9.9973E-05 0.0267755 0.297946 9.9973E-05 9.9973E-05 0.103243 0.529836 0.0418995
0.19182 0.019074 0.406187 9.9982E-05 9.9982E-05 0.10739 0.155027 0.120302
0.120661 0.00958473 0.126883 9.9991E-05 0.175499 0.115985 0.378374 0.0729133
0.12366 0.0223137 0.506297 0.033077 9.9991E-05 0.118014 0.0971074 0.0994305
0.0257748 0.00366227 0.184779 0.0999189 0.0548974 9.9991E-05 0.563113 0.0677549
0.0281454 0.039683 0.566877 0.0303063 0.0229042 0.107003 0.165956 0.0391249
0.0056774 0.00731868 0.249185 0.0684495 0.116032 0.218299 0.334939 9.9991E-05
9.9991E-05 0.0275403 0.188188 0.00364711 0.129577 0.11464 0.475345 0.0609636
0.0382794 9.9973E-05 0.129541 9.9973E-05 0.491665 9.9973E-05 0.328507 0.0117076
9.9982E-05 0.0279286 0.0545151 9.9982E-05 0.218754 0.0419166 0.637815 0.0188711
0.0870799 9.9982E-05 0.093825 9.9982E-05 0.109636 0.0356449 0.493629 0.179985
0.0990132 9.9973E-05 0.0641763 9.9973E-05 0.432037 0.0467333 0.357741 9.9973E-05
0.0629556 9.9991E-05 0.128369 0.0194701 0.143232 0.0819378 0.485294 0.078642
0.0501094 0.0341773 0.00172254 9.9991E-05 0.276154 0.0774339 0.530046 0.0302572
0.0695287 9.9973E-05 0.0881584 9.9973E-05 0.575099 0.169022 0.0978916 9.9973E-05
0.0372577 9.9973E-05 0.00411437 9.9973E-05 0.559042 0.140904 0.258381 9.9973E-05
0.0570218 9.9964E-05 0.0586718 9.9964E-05 0.348426 9.9964E-05 0.535481 9.9964E-05
0.114773 9.9973E-05 0.0645094 9.9973E-05 0.466956 0.204369 0.149093 9.9973E-05
9.9964E-05 9.9964E-05 0.0893937 9.9964E-05 0.416424 0.0574065 0.436376 9.9964E-05
0.0613286 0.0543694 0.548736 9.9982E-05 0.00228237 0.190764 0.14232 9.9982E-05
0.363209 9.9973E-05 0.287968 0.0428223 9.9973E-05 0.142564 0.163137 9.9973E-05
0.108963 0.0268172 0.357104 0.103842 9.9982E-05 0.118262 0.284812 9.9982E-05
9.9973E-05 9.9973E-05 0.142221 0.0677117 9.9973E-05 0.0877175 0.660356 0.0416938
9.9955E-05 9.9955E-05 0.449906 9.9955E-05 9.9955E-05 0.224313 0.325281 9.9955E-05
0.178716 0.0161104 0.0959351 0.0311036 0.0875521 9.9991E-05 0.536142 0.0543408
9.9982E-05 0.0574159 0.26453 0.0934306 9.9982E-05 0.0451706 0.517932 0.021321
0.0260844 9.9991E-05 0.201527 0.0773223 0.0438552 0.130595 0.506923 0.0135939
0.0943545 0.0141666 0.208879 0.103748 9.9982E-05 0.160611 0.418042 9.9982E-05
9.9973E-05 9.9973E-05 0.350467 0.0830822 9.9973E-05 0.104377 0.428633 0.0331406
0.0198004 0.0150051 0.49122 0.100366 9.9982E-05 0.165136 0.208272 9.9982E-05
0.0337229 9.9982E-05 0.412276 0.076326 9.9982E-05 0.129518 0.309271 0.0386857
0.132248 9.9973E-05 0.194472 0.00176244 9.9973E-05 0.0573981 0.613819 9.9973E-05
0.0778426 0.0268307 0.148838 9.9973E-05 9.9973E-05 9.9973E-05 0.653108 0.0930812
0.238415 0.0646252 0.17853 9.9982E-05 0.0447911 0.134076 0.339363 9.9982E-05
0.183984 9.9982E-05 0.267138 0.123094 0.0045702 0.0210178 0.399996 9.9982E-05
0.0818399 0.0182389 0.427691 0.0830499 0.0577321 9.9991E-05 0.318153 0.0131945
0.025289 9.9982E-05 0.23618 0.0435885 9.9982E-05 0.120063 0.550769 0.0239106
0.0320561 9.9982E-05 0.246221 0.0783403 9.9982E-05 0.0759051 0.494949 0.0723284
0.0248278 0.0113516 0.153833 0.0818258 0.031714 0.108716 0.550484 0.0372481
9.9991E-05 0.0337366 0.00979744 0.114089 0.128374 0.0203193 0.38982 0.303764
0.0291342 0.00497309 0.0372648 0.185761 0.0789807 0.0499 0.481461 0.132526
9.9973E-05 9.9973E-05 0.0590876 0.142082 0.200406 9.9973E-05 0.448612 0.149513
0.0600712 0.0470737 0.0214647 0.144207 0.11629 0.0918497 0.485719 0.0333248
0.0879548 9.9982E-05 9.9982E-05 0.182501 0.010884 0.0641064 0.430216 0.224138
0.178852 9.9982E-05 0.201849 0.0117642 0.0930825 0.0441912 0.470061 9.9982E-05
0.0340245 0.0663537 0.0859925 0.195573 9.9991E-05 0.117426 0.32676 0.17377
9.9964E-05 9.9964E-05 9.9964E-05 0.150354 0.442113 0.193259 9.9964E-05 0.213874
9.9982E-05 0.00463356 0.0707439 0.15664 0.0803491 9.9982E-05 0.586327 0.101106
0.10393 0.056546 0.117828 0.186219 0.0531472 9.9982E-05 0.482131 9.9982E-05
0.0316325 0.0243038 0.0371801 0.209276 0.00108526 0.196038 0.482366 0.0181189
0.0422156 0.0404845 0.0216843 0.13811 0.129819 0.211485 0.242552 0.173651
9.9991E-05 0.00855028 0.0423277 0.167436 0.0776999 0.0171769 0.55554 0.131169
0.038144 0.072779 9.9982E-05 0.155955 0.134028 9.9982E-05 0.519814 0.0790802
0.00158637 0.0184867 9.9982E-05 0.16695 0.300327 0.0686739 9.9982E-05 0.443777
9.9982E-05 0.0869681 0.101236 0.214922 0.0777128 9.9982E-05 0.453038 0.0659236
0.0709973 0.0395029 0.0774829 0.145018 0.0513106 9.9991E-05 0.506977 0.108612
0.128299 9.9991E-05 0.0152091 0.0644251 0.0619183 0.013096 0.556844 0.160109
9.9973E-05 0.0412899 9.9973E-05 0.154992 0.118769 9.9973E-05 0.547536 0.137113
0.0625667 0.0321465 0.0919533 0.169404 0.149948 9.9991E-05 0.399464 0.0944178
0.408651 0.0513465 0.0322927 0.0553503 9.9982E-05 0.0959216 0.356238 9.9982E-05
0.213382 0.000591269 9.9982E-05 9.9982E-05 0.0620508 0.0913397 0.5575 0.0749364
0.833453 9.9955E-05 0.130308 9.9955E-05 9.9955E-05 0.0357388 9.9955E-05 9.9955E-05
0.917099 9.9964E-05 0.0782993 9.9964E-05 0.00243737 0.00176483 9.9964E-05 9.9964E-05
0.336008 0.0184773 9.9991E-05 0.0497531 0.055125 0.00982226 0.529635 0.00107977
0.00242941 9.9973E-05 9.9973E-05 0.285246 0.175879 9.9973E-05 0.43116 0.104985
0.202095 0.0371408 9.9982E-05 0.31222 0.10766 9.9982E-05 0.263982 0.0767023
0.207656 0.0297376 0.0179732 0.288296 0.166077 0.00811203 0.155447 0.126701
0.231896 0.0149127 9.9973E-05 0.238175 9.9973E-05 9.9973E-05 0.349055 0.165662
0.67721 0.0012748 9.9982E-05 0.0838075 0.145064 9.9982E-05 0.0355875 0.0568561
0.693374 0.0361043 9.9982E-05 0.097659 0.0322297 9.9982E-05 0.0973247 0.0431079
0.401288 0.044511 9.9973E-05 0.0785562 9.9973E-05 0.000347863 0.474997 9.9973E-05
0.481546 9.9964E-05 9.9964E-05 0.0765713 9.9964E-05 9.9964E-05 0.399316 0.0421664
0.745791 0.0177304 9.9973E-05 0.135403 9.9973E-05 9.9973E-05 0.0747884 0.0259875
0.276366 0.0757651 0.029869 0.096848 9.9982E-05 9.9982E-05 0.485634 0.0353182
0.330998 0.0200972 0.0383887 0.132539 0.0498173 9.9982E-05 0.42796 9.9982E-05
0.280967 0.0377263 0.0614394 0.125523 9.9991E-05 0.0490539 0.337801 0.107389
0.536828 9.9973E-05 0.0855823 9.9973E-05 9.9973E-05 0.0170577 0.347857 0.0123754
0.480298 0.0213727 0.105223 9.9982E-05 0.0558747 0.0655357 0.271496 9.9982E-05
0.296325 0.00818761 0.0924289 9.9982E-05 0.0661343 9.9982E-05 0.454563 0.082162
0.316178 9.9982E-05 0.105116 9.9982E-05 0.049198 0.0915235 0.339 0.0987847
0.119256 9.9991E-05 0.0549448 0.146308 0.142504 0.0553048 0.417658 0.0639243
0.459345 9.9955E-05 9.9955E-05 9.9955E-05 0.116158 9.9955E-05 0.423997 9.9955E-05
0.715827 9.9964E-05 0.0705164 9.9964E-05 0.0478551 9.9964E-05 0.165402 9.9964E-05
0.316611 0.0176547 0.00533301 9.9982E-05 9.9982E-05 0.0540305 0.579228 0.0269426
0.721744 9.9964E-05 0.0188238 9.9964E-05 9.9964E-05 0.107417 0.151615 9.9964E-05
0.53925 0.00770917 9.9973E-05 0.0225808 0.0296076 9.9973E-05 0.400553 9.9973E-05
0.268583 0.0358681 0.0460371 0.0699687 9.9991E-05 0.0218485 0.505101 0.0524935
0.32403 0.0201771 0.0870267 0.0533716 9.9982E-05 0.106592 0.408602 9.9982E-05
0.0623177 0.0493136 0.0258276 0.260555 0.131182 0.0514483 0.38957 0.0297858
0.226036 9.9973E-05 9.9973E-05 0.0600192 0.0290698 9.9973E-05 0.443951 0.240624
0.103514 9.9991E-05 0.0376154 0.27621 0.132929 0.00864904 0.310064 0.130919
0.0654626 0.0337713 0.212 0.257407 0.0428675 0.0311222 0.261813 0.095556
9.9982E-05 9.9982E-05 0.0687921 0.170759 0.112069 0.0757941 0.382909 0.189476
0.241449 0.0533114 9.9982E-05 0.165411 9.9982E-05 0.0674909 0.35547 0.116668
0.645051 0.0223217 9.9973E-05 0.105089 0.0605932 9.9973E-05 9.9973E-05 0.166645
0.111796 0.0130248 0.0406429 0.136306 9.9982E-05 9.9982E-05 0.612146 0.0858842
0.411923 0.0273335 9.9973E-05 0.0793675 0.1354 9.9973E-05 9.9973E-05 0.345676
0.278846 9.9973E-05 9.9973E-05 0.223498 0.0480006 9.9973E-05 0.427235 0.0221205
0.829397 9.9955E-05 9.9955E-05 9.9955E-05 9.9955E-05 0.143629 0.0264746 9.9955E-05
0.914407 9.9946E-05 9.9946E-05 9.9946E-05 9.9946E-05 0.084993 9.9946E-05 9.9946E-05
0.494499 0.000422086 9.9964E-05 9.9964E-05 9.9964E-05 0.0736689 0.43101 9.9964E-05
0.348399 0.0271994 9.9955E-05 9.9955E-05 9.9955E-05 9.9955E-05 0.623902 9.9955E-05
0.558538 9.9964E-05 0.0471474 9.9964E-05 0.0191098 9.9964E-05 0.374805 9.9964E-05
0.499727 9.9955E-05 9.9955E-05 9.9955E-05 9.9955E-05 0.0348318 0.464941 9.9955E-05
0.495598 9.9955E-05 9.9955E-05 9.9955E-05 9.9955E-05 0.00313983 0.500763 9.9955E-05
0.0793741 0.0434284 9.9973E-05 0.0510733 9.9973E-05 9.9973E-05 0.0804809 0.745343
9.9964E-05 0.0606253 0.141167 0.121749 9.9964E-05 9.9964E-05 9.9964E-05 0.676059
9.9964E-05 0.0370679 0.0269654 0.0649941 9.9964E-05 9.9964E-05 9.9964E-05 0.870573
9.9955E-05 0.127336 9.9955E-05 9.9955E-05 9.9955E-05 9.9955E-05 0.0663453 0.805819
0.0677454 0.0375962 9.9991E-05 0.00434068 0.00962686 0.317763 0.498601 0.0642271
9.9991E-05 0.0577753 0.0381994 0.0346621 0.00355099 0.331237 0.474149 0.0603262
9.9964E-05 0.0671523 0.0496841 9.9964E-05 9.9964E-05 0.432685 0.450079 9.9964E-05
9.9973E-05 0.040679 9.9973E-05 9.9973E-05 0.0343899 0.243123 0.632745 0.048763
0.050604 9.9991E-05 0.0693767 0.050209 0.0789187 0.171335 0.465072 0.114385
9.9991E-05 0.00448947 0.187521 0.00753908 0.0567399 0.450948 0.256204 0.0364577
0.0111242 0.00807886 9.9982E-05 0.0670355 9.9982E-05 0.350427 0.555254 0.00788063
9.9955E-05 9.9955E-05 9.9955E-05 9.9955E-05 0.218869 0.492379 0.288252 9.9955E-05
0.0626959 9.9982E-05 9.9982E-05 0.189461 0.0202565 0.0933366 0.402015 0.232035
0.106757 9.9973E-05 9.9973E-05 0.0864886 0.0676188 0.326418 0.412418 9.9973E-05
9.9973E-05 0.0404272 0.128957 0.0307239 9.9973E-05 0.503416 0.296176 9.9973E-05
0.0909877 9.9973E-05 0.00234317 9.9973E-05 9.9973E-05 0.319853 0.577481 0.0090351
0.043339 9.9973E-05 0.0759823 0.00658711 9.9973E-05 0.487348 0.386444 9.9973E-05
0.0392874 9.9982E-05 9.9982E-05 0.0206265 0.0106448 0.328857 0.57815 0.0222342
0.10857 0.070881 0.0481939 9.9982E-05 9.9982E-05 0.186299 0.567301 0.0185552
0.0641686 0.00467987 9.9973E-05 9.9973E-05 0.020127 0.787649 0.123076 9.9973E-05
0.067876 0.0171261 9.9982E-05 0.0337944 0.0826519 0.563501 0.234851 9.9982E-05
0.0591849 0.0184956 9.9973E-05 9.9973E-05 9.9973E-05 0.591068 0.291351 0.0396012
0.0134096 9.9955E-05 9.9955E-05 9.9955E-05 0.139235 0.846856 9.9955E-05 9.9955E-05
0.0662477 9.9973E-05 0.121656 9.9973E-05 9.9973E-05 0.346387 0.434337 0.0310723
0.0807384 0.00154217 9.9973E-05 9.9973E-05 0.266434 0.558013 0.0929721 9.9973E-05
0.122567 9.9964E-05 9.9964E-05 9.9964E-05 0.100057 0.775007 9.9964E-05 0.00196922
0.0953846 0.0559959 0.000512902 0.0139623 0.00187786 0.325824 0.503714 0.0027289
9.9973E-05 0.0100546 0.0759302 9.9973E-05 9.9973E-05 0.691068 0.186252 0.0363947
9.9982E-05 9.9982E-05 0.118229 0.0582645 0.0918084 0.322121 0.356963 0.0524143
0.0152929 0.0524567 0.0128345 0.0107282 0.0651821 0.211562 0.564362 0.0675814
9.9964E-05 9.9964E-05 0.0882815 9.9964E-05 9.9964E-05 0.304539 0.579888 0.0268914
0.12678 9.9982E-05 0.203281 0.000776132 0.175665 0.0406898 0.452608 9.9982E-05
0.115363 0.000244254 0.0178431 0.0242996 0.043866 0.280389 0.502544 0.0154518
0.00851175 0.0299724 0.126356 0.0184995 0.0144446 0.327697 0.465471 0.00904691
9.9973E-05 0.0390559 0.0280695 9.9973E-05 0.00198514 0.617607 0.312982 9.9973E-05
0.000943895 0.0111601 0.0140982 0.0364542 9.9991E-05 0.236653 0.564682 0.135909
9.9973E-05 0.0464806 0.275172 9.9973E-05 0.0868345 9.9973E-05 0.00347575 0.587737
0.00962745 0.09266 0.0985122 0.00862106 0.0581337 0.0586887 0.0404502 0.633307
9.9964E-05 0.152076 0.10346 9.9964E-05 0.0545988 9.9964E-05 9.9964E-05 0.689465
9.9973E-05 0.118823 0.17566 9.9973E-05 0.0249549 0.00454888 9.9973E-05 0.675713
9.9973E-05 0.0528098 0.19111 9.9973E-05 0.0279741 9.9973E-05 0.0654574 0.662349
9.9964E-05 9.9964E-05 0.123724 9.9964E-05 9.9964E-05 0.689281 0.114973 0.0716221
0.00556774 0.0080068 0.102779 9.9991E-05 0.0119339 0.688567 0.105741 0.0773043
0.0203423 9.9964E-05 9.9964E-05 0.0537694 9.9964E-05 0.803396 0.122092 9.9964E-05
0.0441947 0.000643516 0.106521 9.9991E-05 0.0286433 0.0802601 0.607478 0.13216
0.0157701 0.047287 0.0244034 0.0469308 0.0673975 0.178236 0.545121 0.074855
0.0468413 0.00743372 9.9991E-05 0.022736 0.103663 0.520792 0.280813 0.0176211
0.0909368 9.9973E-05 9.9973E-05 0.0738153 0.0102119 0.275977 0.548759 9.9973E-05
0.0122682 9.9982E-05 9.9982E-05 0.0433127 0.0377736 0.453689 0.388377 0.0643794
0.0127599 9.9973E-05 0.137592 9.9973E-05 0.00763458 0.278133 0.563581 9.9973E-05
0.0613742 9.9982E-05 0.0823311 0.143025 0.0588923 0.159986 0.494191 9.9982E-05
0.0234038 9.9973E-05 0.142441 9.9973E-05 9.9973E-05 0.536175 0.272473 0.0252068
9.9964E-05 0.0300972 0.0610321 9.9964E-05 9.9964E-05 0.583515 0.324956 9.9964E-05
9.9964E-05 0.0145025 0.120935 9.9964E-05 9.9964E-05 0.596738 0.267425 9.9964E-05
9.9973E-05 9.9973E-05 0.0534407 9.9973E-05 0.163267 0.137545 0.553924 0.0915236
0.0115315 0.00780377 0.00972406 9.9973E-05 9.9973E-05 0.508847 0.461794 9.9973E-05
0.0501801 0.0434109 0.0330405 0.027558 0.00688402 0.375409 0.453364 0.010153
9.9982E-05 0.0282644 0.115285 0.359083 0.0762057 9.9982E-05 0.387034 0.0339278
0.00232358 0.0430423 0.0306337 0.34756 0.0402857 9.9991E-05 0.453008 0.0830467
9.9955E-05 9.9955E-05 9.9955E-05 0.415248 9.9955E-05 9.9955E-05 0.477346 0.106906
0.0281471 0.0187136 9.9991E-05 0.412396 0.112476 0.0251265 0.340049 0.0629918
9.9982E-05 0.086753 9.9982E-05 0.190252 0.0614394 0.0494579 0.512293 0.099605
9.9973E-05 9.9973E-05 9.9973E-05 0.0482499 0.15224 0.327921 0.408659 0.06263
9.9982E-05 0.0156206 0.0251976 0.638859 0.0415349 9.9982E-05 0.0223369 0.256251
0.0963193 0.0445692 9.9982E-05 0.482226 0.000703521 9.9982E-05 0.265265 0.110717
9.9982E-05 0.024125 9.9982E-05 0.126831 0.226978 0.10057 0.404987 0.116309
9.9973E-05 0.0595794 0.0312012 9.9973E-05 0.31188 9.9973E-05 0.562172 0.0348679
9.9964E-05 0.106872 0.0609686 9.9964E-05 0.363036 9.9964E-05 0.468723 9.9964E-05
9.9991E-05 0.0231899 0.0636722 0.0210317 0.261118 0.0194375 0.537118 0.0743332
0.0028602 9.9982E-05 0.0487417 9.9982E-05 0.100684 0.0481062 0.729292 0.0701162
0.0300185 0.100953 9.9973E-05 0.413484 9.9973E-05 9.9973E-05 0.344379 0.110865
9.9982E-05 0.0335688 0.0804239 0.312275 9.9982E-05 0.0588714 0.381602 0.133058
9.9964E-05 9.9964E-05 9.9964E-05 0.467101 0.020187 9.9964E-05 0.469244 0.0430684
0.0726216 0.0839841 0.0664165 0.325791 9.9982E-05 0.0473316 0.403655 9.9982E-05
9.9982E-05 0.049698 0.0323138 0.463316 0.0246294 9.9982E-05 0.337946 0.0918968
0.0519304 0.0588782 0.058844 0.3562 0.0231191 0.0295222 0.281484 0.140022
0.0178396 0.00112579 9.9982E-05 0.58861 9.9982E-05 0.0621264 0.219972 0.110126
0.0142061 9.9991E-05 0.0520163 0.380853 0.0301463 0.0421654 0.423153 0.0573603
9.9973E-05 9.9973E-05 9.9973E-05 0.0218796 0.383669 0.0272586 0.554856 0.012037
9.9991E-05 0.0558648 0.00865585 0.335195 0.0239576 0.169392 0.235592 0.171243
9.9973E-05 0.00781883 9.9973E-05 0.576171 0.0558968 9.9973E-05 0.228538 0.131275
0.0374952 0.0595714 0.0776534 0.310225 9.9991E-05 0.0279245 0.369873 0.117158
9.9982E-05 0.0285535 0.258476 9.9982E-05 0.351368 0.00731016 0.268761 0.0853311
9.9973E-05 0.0121564 0.0840689 0.0635653 0.299262 9.9973E-05 0.540648 9.9973E-05
0.0500967 0.0129811 0.0741673 0.278994 0.0292961 0.126767 0.322704 0.104994
0.0197452 0.0381807 0.107212 0.0394456 0.16166 0.0243476 0.578313 0.0310955
0.0162411 0.0563172 9.9982E-05 9.9982E-05 0.216136 0.0881974 0.461961 0.160947
9.9973E-05 9.9973E-05 9.9973E-05 0.25821 0.0728498 0.099505 0.374703 0.194432
0.0795743 0.0212805 9.9982E-05 0.294999 0.0621643 9.9982E-05 0.319696 0.222087
9.9991E-05 0.0165044 0.0409066 0.0831283 0.14948 0.0574115 0.609638 0.0428304
9.9982E-05 0.0307889 0.0333719 0.429117 9.9982E-05 0.0823596 0.361828 0.0623339
0.0757716 9.9973E-05 9.9973E-05 0.431897 0.000422997 9.9973E-05 0.395922 0.0956856
9.9973E-05 0.00563685 9.9973E-05 0.555083 0.0101465 9.9973E-05 0.171057 0.257777
0.0316012 0.0567324 0.0201716 9.9991E-05 0.197571 0.0118545 0.589283 0.0926864
9.9982E-05 0.0133519 0.101324 9.9982E-05 0.294889 0.0760901 0.466295 0.0478505
9.9982E-05 0.0404402 0.0126842 9.9982E-05 0.683099 0.0137601 0.242005 0.00781222
9.9973E-05 9.9973E-05 9.9973E-05 0.0199115 0.177289 0.0976053 0.560018 0.144876
0.0905442 9.9982E-05 0.22616 0.0268531 0.170424 9.9982E-05 0.404565 0.0812534
9.9982E-05 0.0147482 9.9982E-05 0.144738 0.117469 0.124195 0.457564 0.141086
0.0323884 0.0814519 0.179547 0.012685 0.107522 9.9991E-05 0.521401 0.0649043
9.9964E-05 9.9964E-05 9.9964E-05 0.183267 0.534636 0.00484612 9.9964E-05 0.276851
9.9964E-05 0.0644282 9.9964E-05 0.0806103 0.689391 9.9964E-05 9.9964E-05 0.16517
0.0263593 0.0147197 0.0282666 0.101229 0.388377 0.0528424 0.250033 0.138173
