0.0836384 9.9991E-05 0.916262
0.0416426 9.9991E-05 0.958257
0.19747 9.9991E-05 0.80243
0.162398 0.0143903 0.823212
0.147047 9.9991E-05 0.852853
0.0842554 0.218675 0.697069
0.0424581 0.0673868 0.890155
0.0843837 0.115888 0.799729
9.9991E-05 0.0755098 0.92439
0.192021 0.0837894 0.72419
0.0984669 0.126411 0.775122
0.156368 0.732273 0.111359
0.356869 0.625997 0.017134
0.145374 0.720492 0.134133
0.304941 0.564307 0.130751
0.312158 0.54254 0.145301
0.40947 0.482107 0.108422
0.296023 0.677015 0.0269622
0.259333 0.545769 0.194899
9.9991E-05 0.732197 0.267703
0.289936 0.665573 0.0444913
0.292858 0.64594 0.0612025
0.406442 0.593458 9.9991E-05
0.206108 0.671337 0.122555
0.416691 0.537346 0.0459634
0.407354 0.566458 0.0261886
0.144003 0.710182 0.145815
0.243261 0.618093 0.138646
0.0784695 0.771058 0.150472
0.205476 9.9991E-05 0.794424
0.175034 9.9991E-05 0.824866
0.183556 0.0628728 0.753571
0.204658 0.00921612 0.786126
0.305443 0.694457 9.9991E-05
0.336037 0.649167 0.0147963
0.36417 0.63573 9.9991E-05
0.0182577 0.721037 0.260706
0.197482 0.762607 0.0399116
0.324914 0.605403 0.0696829
0.438202 0.561698 9.9991E-05
0.362868 0.574132 0.0629997
0.414383 0.555022 0.0305944
9.9991E-05 0.936099 0.0638013
0.423288 0.562883 0.0138289
0.432843 0.566753 0.000403426
0.379827 0.530604 0.0895691
0.144468 0.855432 9.9991E-05
0.402964 0.596936 9.9991E-05
0.391721 0.556509 0.0517706
9.9991E-05 0.821831 0.178069
9.9991E-05 0.886479 0.113421
0.0111212 0.820195 0.168683
0.423341 0.542753 0.0339061
0.474815 0.519271 0.00591417
0.475199 0.450063 0.0747376
0.0136345 0.785298 0.201067
0.322435 0.673966 0.00359943
0.41853 0.493885 0.0875844
0.218226 0.631361 0.150412
0.0662265 0.609276 0.324497
0.361133 0.638767 9.9991E-05
0.276752 0.613011 0.110237
9.9991E-05 0.792959 0.206941
0.283152 0.691381 0.0254665
0.400921 0.598979 9.9991E-05
0.389049 0.571919 0.0390323
0.126702 0.750077 0.123221
0.35138 0.64852 9.9991E-05
0.413619 0.57279 0.0135905
0.0366331 0.818853 0.144514
0.22625 0.77365 9.9991E-05
0.0731111 0.883879 0.0430096
0.368279 0.624021 0.00770046
9.9991E-05 0.926206 0.0736945
9.9991E-05 0.977753 0.0221467
0.148522 0.851378 9.9991E-05
0.261165 0.738735 9.9991E-05
0.324828 0.552033 0.12314
0.317775 0.682125 9.9991E-05
0.0870341 0.820165 0.092801
0.0803891 0.809299 0.110312
0.306322 0.641252 0.0524255
0.154034 0.815813 0.0301525
0.254786 0.700657 0.0445575
0.124259 0.875641 9.9991E-05
9.9991E-05 0.908916 0.0909835
0.353845 0.646055 9.9991E-05
0.148446 0.0337405 0.817813
0.0980286 9.9991E-05 0.901871
0.177652 9.9991E-05 0.822248
0.104936 9.9991E-05 0.894964
0.132223 9.9991E-05 0.867677
0.143323 9.9991E-05 0.856577
0.113008 9.9991E-05 0.886892
0.366157 0.612959 0.0208831
0.375797 0.624103 9.9991E-05
9.9991E-05 0.921381 0.0785194
0.352321 0.537547 0.110132
0.250478 0.749422 9.9991E-05
0.346833 0.653067 9.9991E-05
0.327932 0.671968 9.9991E-05
0.324195 0.675705 9.9991E-05
9.9991E-05 0.870908 0.128992
0.28357 0.594393 0.122037
0.401237 0.598663 9.9991E-05
0.420773 0.579127 9.9991E-05
0.167716 0.832184 9.9991E-05
0.260715 0.739185 9.9991E-05
0.280827 0.719073 9.9991E-05
0.24352 0.75638 9.9991E-05
0.198106 0.758611 0.0432833
0.351353 0.612691 0.0359558
0.0893179 0.790595 0.120087
0.245199 0.560496 0.194304
0.384044 0.544934 0.0710222
0.414453 0.55688 0.0286663
0.268073 0.707148 0.0247785
0.336774 0.663126 9.9991E-05
0.228481 0.710713 0.060806
0.297604 0.636654 0.0657423
0.374156 0.575324 0.0505202
0.349932 0.649968 9.9991E-05
0.252822 0.747078 9.9991E-05
0.431872 0.510316 0.0578125
0.374228 0.536817 0.0889551
0.394033 0.605867 9.9991E-05
0.38083 0.544431 0.0747398
0.384596 0.615304 9.9991E-05
0.191382 0.666273 0.142345
0.432722 0.567178 9.9991E-05
0.420424 0.579476 9.9991E-05
0.155784 0.722827 0.12139
9.9991E-05 0.810954 0.188946
0.348441 0.627596 0.0239633
9.9991E-05 0.914083 0.0858171
0.0567456 0.824277 0.118977
0.224493 0.71369 0.0618175
0.107597 0.820489 0.0719143
0.146669 0.717304 0.136028
0.44422 0.508399 0.047381
0.331799 0.536741 0.13146
0.32255 0.653787 0.0236632
0.0409612 0.826489 0.132549
0.331665 0.557645 0.11069
0.333101 0.621229 0.0456694
9.9991E-05 0.669549 0.330351
0.403702 0.525207 0.071091
0.223903 0.672701 0.103396
0.373065 0.591498 0.0354372
0.151442 0.642699 0.205859
0.0132084 0.786494 0.200297
0.229378 0.704467 0.0661556
0.289741 0.585972 0.124287
0.238476 0.623781 0.137743
0.12426 0.681938 0.193802
0.346695 0.554991 0.0983137
0.122747 0.826501 0.0507519
0.253737 0.746163 9.9991E-05
0.401137 0.512011 0.0868517
0.374251 0.239825 0.385924
0.168001 0.0712289 0.76077
0.164389 0.175161 0.66045
0.381586 0.13572 0.482694
0.378439 0.621461 9.9991E-05
0.395597 0.595359 0.00904368
0.946389 0.0482853 0.00532604
0.667682 0.332218 9.9991E-05
0.542809 0.339043 0.118148
0.143073 0.768298 0.0886287
0.399347 0.559612 0.0410411
0.104285 0.803191 0.0925239
0.351946 0.647954 9.9991E-05
0.25159 0.686899 0.0615117
0.34363 0.65627 9.9991E-05
0.120508 0.804654 0.0748379
0.422486 0.577414 9.9991E-05
0.388097 0.543367 0.0685364
0.966285 9.9991E-05 0.0336154
0.978842 0.0210577 9.9991E-05
0.729516 0.201328 0.0691563
0.88101 0.0314039 0.0875859
0.907537 0.0435294 0.0489334
0.971041 9.9991E-05 0.028859
0.869015 9.9991E-05 0.130885
0.967427 9.9991E-05 0.0324733
0.958041 9.9991E-05 0.0418586
0.973116 9.9991E-05 0.0267838
0.938874 9.9991E-05 0.0610259
0.905215 0.0109713 0.0838135
0.899181 9.9991E-05 0.100719
0.946932 9.9991E-05 0.0529679
0.622135 0.318091 0.0597748
0.761414 0.118572 0.120014
0.839668 0.0610656 0.0992662
0.900529 9.9991E-05 0.0993706
0.961461 9.9991E-05 0.0384386
0.929688 9.9991E-05 0.0702122
0.948382 9.9991E-05 0.0515182
0.812144 0.0884942 0.099362
0.899133 9.9991E-05 0.100767
0.0484565 0.413029 0.538515
0.357821 0.449509 0.19267
0.343976 0.434675 0.221349
0.164873 0.465559 0.369568
0.397043 0.454417 0.14854
0.246979 0.450992 0.302029
0.339848 0.465439 0.194713
0.359931 0.447373 0.192696
0.4433 0.430544 0.126156
0.432288 0.368847 0.198865
0.342917 0.436648 0.220435
0.0897364 0.0519184 0.858345
0.0945433 9.9991E-05 0.905357
0.0390717 9.9991E-05 0.960828
0.068047 9.9991E-05 0.931853
0.100821 9.9991E-05 0.899079
0.109467 9.9991E-05 0.890433
0.136721 9.9991E-05 0.863179
0.0514933 0.0432062 0.905301
0.107242 9.9991E-05 0.892658
0.134735 9.9991E-05 0.865165
9.9991E-05 0.264439 0.735461
9.9991E-05 0.290903 0.708997
9.9991E-05 0.323916 0.675984
9.9991E-05 0.390383 0.609517
0.282967 0.703216 0.0138173
0.303081 0.696819 9.9991E-05
0.341743 0.658157 9.9991E-05
0.129335 0.772686 0.0979781
0.0536303 0.832401 0.113969
0.405653 0.589715 0.00463264
0.310736 0.689164 9.9991E-05
0.247707 0.752193 9.9991E-05
0.250324 0.749576 9.9991E-05
0.369823 0.598438 0.0317392
0.248184 0.751716 9.9991E-05
9.9991E-05 0.946684 0.0532161
0.285226 0.655731 0.0590428
0.112636 0.85706 0.030304
0.314062 0.685838 9.9991E-05
9.9991E-05 0.902816 0.0970835
9.9991E-05 0.646703 0.353197
9.9991E-05 0.694042 0.305858
9.9991E-05 0.70651 0.293391
9.9991E-05 0.646846 0.353054
9.9991E-05 0.739236 0.260664
9.9991E-05 0.704858 0.295042
0.163657 9.9991E-05 0.836243
0.153144 0.00814657 0.838709
0.229241 0.0136627 0.757096
0.20353 0.00505721 0.791413
0.196342 9.9991E-05 0.803558
9.9991E-05 0.439278 0.560622
9.9991E-05 0.377911 0.621989
9.9991E-05 0.417543 0.582357
0.17732 9.9991E-05 0.82258
9.9991E-05 0.450611 0.549289
0.586179 0.171328 0.242493
0.651014 0.282386 0.0666003
0.627577 0.209882 0.162541
0.447208 0.329313 0.223479
0.437819 0.463691 0.0984903
0.365535 0.0609556 0.57351
0.199508 0.770546 0.0299457
0.160328 0.756198 0.0834733
0.0599897 0.745248 0.194762
0.207658 0.792242 9.9991E-05
9.9991E-05 0.879957 0.119943
0.335697 0.58001 0.0842928
0.271193 0.728707 9.9991E-05
0.10519 0.760016 0.134794
0.351169 0.56879 0.0800418
9.9991E-05 0.908111 0.0917895
0.2918 0.705803 0.00239647
0.283991 0.715909 9.9991E-05
0.419812 0.421476 0.158712
0.185863 0.814037 9.9991E-05
0.290837 0.664661 0.0445013
0.338494 0.661406 9.9991E-05
0.255568 0.691246 0.0531857
0.408585 0.582771 0.00864371
0.395258 0.546427 0.0583154
0.376994 0.54868 0.0743264
0.248453 9.9991E-05 0.751447
0.173471 9.9991E-05 0.826429
0.0703768 0.1219 0.807723
0.112106 0.0423631 0.845531
0.169301 9.9991E-05 0.830599
0.10072 0.779287 0.119993
0.29832 0.58726 0.11442
0.483387 0.322408 0.194205
0.400396 0.599504 9.9991E-05
0.342438 0.64107 0.0164919
0.159085 0.793484 0.0474309
9.9991E-05 0.698195 0.301705
0.236893 0.726412 0.0366954
0.0190643 0.725727 0.255208
0.241135 0.701908 0.0569569
0.0205924 0.679878 0.29953
0.41079 0.512271 0.0769391
0.0460048 0.749993 0.204002
0.245202 0.643537 0.111261
0.268685 0.645726 0.0855892
0.102737 0.762829 0.134434
0.317268 0.627971 0.0547614
0.404247 0.57 0.025753
0.140021 0.798084 0.0618945
0.346763 0.561337 0.0919001
0.294475 0.682641 0.0228841
9.9991E-05 0.936727 0.0631726
0.0965582 0.84249 0.0609517
0.275431 0.724469 9.9991E-05
9.9991E-05 0.856638 0.143262
0.196877 0.727044 0.0760794
0.0114785 0.823585 0.164936
0.118869 0.881031 9.9991E-05
0.203911 0.676825 0.119264
0.460538 0.539362 9.9991E-05
0.0930698 0.90683 9.9991E-05
0.31798 0.568931 0.113089
0.349181 0.597621 0.0531979
0.281424 0.663527 0.055049
0.312664 0.683525 0.003811
0.271321 0.629294 0.0993849
0.138086 0.811837 0.0500775
0.196419 0.74328 0.0603001
0.369224 0.630676 9.9991E-05
0.338416 0.621255 0.040329
0.266888 0.681013 0.052099
0.387965 0.611935 9.9991E-05
0.226486 0.615654 0.15786
0.37086 0.62904 9.9991E-05
0.350893 0.585646 0.0634614
0.419076 0.53494 0.0459842
0.388846 0.324876 0.286277
0.518425 0.39307 0.0885057
0.451022 0.431807 0.117171
0.441328 0.519784 0.0388873
0.466301 0.369542 0.164158
0.272068 0.727832 9.9991E-05
0.50365 0.358328 0.138022
0.144501 0.451071 0.404428
0.495883 0.432112 0.0720055
0.510916 0.40395 0.0851335
0.497666 0.421383 0.0809508
0.325721 0.446626 0.227654
0.541001 0.314128 0.144871
0.497623 0.351357 0.151021
0.180779 0.163805 0.655416
0.52775 0.313528 0.158722
0.68307 0.262184 0.0547453
0.50435 0.49555 9.9991E-05
0.553733 0.284565 0.161702
0.380805 0.476296 0.142899
0.256658 0.618836 0.124506
0.373857 0.555078 0.0710653
9.9991E-05 0.950595 0.0493048
9.9991E-05 0.88895 0.11095
0.372522 0.572466 0.0550127
0.59467 0.322293 0.0830371
0.591836 0.29328 0.114884
0.3921 0.296055 0.311845
0.522438 0.243795 0.233767
0.156117 0.659077 0.184806
0.227967 0.620451 0.151582
0.400651 0.599249 9.9991E-05
0.420372 0.559877 0.0197512
0.243726 0.661257 0.0950177
0.401527 0.584406 0.0140668
0.444845 0.555055 9.9991E-05
0.351192 0.544296 0.104512
0.169793 0.771802 0.0584042
0.190665 0.807341 0.00199332
0.336392 0.663508 9.9991E-05
0.258167 0.693581 0.0482525
0.275221 0.62426 0.100519
0.243016 0.756884 9.9991E-05
0.0760735 0.913164 0.0107623
0.39667 0.60323 9.9991E-05
0.119 0.880494 0.000506493
0.270096 0.729804 9.9991E-05
0.397125 0.568639 0.0342365
0.297024 0.667422 0.035554
0.472325 0.418753 0.108923
0.433734 0.402835 0.163431
0.46678 0.385216 0.148004
0.415766 0.385249 0.198986
0.517061 0.355736 0.127203
0.400032 0.4522 0.147768
0.157533 0.522756 0.319711
0.574502 0.39751 0.0279878
0.137216 0.293751 0.569033
0.552376 0.422985 0.0246391
9.9991E-05 0.959858 0.0400416
9.9991E-05 0.916165 0.083735
0.236157 0.763743 9.9991E-05
0.367873 0.632027 9.9991E-05
0.207347 0.792553 9.9991E-05
0.2958 0.7041 9.9991E-05
0.306385 0.693515 9.9991E-05
0.142974 0.0429081 0.814118
0.124202 0.0614358 0.814362
0.094375 9.9991E-05 0.905525
0.112113 9.9991E-05 0.887787
0.30995 0.683752 0.00629852
0.290652 0.66321 0.046138
0.250619 0.749281 9.9991E-05
0.377057 0.564841 0.0581019
0.424754 0.575146 9.9991E-05
0.0916746 0.874283 0.0340428
0.337746 0.662154 9.9991E-05
0.166671 0.833229 9.9991E-05
0.477882 0.272325 0.249792
0.281244 0.718656 9.9991E-05
0.175953 0.821118 0.00292957
0.307633 0.692267 9.9991E-05
0.252694 0.747206 9.9991E-05
0.317625 0.682275 9.9991E-05
0.395821 0.604079 9.9991E-05
0.0123058 0.987594 9.9991E-05
0.097811 0.846065 0.0561242
0.161245 0.838655 9.9991E-05
9.9991E-05 0.988427 0.0114729
0.239622 0.757954 0.00242417
0.0107742 0.917963 0.0712631
9.9991E-05 0.906431 0.093469
0.413191 0.586709 9.9991E-05
0.0723699 0.824026 0.103604
0.2802 0.705959 0.0138401
0.453024 0.50719 0.0397859
0.296384 0.703516 9.9991E-05
0.207903 0.791997 9.9991E-05
0.297579 0.702321 9.9991E-05
0.317057 0.682843 9.9991E-05
0.192671 0.807229 9.9991E-05
0.320609 0.679291 9.9991E-05
9.9991E-05 0.256492 0.743408
0.091937 0.146979 0.761084
9.9991E-05 0.0783646 0.921535
9.9991E-05 0.101686 0.898214
0.0252858 0.147373 0.827342
0.0466215 0.899678 0.0537002
9.9991E-05 0.919276 0.0806239
0.0851243 0.914776 9.9991E-05
0.441974 0.534304 0.0237219
0.413073 0.518402 0.0685241
0.202099 0.797801 9.9991E-05
0.383286 0.616614 9.9991E-05
0.240469 0.709239 0.0502925
0.293691 0.706209 9.9991E-05
0.357201 0.642699 9.9991E-05
0.123172 0.876728 9.9991E-05
0.206032 0.793868 9.9991E-05
0.117362 0.882538 9.9991E-05
0.371092 0.536521 0.0923871
0.165161 0.825922 0.00891663
0.272517 0.727383 9.9991E-05
0.701181 0.153208 0.145611
0.735411 0.186468 0.0781203
0.75888 0.179082 0.0620381
0.676169 0.167132 0.156698
0.594501 0.280101 0.125398
0.323463 0.676437 9.9991E-05
0.687207 9.9991E-05 0.312693
0.670588 0.166666 0.162746
0.429627 0.441519 0.128854
0.317376 0.549419 0.133205
0.23376 0.615612 0.150628
0.430318 0.52798 0.0417018
0.399368 0.556411 0.0442215
0.73428 0.0839534 0.181766
0.540808 0.317883 0.141309
0.798567 0.122831 0.0786023
0.562396 0.389062 0.0485414
0.721915 0.14873 0.129355
0.645133 0.223456 0.131411
0.753486 0.0638161 0.182698
0.696016 0.182493 0.121491
0.396339 0.536214 0.0674466
0.57047 0.201294 0.228236
0.816797 9.9991E-05 0.183103
0.569448 0.359479 0.0710733
0.108994 0.64095 0.250056
0.454899 0.545001 9.9991E-05
0.524569 0.381215 0.0942166
0.373037 0.508061 0.118903
0.316571 0.521712 0.161716
0.47221 0.30156 0.22623
0.521834 0.25129 0.226876
0.432145 0.465512 0.102343
0.610544 0.284073 0.105382
0.748505 0.196661 0.0548338
0.74157 9.9991E-05 0.25833
0.425715 0.477206 0.0970796
0.266983 0.609854 0.123163
0.127061 0.640366 0.232574
0.438127 0.46825 0.0936228
0.286163 0.542673 0.171164
0.490395 0.382803 0.126802
0.357682 0.567446 0.0748722
0.209093 0.291303 0.499604
0.138517 0.325937 0.535546
0.253058 0.508984 0.237958
0.227686 0.29538 0.476933
0.273395 0.15294 0.573665
0.364497 0.459142 0.176361
0.412221 0.342775 0.245004
0.295358 0.335829 0.368813
0.21557 0.388753 0.395676
0.411497 0.459363 0.129141
0.230237 0.477041 0.292722
0.063018 0.276501 0.660481
0.469467 0.432158 0.0983754
0.507182 0.282533 0.210285
0.457703 0.263276 0.279021
0.62033 0.215904 0.163766
0.547809 0.333466 0.118724
0.552196 0.313981 0.133823
0.492897 0.179082 0.328022
0.547686 0.312894 0.139419
0.579755 0.229139 0.191105
0.49051 0.222765 0.286725
0.320274 0.516095 0.163631
0.46063 0.436635 0.102735
0.467047 0.411032 0.121921
0.436501 0.4872 0.0762992
0.542492 0.180597 0.276911
0.414961 0.419176 0.165863
0.372502 0.228761 0.398738
0.593378 0.29694 0.109682
0.46894 0.238735 0.292325
0.056057 0.0902886 0.853654
0.00711507 0.690644 0.302241
9.9991E-05 0.747504 0.252396
9.9991E-05 0.710097 0.289803
9.9991E-05 0.74147 0.25843
9.9991E-05 0.681085 0.318815
9.9991E-05 0.750373 0.249527
9.9991E-05 0.688579 0.311321
9.9991E-05 0.595574 0.404326
0.0700595 9.9991E-05 0.92984
0.0513503 0.0790847 0.869565
0.0999521 9.9991E-05 0.899948
0.0832841 0.0831676 0.833548
0.0940682 9.9991E-05 0.905832
0.0574862 9.9991E-05 0.942414
0.221051 9.9991E-05 0.778849
0.155841 9.9991E-05 0.844059
0.166829 0.102638 0.730534
0.135417 9.9991E-05 0.864483
0.0531464 9.9991E-05 0.946754
0.158625 9.9991E-05 0.841275
0.0659428 9.9991E-05 0.933957
0.150983 9.9991E-05 0.848917
0.185237 9.9991E-05 0.814663
0.195275 9.9991E-05 0.804625
0.270765 9.9991E-05 0.729135
0.239432 9.9991E-05 0.760468
0.217275 9.9991E-05 0.782625
0.22415 0.596579 0.17927
0.399729 0.59608 0.00419183
0.360278 0.5183 0.121422
0.0546215 0.759698 0.18568
0.297759 0.588715 0.113525
0.0456714 0.667782 0.286546
0.457203 0.497449 0.045348
0.195654 0.692842 0.111504
0.284213 0.639886 0.0759009
0.270769 0.729131 9.9991E-05
0.217226 0.66499 0.117784
0.404985 0.576009 0.0190058
0.34186 0.589762 0.0683783
9.9991E-05 0.879945 0.119955
9.9991E-05 0.753391 0.246509
0.0409746 0.747896 0.21113
0.41353 0.570116 0.0163542
0.358419 0.552499 0.0890826
0.299392 0.554759 0.14585
0.459304 0.491994 0.0487014
0.517566 0.379381 0.103052
0.534284 0.306187 0.159529
0.234189 0.27518 0.490631
0.395003 0.535029 0.069968
0.373925 0.431398 0.194677
0.160271 0.232393 0.607336
0.444447 0.317862 0.237691
0.379295 0.274878 0.345828
0.339692 0.356705 0.303603
0.463997 0.388805 0.147199
0.480216 0.372131 0.147653
0.568501 0.34809 0.0834094
0.488463 0.373644 0.137893
0.330691 0.199174 0.470135
