0.909959 0.0899414 9.9991E-05
0.941241 0.0586589 9.9991E-05
0.809458 0.190442 9.9991E-05
0.8266 0.145367 0.0280329
0.837874 0.162026 9.9991E-05
0.681407 0.0764187 0.242174
0.886707 0.0484915 0.064802
0.787091 0.0708024 0.142107
0.907045 9.9991E-05 0.0928545
0.75013 0.151235 0.098635
0.805385 0.0293642 0.165251
0.115123 0.158434 0.726443
0.0192896 0.307215 0.673495
0.125099 0.178492 0.696409
0.132747 0.294409 0.572843
0.152849 0.362312 0.484839
0.0419361 0.431085 0.526979
0.0458341 0.309252 0.644914
0.149272 0.283808 0.566919
0.239089 9.9991E-05 0.760811
0.0502429 0.325102 0.624655
9.9991E-05 0.315962 0.683938
0.0419916 0.358661 0.599348
0.123369 0.234815 0.641816
0.0441771 0.470303 0.485519
0.0260233 0.390342 0.583635
0.150808 0.169135 0.680058
0.110235 0.315874 0.573891
0.15004 0.066996 0.782964
0.803883 0.196017 9.9991E-05
0.796443 0.203457 9.9991E-05
0.775543 0.224357 9.9991E-05
0.779134 0.220766 9.9991E-05
9.9991E-05 0.319345 0.680555
0.0319858 0.37018 0.597834
9.9991E-05 0.428425 0.571475
0.20198 0.0350946 0.762925
0.0185677 0.228449 0.752983
0.0274455 0.364481 0.608074
9.9991E-05 0.502486 0.497414
0.0408974 0.385531 0.573572
0.106831 0.444488 0.448681
0.101389 0.00335903 0.895252
9.9991E-05 0.476017 0.523883
9.9991E-05 0.451172 0.548728
0.108012 0.487144 0.404844
9.9991E-05 0.181942 0.817958
9.9991E-05 0.444763 0.555137
0.0464775 0.43029 0.523232
0.15982 9.9991E-05 0.84008
0.0915007 0.0543634 0.854136
0.149366 0.029111 0.821523
0.0660608 0.393354 0.540586
0.0190401 0.481873 0.499087
0.00617758 0.470352 0.523471
0.199719 0.0271808 0.7731
9.9991E-05 0.356495 0.643405
9.9991E-05 0.423405 0.576495
0.117304 0.236888 0.645808
0.349863 0.0443202 0.605817
0.0199727 0.367967 0.61206
0.0803779 0.276884 0.642738
0.192661 9.9991E-05 0.807239
9.9991E-05 0.326147 0.673753
9.9991E-05 0.445682 0.554218
0.0197232 0.45044 0.529836
0.100384 0.143386 0.75623
0.0342681 0.329057 0.636674
0.00598227 0.413929 0.580088
0.163943 0.0235867 0.81247
9.9991E-05 0.281607 0.718293
0.0272027 0.128635 0.844162
0.0581777 0.405677 0.536145
0.045688 9.9991E-05 0.954212
0.0274417 9.9991E-05 0.972458
9.9991E-05 0.184551 0.815349
9.9991E-05 0.322949 0.676951
0.0708967 0.417174 0.511929
9.9991E-05 0.348308 0.651592
0.0520478 0.10331 0.844643
0.0982149 0.103637 0.798148
0.128279 0.317633 0.554087
0.000866392 0.20505 0.794084
0.0213824 0.284926 0.693692
0.00870073 0.197181 0.794118
0.059885 9.9991E-05 0.940015
9.9991E-05 0.384268 0.615632
0.790108 0.18885 0.0210417
0.884439 0.115461 9.9991E-05
0.864435 0.135465 9.9991E-05
0.887643 0.112257 9.9991E-05
0.861685 0.138215 9.9991E-05
0.894733 0.105167 9.9991E-05
0.907614 0.0922864 9.9991E-05
0.0891593 0.405256 0.505585
0.0150034 0.482747 0.502249
0.0855074 9.9991E-05 0.914393
0.0206542 0.413972 0.565374
0.00685655 0.26459 0.728554
9.9991E-05 0.375696 0.624204
9.9991E-05 0.378858 0.621042
9.9991E-05 0.398908 0.600992
0.11261 9.9991E-05 0.88729
0.133155 0.293257 0.573588
9.9991E-05 0.502778 0.497122
0.0796773 0.474656 0.445667
9.9991E-05 0.202321 0.797579
9.9991E-05 0.335048 0.664852
0.00943505 0.298245 0.69232
9.9991E-05 0.294098 0.705802
9.9991E-05 0.276174 0.723726
0.0655227 0.423653 0.510824
0.085687 0.105837 0.808476
0.171064 0.264833 0.564103
0.083254 0.348281 0.568465
0.041491 0.414076 0.544433
0.0786599 0.234833 0.686507
9.9991E-05 0.37528 0.62462
0.0580383 0.278261 0.663701
0.0866755 0.342984 0.57034
0.028015 0.453758 0.518227
0.0772773 0.338969 0.583753
0.00837891 0.258202 0.733419
0.00470715 0.447505 0.547788
0.103431 0.388221 0.508348
9.9991E-05 0.410673 0.589227
0.0529118 0.471683 0.475406
9.9991E-05 0.434859 0.565041
0.153911 0.219519 0.626571
9.9991E-05 0.419636 0.580264
9.9991E-05 0.489272 0.510628
0.089359 0.171308 0.739333
0.136689 0.101953 0.761358
0.0109002 0.374635 0.614465
0.0461548 0.0713427 0.882503
0.157383 0.068167 0.77445
0.0249424 0.214709 0.760349
0.0687607 0.145217 0.786022
0.0932826 0.154643 0.752075
0.0621566 0.409338 0.528505
0.107163 0.415759 0.477079
0.0782204 0.341029 0.58075
0.155292 0.0705415 0.774167
0.0907732 0.303476 0.605751
9.9991E-05 0.34306 0.65684
0.307889 9.9991E-05 0.692011
0.0454835 0.437144 0.517373
0.110851 0.239701 0.649448
0.00415273 0.41276 0.583087
0.174384 0.14209 0.683526
0.185821 0.0451318 0.769047
0.0731916 0.25036 0.676448
0.0802097 0.370393 0.549397
0.132176 0.347421 0.520404
0.176367 0.134817 0.688816
0.0829351 0.33206 0.585005
9.9991E-05 0.178559 0.821341
0.0471034 0.269672 0.683225
0.0812292 0.451835 0.466936
0.383793 0.339766 0.276441
0.755469 0.137243 0.107288
0.678714 0.140973 0.180314
0.493073 0.401525 0.105402
9.9991E-05 0.445485 0.554415
0.00764762 0.402568 0.589784
9.9991E-05 0.901419 0.0984812
0.0675549 0.639051 0.293394
0.0486975 0.659273 0.29203
0.0176165 0.190044 0.792339
0.0396604 0.352381 0.607959
0.0906446 0.105486 0.80387
9.9991E-05 0.397315 0.602585
9.9991E-05 0.304126 0.695774
9.9991E-05 0.398129 0.601771
0.0550234 0.116199 0.828778
9.9991E-05 0.492697 0.507203
0.0410828 0.440852 0.518065
0.0602008 0.939699 9.9991E-05
0.0325252 0.967375 9.9991E-05
0.097474 0.761607 0.140919
0.0717225 0.882636 0.0456411
0.0801095 0.913223 0.0066673
0.0582181 0.941682 9.9991E-05
0.0847619 0.915138 9.9991E-05
0.0067324 0.993168 9.9991E-05
0.00803884 0.991861 9.9991E-05
0.0419741 0.957926 9.9991E-05
0.0641603 0.93574 9.9991E-05
0.101812 0.898088 9.9991E-05
0.129849 0.862488 0.00766276
0.0732148 0.926685 9.9991E-05
0.0864918 0.632481 0.281027
0.117891 0.852899 0.0292096
0.0904923 0.909408 9.9991E-05
0.0822139 0.917686 9.9991E-05
0.0474456 0.952454 9.9991E-05
0.0803394 0.919561 9.9991E-05
0.0603796 0.93952 9.9991E-05
0.100054 0.770803 0.129142
0.0918297 0.90807 9.9991E-05
0.494294 0.0175351 0.48817
0.255465 0.280916 0.463619
0.235292 0.376767 0.38794
0.337727 0.236889 0.425384
0.132823 0.431873 0.435304
0.341247 0.198459 0.460294
0.221028 0.368043 0.410929
0.22625 0.363693 0.410058
0.126293 0.48309 0.390617
0.180566 0.439644 0.37979
0.132281 0.374529 0.49319
0.861814 0.070743 0.0674428
0.912436 0.0874635 9.9991E-05
0.973718 0.0261819 9.9991E-05
0.934422 0.0654781 9.9991E-05
0.931651 0.0682492 9.9991E-05
0.888611 0.111289 9.9991E-05
0.868288 0.131612 9.9991E-05
0.885466 0.0898509 0.024683
0.910695 0.0892045 9.9991E-05
0.878883 0.121017 9.9991E-05
0.700691 9.9991E-05 0.299209
0.689994 9.9991E-05 0.309906
0.686987 9.9991E-05 0.312913
0.604006 9.9991E-05 0.395894
9.9991E-05 0.289738 0.710162
9.9991E-05 0.305574 0.694326
0.00564035 0.381636 0.612724
0.0423511 0.236815 0.720834
0.0940665 0.0587776 0.847156
9.9991E-05 0.404556 0.595344
9.9991E-05 0.358958 0.640942
9.9991E-05 0.281792 0.718108
9.9991E-05 0.216058 0.783842
9.9991E-05 0.400067 0.599833
9.9991E-05 0.222371 0.777529
0.0309075 9.9991E-05 0.968992
0.0425383 0.397709 0.559753
0.00736148 0.195182 0.797456
9.9991E-05 0.320012 0.679888
0.0988879 0.0051421 0.89597
0.328556 9.9991E-05 0.671344
0.258872 9.9991E-05 0.741028
0.236325 9.9991E-05 0.763575
0.295453 9.9991E-05 0.704447
0.241919 9.9991E-05 0.757981
0.275645 0.0124213 0.711933
0.832441 0.167459 9.9991E-05
0.838923 0.160977 9.9991E-05
0.768313 0.231587 9.9991E-05
0.763347 0.236553 9.9991E-05
0.804774 0.195126 9.9991E-05
0.555265 9.9991E-05 0.444635
0.60962 9.9991E-05 0.39028
0.567408 9.9991E-05 0.432492
0.823073 0.176827 9.9991E-05
0.541392 9.9991E-05 0.458508
0.282249 0.581221 0.13653
0.0872249 0.659758 0.253017
0.167662 0.726932 0.105406
0.206361 0.49544 0.2982
0.112152 0.47589 0.411959
0.56216 0.393929 0.0439108
0.0392162 0.206961 0.753823
0.0545994 0.180824 0.764576
0.203853 0.0715304 0.724617
0.000703502 0.254151 0.745145
0.0720169 9.9991E-05 0.927883
0.0635204 0.385886 0.550594
0.039043 0.314488 0.646469
0.0922095 0.140266 0.767524
0.0512851 0.367162 0.581553
0.0873565 9.9991E-05 0.912544
9.9991E-05 0.278182 0.721718
9.9991E-05 0.311915 0.687985
0.140159 0.480036 0.379805
9.9991E-05 0.185876 0.814024
0.0458914 0.296795 0.657314
9.9991E-05 0.3584 0.6415
0.0528619 0.305902 0.641236
9.9991E-05 0.42555 0.57435
0.0704485 0.389083 0.540469
9.9991E-05 0.385088 0.614812
0.758473 0.241427 9.9991E-05
0.810614 0.151407 0.0379791
0.794289 0.121587 0.0841241
0.84493 0.110498 0.0445717
0.816666 0.183177 0.000157655
0.138854 0.0919325 0.769214
0.058714 0.407317 0.533969
0.19586 0.414936 0.389204
9.9991E-05 0.504116 0.495784
0.0150346 0.314116 0.670849
0.157572 0.181983 0.660446
0.314781 9.9991E-05 0.685119
9.9991E-05 0.370658 0.629242
0.204439 0.0637454 0.731815
0.081253 0.30228 0.616467
0.284856 0.021156 0.693988
0.0524143 0.451191 0.496395
0.189712 0.0856592 0.724629
0.13952 0.238958 0.621522
0.0621774 0.365824 0.571998
0.061794 0.183675 0.754531
0.0528392 0.310464 0.636696
0.0881835 0.407861 0.503956
0.0516106 0.152529 0.795861
0.0604783 0.404105 0.535416
9.9991E-05 0.315455 0.684445
0.0697075 0.0111444 0.919148
0.0666839 0.105366 0.82795
0.063602 0.250145 0.686253
0.128128 9.9991E-05 0.871772
0.0260662 0.279155 0.694779
0.176689 0.0463136 0.776997
9.9991E-05 0.127387 0.872513
0.0719517 0.267454 0.660594
0.03857 0.401144 0.560286
0.042418 0.135201 0.822381
0.12152 0.380193 0.498288
0.038288 0.432154 0.529558
9.9991E-05 0.396849 0.603051
9.9991E-05 0.339824 0.660076
0.0910966 0.28037 0.628534
0.0915017 0.149333 0.759165
0.0907489 0.257123 0.652128
9.9991E-05 0.390051 0.609849
0.0198683 0.439737 0.540395
0.129311 0.272444 0.598246
9.9991E-05 0.391688 0.608212
0.141237 0.252139 0.606623
9.9991E-05 0.408668 0.591232
9.9991E-05 0.395688 0.604212
0.0726906 0.399415 0.527895
0.324558 0.477055 0.198386
0.0598404 0.610819 0.329341
0.13014 0.532365 0.337496
0.0585191 0.484661 0.45682
0.103645 0.55785 0.338504
9.9991E-05 0.286832 0.713068
0.158491 0.428916 0.412594
0.378925 0.153754 0.467321
0.0880914 0.506567 0.405342
0.114234 0.572527 0.313239
0.0412463 0.545227 0.413526
0.17499 0.356752 0.468258
0.157821 0.554608 0.287572
0.103949 0.578174 0.317877
0.62755 0.19602 0.17643
0.168362 0.62083 0.210808
0.083076 0.576548 0.340376
0.0656338 0.521612 0.412755
0.114742 0.620289 0.26497
0.122141 0.517499 0.360359
0.0462236 0.354645 0.599132
0.127205 0.317983 0.554811
0.0348025 9.9991E-05 0.965098
0.0859811 9.9991E-05 0.913919
0.0596838 0.42444 0.515876
0.13864 0.595086 0.266274
0.124434 0.568947 0.306618
0.28178 0.440641 0.277579
0.179825 0.552344 0.267831
0.157912 0.157035 0.685053
0.183576 0.258696 0.557728
9.9991E-05 0.419291 0.580609
0.0388568 0.416109 0.545034
0.117809 0.249979 0.632212
0.0577935 0.438188 0.504019
9.9991E-05 0.432751 0.567149
0.0998398 0.433552 0.466608
0.0180279 0.181013 0.800959
0.0281266 0.237956 0.733917
0.0504345 0.344461 0.605104
0.0509211 0.280581 0.668498
0.0396908 0.353454 0.606856
9.9991E-05 0.317221 0.682679
0.012364 0.126154 0.861482
9.9991E-05 0.397004 0.602896
0.0387834 0.120412 0.840805
0.00996349 0.280974 0.709063
0.0474004 0.424645 0.527954
9.9991E-05 0.302564 0.697336
0.153091 0.522009 0.3249
0.0653083 0.443082 0.491609
0.211305 0.512787 0.275908
0.214122 0.415619 0.370259
0.181192 0.489904 0.328904
0.133652 0.477361 0.388987
0.351925 0.134613 0.513462
0.0370801 0.597001 0.365919
0.527539 0.151431 0.32103
0.036317 0.534807 0.428876
0.00840083 0.0727642 0.918835
0.0939717 9.9991E-05 0.905928
9.9991E-05 0.29948 0.70042
9.9991E-05 0.41149 0.58841
9.9991E-05 0.197624 0.802276
9.9991E-05 0.326727 0.673173
9.9991E-05 0.345463 0.654437
0.826265 0.143531 0.0302045
0.799603 0.116462 0.0839353
0.899408 0.100492 9.9991E-05
0.921898 0.0780016 9.9991E-05
9.9991E-05 0.360506 0.639394
0.0231634 0.32889 0.647946
9.9991E-05 0.268802 0.731098
0.047855 0.391327 0.560818
0.0220837 0.328912 0.649005
0.0320078 0.129628 0.838364
9.9991E-05 0.348773 0.651127
9.9991E-05 0.217674 0.782226
0.20146 0.546074 0.252466
9.9991E-05 0.296151 0.703749
9.9991E-05 0.186355 0.813545
9.9991E-05 0.30527 0.69463
9.9991E-05 0.27657 0.72333
9.9991E-05 0.342863 0.657037
9.9991E-05 0.417123 0.582777
9.9991E-05 0.00358163 0.996318
9.9991E-05 0.163194 0.836706
9.9991E-05 0.152714 0.847186
0.0041123 9.9991E-05 0.995788
9.9991E-05 0.309045 0.690855
0.0757275 0.0310543 0.893218
0.0713802 9.9991E-05 0.92852
9.9991E-05 0.419251 0.580649
0.0174163 0.117554 0.865029
0.0173906 0.31927 0.663339
0.0346646 0.491537 0.473798
9.9991E-05 0.316146 0.683754
9.9991E-05 0.264812 0.735088
9.9991E-05 0.348358 0.651542
0.015744 0.294164 0.690092
9.9991E-05 0.155334 0.844566
0.0190838 0.383817 0.597099
0.749943 0.0101742 0.239883
0.807841 0.0516319 0.140527
0.920605 9.9991E-05 0.0792945
0.889815 9.9991E-05 0.110085
0.799262 0.0268631 0.173875
0.0927001 0.0788492 0.828451
0.0860738 0.0426494 0.871277
9.9991E-05 0.0960727 0.903827
0.0779749 0.401617 0.520409
0.0741108 0.372238 0.553651
0.0246052 0.204086 0.771308
9.9991E-05 0.410188 0.589712
0.0177952 0.307721 0.674484
9.9991E-05 0.376868 0.623032
9.9991E-05 0.398209 0.601691
9.9991E-05 0.155509 0.844391
9.9991E-05 0.251902 0.747998
9.9991E-05 0.202835 0.797065
0.0460281 0.481993 0.471978
9.9991E-05 0.214335 0.785565
0.0070974 0.308724 0.684179
0.0371261 0.716448 0.246426
0.101198 0.705878 0.192925
0.0926887 0.743789 0.163523
0.169045 0.733817 0.0971373
0.0996546 0.663977 0.236368
9.9991E-05 0.359591 0.640309
0.295937 0.703963 9.9991E-05
0.246567 0.733663 0.0197695
0.0971357 0.520353 0.382512
0.110706 0.369478 0.519816
0.162115 0.302687 0.535199
0.0773348 0.443169 0.479496
0.0514514 0.424509 0.524039
0.197085 0.764532 0.0383829
0.082919 0.638832 0.278249
0.0851391 0.838685 0.0761761
0.145666 0.556553 0.29778
0.166738 0.75865 0.0746122
0.0828348 0.66273 0.254435
0.177876 0.79769 0.0244333
0.0839482 0.696611 0.219441
0.0682986 0.31623 0.615471
0.173865 0.569752 0.256383
0.256178 0.743722 9.9991E-05
0.0956012 0.616839 0.28756
0.273811 0.0895715 0.636618
9.9991E-05 0.504364 0.495536
0.207887 0.580905 0.211207
0.0875511 0.407827 0.504622
0.135402 0.360447 0.50415
0.177507 0.473558 0.348935
0.242047 0.548657 0.209296
0.0777739 0.508398 0.413828
0.17598 0.62039 0.203629
0.174735 0.705828 0.119437
0.253936 0.745964 9.9991E-05
0.00952449 0.433231 0.557244
0.178641 0.227485 0.593874
0.249152 0.114541 0.636308
0.0468761 0.50622 0.446904
0.145223 0.275794 0.578983
0.20775 0.502536 0.289714
0.173488 0.337297 0.489215
0.498583 0.190666 0.31075
0.506687 0.13655 0.356763
0.234265 0.251176 0.514559
0.461544 0.279413 0.259043
0.584094 0.29215 0.123755
0.191334 0.344825 0.463841
0.211639 0.385003 0.403359
0.382012 0.284607 0.333381
0.386986 0.247033 0.36598
0.152789 0.450056 0.397154
0.28415 0.244131 0.47172
0.633756 0.100693 0.265551
0.144581 0.514356 0.341062
0.177794 0.486803 0.335403
0.249317 0.497843 0.252841
0.15823 0.668637 0.173133
0.132501 0.534242 0.333257
0.0866104 0.617379 0.29601
0.418879 0.458381 0.12274
0.16063 0.581985 0.257385
0.192176 0.557195 0.25063
0.247835 0.533391 0.218774
0.174044 0.297923 0.528033
0.122863 0.407939 0.469199
0.170283 0.473284 0.356434
0.137218 0.456805 0.405977
0.305617 0.534349 0.160035
0.228614 0.471087 0.300299
0.408 0.415248 0.176752
0.0858255 0.581577 0.332597
0.306374 0.490249 0.203377
0.836155 0.0571401 0.106705
0.210376 0.0212917 0.768332
0.25854 9.9991E-05 0.74136
0.23818 9.9991E-05 0.76172
0.20101 9.9991E-05 0.79889
0.293833 9.9991E-05 0.706067
0.229326 9.9991E-05 0.770574
0.288089 9.9991E-05 0.711811
0.401381 9.9991E-05 0.598519
0.919617 0.0802832 9.9991E-05
0.837239 0.112477 0.050284
0.884668 0.115232 9.9991E-05
0.88908 0.0288156 0.0821047
0.900772 0.0991278 9.9991E-05
0.899906 0.0999942 9.9991E-05
0.760229 0.215294 0.0244765
0.86401 0.134785 0.00120513
0.793055 0.114993 0.0919515
0.893319 0.106581 9.9991E-05
0.97296 0.0269401 9.9991E-05
0.831486 0.120613 0.0479007
0.924795 0.0751047 9.9991E-05
0.871154 0.128746 9.9991E-05
0.849723 0.150177 9.9991E-05
0.801085 0.198815 9.9991E-05
0.736633 0.263267 9.9991E-05
0.731486 0.268414 9.9991E-05
0.791244 0.208656 9.9991E-05
0.200587 0.297778 0.501635
0.0402116 0.400305 0.559483
0.119169 0.397668 0.483163
0.176229 0.0594091 0.764362
0.0821793 0.363124 0.554697
0.284683 0.0553638 0.659953
0.0226907 0.513281 0.464028
0.078952 0.220056 0.700992
0.0723808 0.276662 0.650957
9.9991E-05 0.358705 0.641195
0.0797766 0.317718 0.602505
0.0109454 0.407659 0.581396
0.0623954 0.403661 0.533944
0.118477 0.0195932 0.86193
0.189126 9.9991E-05 0.810774
0.205991 0.0585725 0.735437
0.0511717 0.512658 0.436171
0.116004 0.386622 0.497374
0.123771 0.35506 0.521169
0.00229592 0.519312 0.478392
0.181555 0.527185 0.29126
0.132767 0.528057 0.339175
0.433535 0.265488 0.300977
0.0809025 0.369729 0.549369
0.171403 0.4345 0.394097
0.576022 0.184016 0.239961
0.332882 0.464315 0.202803
0.376591 0.370349 0.25306
0.291909 0.374163 0.333929
0.160187 0.508598 0.331215
0.161386 0.480997 0.357617
0.102041 0.524658 0.373301
0.1809 0.433147 0.385953
0.451458 0.378321 0.170221
